transactionId,userId,merchantId,amount,currency,timestamp,deviceId,ipAddress,location,paymentMethodRef,accountAgeDays,velocity1h,failedTxCount24h,sharedDeviceAccountCount,sharedIpAccountCount,isFraud,fraudScenario
tx_legit_001142,usr_norm_0388,merch_razorpay_019,883.15,INR,2026-08-01T00:05:58+00:00,dev_fingerprint_1426,192.168.28.200,"Chennai, IN",pm_tok_synthetic_01672,182,2,0,1,2,0,NONE
tx_legit_001172,usr_norm_0692,merch_razorpay_011,555.95,INR,2026-08-01T00:09:17+00:00,dev_fingerprint_1097,192.168.138.176,"Mumbai, IN",pm_tok_synthetic_00850,492,1,0,1,2,0,NONE
tx_legit_006450,usr_norm_1830,merch_razorpay_033,512.23,INR,2026-08-01T00:10:04+00:00,dev_fingerprint_1195,192.168.246.196,"Pune, IN",pm_tok_synthetic_01863,504,1,0,1,2,0,NONE
tx_legit_006878,usr_norm_0424,merch_razorpay_049,533.55,INR,2026-08-01T00:10:34+00:00,dev_fingerprint_0152,192.168.36.12,"Delhi, IN",pm_tok_synthetic_00198,812,1,0,1,1,0,NONE
tx_legit_005653,usr_norm_0035,merch_razorpay_012,1375.69,INR,2026-08-01T00:11:44+00:00,dev_fingerprint_1150,192.168.152.69,"Hyderabad, IN",pm_tok_synthetic_01350,716,1,2,1,1,0,NONE
tx_legit_001088,usr_norm_0027,merch_razorpay_044,193.13,INR,2026-08-01T00:17:14+00:00,dev_fingerprint_0440,192.168.229.114,"Ahmedabad, IN",pm_tok_synthetic_01849,263,1,0,1,2,0,NONE
tx_legit_000351,usr_norm_0428,merch_razorpay_039,217.77,INR,2026-08-01T00:17:15+00:00,dev_fingerprint_0933,192.168.33.50,"Delhi, IN",pm_tok_synthetic_00374,662,1,0,1,1,0,NONE
tx_legit_001813,usr_norm_0453,merch_razorpay_026,506.45,INR,2026-08-01T00:22:37+00:00,dev_fingerprint_0612,192.168.55.139,"Kolkata, IN",pm_tok_synthetic_02309,276,2,0,1,2,0,NONE
tx_legit_002753,usr_norm_0026,merch_razorpay_030,2026.46,INR,2026-08-01T00:29:06+00:00,dev_fingerprint_1437,192.168.51.40,"Bengaluru, IN",pm_tok_synthetic_02258,768,1,0,1,2,0,NONE
tx_legit_002725,usr_norm_1225,merch_razorpay_035,534.18,INR,2026-08-01T00:29:40+00:00,dev_fingerprint_0374,192.168.99.49,"Pune, IN",pm_tok_synthetic_02093,316,2,0,1,1,0,NONE
tx_legit_007019,usr_norm_0448,merch_razorpay_044,93.65,INR,2026-08-01T00:32:00+00:00,dev_fingerprint_0555,10.0.253.82,"Mumbai, IN",pm_tok_synthetic_00304,730,1,0,1,3,0,NONE
tx_legit_003469,usr_norm_1113,merch_razorpay_001,428.16,INR,2026-08-01T00:37:07+00:00,dev_fingerprint_0739,192.168.55.131,"Kolkata, IN",pm_tok_synthetic_01923,495,1,0,1,1,0,NONE
tx_legit_005147,usr_norm_0796,merch_razorpay_003,600.96,INR,2026-08-01T00:41:03+00:00,dev_fingerprint_0792,192.168.137.98,"Mumbai, IN",pm_tok_synthetic_02140,458,2,0,1,1,0,NONE
tx_legit_007387,usr_norm_0082,merch_razorpay_005,529.95,INR,2026-08-01T00:46:52+00:00,dev_fingerprint_0210,192.168.167.96,"Pune, IN",pm_tok_synthetic_01048,232,1,0,1,1,0,NONE
tx_legit_002852,usr_norm_0751,merch_razorpay_024,619.95,INR,2026-08-01T00:47:14+00:00,dev_fingerprint_1694,10.0.11.143,"Delhi, IN",pm_tok_synthetic_00718,417,1,0,1,2,0,NONE
tx_legit_000433,usr_norm_0859,merch_razorpay_034,162.94,INR,2026-08-01T00:50:26+00:00,dev_fingerprint_1557,10.0.119.252,"Ahmedabad, IN",pm_tok_synthetic_01223,222,1,0,2,1,0,NONE
tx_legit_001583,usr_norm_1720,merch_razorpay_004,342.75,INR,2026-08-01T00:54:14+00:00,dev_fingerprint_0331,192.168.124.89,"Pune, IN",pm_tok_synthetic_00303,313,1,1,1,1,0,NONE
tx_legit_005536,usr_norm_1778,merch_razorpay_030,526.92,INR,2026-08-01T00:56:49+00:00,dev_fingerprint_1543,192.168.200.210,"Hyderabad, IN",pm_tok_synthetic_01844,451,1,0,1,1,0,NONE
tx_legit_006123,usr_norm_0144,merch_razorpay_021,429.78,INR,2026-08-01T01:04:24+00:00,dev_fingerprint_0767,192.168.153.18,"Pune, IN",pm_tok_synthetic_00115,356,1,0,1,3,0,NONE
tx_legit_006079,usr_norm_1327,merch_razorpay_017,1539.37,INR,2026-08-01T01:09:04+00:00,dev_fingerprint_0342,192.168.98.99,"Mumbai, IN",pm_tok_synthetic_01130,628,1,0,1,3,0,NONE
tx_legit_007923,usr_norm_1257,merch_razorpay_043,1433.11,INR,2026-08-01T01:14:53+00:00,dev_fingerprint_1045,192.168.145.170,"Mumbai, IN",pm_tok_synthetic_01830,110,2,1,1,1,0,NONE
tx_legit_006084,usr_norm_0401,merch_razorpay_040,587.07,INR,2026-08-01T01:21:47+00:00,dev_fingerprint_1375,192.168.199.124,"Bengaluru, IN",pm_tok_synthetic_00888,520,1,0,2,1,0,NONE
tx_legit_003506,usr_norm_0856,merch_razorpay_041,84.06,INR,2026-08-01T01:25:29+00:00,dev_fingerprint_0578,192.168.221.11,"Hyderabad, IN",pm_tok_synthetic_00442,523,1,2,2,1,0,NONE
tx_legit_004126,usr_norm_0221,merch_razorpay_007,240.92,INR,2026-08-01T01:26:04+00:00,dev_fingerprint_1129,192.168.145.243,"Kolkata, IN",pm_tok_synthetic_02407,216,3,1,1,3,0,NONE
tx_legit_001688,usr_norm_0279,merch_razorpay_004,293.39,INR,2026-08-01T01:31:33+00:00,dev_fingerprint_0971,10.0.229.103,"Kolkata, IN",pm_tok_synthetic_02369,621,1,0,1,1,0,NONE
tx_legit_005144,usr_norm_1731,merch_razorpay_041,574.15,INR,2026-08-01T01:44:05+00:00,dev_fingerprint_1361,192.168.231.246,"Pune, IN",pm_tok_synthetic_01091,185,2,0,2,1,0,NONE
tx_legit_000373,usr_norm_1987,merch_razorpay_049,388.36,INR,2026-08-01T01:51:15+00:00,dev_fingerprint_0215,192.168.86.24,"Hyderabad, IN",pm_tok_synthetic_01794,565,1,0,2,2,0,NONE
tx_legit_003637,usr_norm_0302,merch_razorpay_040,500.58,INR,2026-08-01T01:54:57+00:00,dev_fingerprint_1343,192.168.157.252,"Hyderabad, IN",pm_tok_synthetic_01962,249,1,0,1,2,0,NONE
tx_legit_002581,usr_norm_0728,merch_razorpay_049,261.01,INR,2026-08-01T02:03:22+00:00,dev_fingerprint_0326,10.0.121.249,"Delhi, IN",pm_tok_synthetic_01015,702,1,0,1,1,0,NONE
tx_legit_006184,usr_norm_1776,merch_razorpay_035,114.44,INR,2026-08-01T02:09:32+00:00,dev_fingerprint_0852,192.168.154.11,"Chennai, IN",pm_tok_synthetic_01949,738,1,0,1,1,0,NONE
tx_legit_004933,usr_norm_0752,merch_razorpay_035,781.92,INR,2026-08-01T02:11:54+00:00,dev_fingerprint_0628,192.168.14.49,"Pune, IN",pm_tok_synthetic_01206,160,1,0,1,2,0,NONE
tx_legit_008229,usr_norm_0456,merch_razorpay_024,383.97,INR,2026-08-01T02:14:58+00:00,dev_fingerprint_0286,192.168.106.12,"Kolkata, IN",pm_tok_synthetic_00321,542,1,0,1,1,0,NONE
tx_legit_003581,usr_norm_1512,merch_razorpay_010,128.43,INR,2026-08-01T02:15:25+00:00,dev_fingerprint_0630,192.168.222.42,"Chennai, IN",pm_tok_synthetic_01827,325,3,0,1,1,0,NONE
tx_legit_000535,usr_norm_1964,merch_razorpay_030,276.75,INR,2026-08-01T02:16:12+00:00,dev_fingerprint_0298,192.168.223.98,"Hyderabad, IN",pm_tok_synthetic_01136,623,4,0,1,3,0,NONE
tx_legit_001114,usr_norm_0920,merch_razorpay_039,976.72,INR,2026-08-01T02:19:14+00:00,dev_fingerprint_0328,192.168.181.18,"Pune, IN",pm_tok_synthetic_02245,538,1,2,1,4,0,NONE
tx_legit_008597,usr_norm_0883,merch_razorpay_027,306.27,INR,2026-08-01T02:22:59+00:00,dev_fingerprint_0369,192.168.222.39,"Chennai, IN",pm_tok_synthetic_00364,529,1,0,1,1,0,NONE
tx_legit_005780,usr_norm_1299,merch_razorpay_034,149.78,INR,2026-08-01T02:27:10+00:00,dev_fingerprint_1534,192.168.226.179,"Ahmedabad, IN",pm_tok_synthetic_02178,858,1,0,1,3,0,NONE
tx_legit_004479,usr_norm_1787,merch_razorpay_008,298.71,INR,2026-08-01T02:32:33+00:00,dev_fingerprint_0108,192.168.24.238,"Delhi, IN",pm_tok_synthetic_00461,845,3,0,1,3,0,NONE
tx_legit_001545,usr_norm_1263,merch_razorpay_001,338.72,INR,2026-08-01T02:41:12+00:00,dev_fingerprint_0467,192.168.189.237,"Kolkata, IN",pm_tok_synthetic_01297,698,1,0,1,1,0,NONE
tx_legit_006005,usr_norm_1414,merch_razorpay_035,292.87,INR,2026-08-01T02:43:19+00:00,dev_fingerprint_0174,10.0.213.166,"Chennai, IN",pm_tok_synthetic_02055,474,1,0,1,2,0,NONE
tx_legit_009156,usr_norm_1362,merch_razorpay_049,585.88,INR,2026-08-01T02:46:13+00:00,dev_fingerprint_1470,10.0.229.142,"Delhi, IN",pm_tok_synthetic_00053,243,1,0,1,1,0,NONE
tx_legit_007023,usr_norm_1801,merch_razorpay_019,104.31,INR,2026-08-01T02:53:43+00:00,dev_fingerprint_0769,192.168.215.36,"Chennai, IN",pm_tok_synthetic_00903,105,1,0,1,2,0,NONE
tx_legit_007374,usr_norm_1753,merch_razorpay_018,988.93,INR,2026-08-01T02:56:42+00:00,dev_fingerprint_0433,192.168.4.185,"Delhi, IN",pm_tok_synthetic_02142,499,1,0,1,1,0,NONE
tx_legit_008293,usr_norm_1396,merch_razorpay_044,342.07,INR,2026-08-01T03:01:50+00:00,dev_fingerprint_0988,192.168.120.222,"Kolkata, IN",pm_tok_synthetic_01999,875,1,0,1,1,0,NONE
tx_legit_006689,usr_norm_1093,merch_razorpay_015,330.72,INR,2026-08-01T03:12:01+00:00,dev_fingerprint_0359,10.0.103.142,"Bengaluru, IN",pm_tok_synthetic_02484,113,1,0,1,3,0,NONE
tx_legit_005046,usr_norm_1358,merch_razorpay_006,535.38,INR,2026-08-01T03:12:46+00:00,dev_fingerprint_0219,192.168.7.233,"Bengaluru, IN",pm_tok_synthetic_00784,131,1,0,2,5,0,NONE
tx_legit_001691,usr_norm_0173,merch_razorpay_043,567.47,INR,2026-08-01T03:13:09+00:00,dev_fingerprint_0408,192.168.163.49,"Chennai, IN",pm_tok_synthetic_00171,353,3,0,1,1,0,NONE
tx_legit_000209,usr_norm_1189,merch_razorpay_047,677.82,INR,2026-08-01T03:20:21+00:00,dev_fingerprint_0347,192.168.151.170,"Hyderabad, IN",pm_tok_synthetic_00147,398,1,0,1,1,0,NONE
tx_legit_008075,usr_norm_0762,merch_razorpay_030,1251.05,INR,2026-08-01T03:23:10+00:00,dev_fingerprint_1419,192.168.69.17,"Chennai, IN",pm_tok_synthetic_01435,292,1,0,1,2,0,NONE
tx_legit_007450,usr_norm_0535,merch_razorpay_022,674.67,INR,2026-08-01T03:26:20+00:00,dev_fingerprint_1986,192.168.247.10,"Kolkata, IN",pm_tok_synthetic_02199,221,1,0,1,1,0,NONE
tx_legit_003441,usr_norm_1115,merch_razorpay_047,275.11,INR,2026-08-01T03:31:55+00:00,dev_fingerprint_1688,192.168.252.176,"Pune, IN",pm_tok_synthetic_02135,678,1,0,1,1,0,NONE
tx_legit_002873,usr_norm_0964,merch_razorpay_029,497.32,INR,2026-08-01T03:32:50+00:00,dev_fingerprint_0844,192.168.213.161,"Ahmedabad, IN",pm_tok_synthetic_02282,592,1,0,1,1,0,NONE
tx_legit_008837,usr_norm_1657,merch_razorpay_029,217.24,INR,2026-08-01T03:33:19+00:00,dev_fingerprint_0727,192.168.61.104,"Hyderabad, IN",pm_tok_synthetic_00761,464,1,0,1,3,0,NONE
tx_legit_008829,usr_norm_1969,merch_razorpay_030,232.39,INR,2026-08-01T03:49:31+00:00,dev_fingerprint_0444,192.168.105.86,"Mumbai, IN",pm_tok_synthetic_00784,318,2,2,1,2,0,NONE
tx_legit_007943,usr_norm_0027,merch_razorpay_008,638.66,INR,2026-08-01T03:59:30+00:00,dev_fingerprint_0440,192.168.229.114,"Chennai, IN",pm_tok_synthetic_01849,263,1,0,1,1,0,NONE
tx_legit_007631,usr_norm_1696,merch_razorpay_031,323.66,INR,2026-08-01T04:03:34+00:00,dev_fingerprint_0024,192.168.227.177,"Ahmedabad, IN",pm_tok_synthetic_01838,421,1,0,1,1,0,NONE
tx_legit_001782,usr_norm_1583,merch_razorpay_037,490.53,INR,2026-08-01T04:04:08+00:00,dev_fingerprint_0956,192.168.185.197,"Chennai, IN",pm_tok_synthetic_00188,135,2,0,1,1,0,NONE
tx_legit_006219,usr_norm_1872,merch_razorpay_014,204.84,INR,2026-08-01T04:10:06+00:00,dev_fingerprint_1096,192.168.110.144,"Bengaluru, IN",pm_tok_synthetic_00746,209,2,0,1,1,0,NONE
tx_legit_008117,usr_norm_1090,merch_razorpay_049,2270.5,INR,2026-08-01T04:10:25+00:00,dev_fingerprint_0736,192.168.33.33,"Ahmedabad, IN",pm_tok_synthetic_01358,521,1,0,1,1,0,NONE
tx_legit_001553,usr_norm_0998,merch_razorpay_001,1104.73,INR,2026-08-01T04:13:30+00:00,dev_fingerprint_0707,192.168.248.217,"Delhi, IN",pm_tok_synthetic_00543,757,1,0,1,1,0,NONE
tx_legit_003773,usr_norm_0356,merch_razorpay_016,1393.33,INR,2026-08-01T04:16:13+00:00,dev_fingerprint_0044,192.168.86.24,"Mumbai, IN",pm_tok_synthetic_01042,866,1,1,1,1,0,NONE
tx_legit_004691,usr_norm_1393,merch_razorpay_022,1254.27,INR,2026-08-01T04:20:28+00:00,dev_fingerprint_1820,10.0.106.208,"Hyderabad, IN",pm_tok_synthetic_01230,124,1,0,1,1,0,NONE
tx_legit_004805,usr_norm_0961,merch_razorpay_008,815.89,INR,2026-08-01T04:21:39+00:00,dev_fingerprint_0180,192.168.174.140,"Bengaluru, IN",pm_tok_synthetic_02041,487,1,0,1,2,0,NONE
tx_legit_004106,usr_norm_1551,merch_razorpay_002,372.45,INR,2026-08-01T04:23:59+00:00,dev_fingerprint_0138,192.168.239.61,"Mumbai, IN",pm_tok_synthetic_01171,548,3,0,1,1,0,NONE
tx_legit_007648,usr_norm_1100,merch_razorpay_023,318.57,INR,2026-08-01T04:44:03+00:00,dev_fingerprint_0533,192.168.170.95,"Chennai, IN",pm_tok_synthetic_02210,513,1,0,1,3,0,NONE
tx_legit_002546,usr_norm_0492,merch_razorpay_048,162.89,INR,2026-08-01T04:44:19+00:00,dev_fingerprint_0815,192.168.252.176,"Hyderabad, IN",pm_tok_synthetic_01307,328,2,0,1,2,0,NONE
tx_legit_006887,usr_norm_1170,merch_razorpay_021,727.1,INR,2026-08-01T04:50:53+00:00,dev_fingerprint_1145,192.168.134.248,"Kolkata, IN",pm_tok_synthetic_01981,289,1,0,1,2,0,NONE
tx_legit_002569,usr_norm_0111,merch_razorpay_008,610.73,INR,2026-08-01T04:56:58+00:00,dev_fingerprint_0289,10.0.223.69,"Ahmedabad, IN",pm_tok_synthetic_01432,347,2,0,1,1,0,NONE
tx_legit_008133,usr_norm_1178,merch_razorpay_026,601.57,INR,2026-08-01T04:56:59+00:00,dev_fingerprint_1814,192.168.56.114,"Mumbai, IN",pm_tok_synthetic_00021,853,1,0,1,3,0,NONE
tx_legit_000842,usr_norm_1325,merch_razorpay_022,662.8,INR,2026-08-01T04:58:54+00:00,dev_fingerprint_0446,192.168.71.49,"Bengaluru, IN",pm_tok_synthetic_00462,271,1,0,1,2,0,NONE
tx_legit_008395,usr_norm_0800,merch_razorpay_000,262.4,INR,2026-08-01T05:00:34+00:00,dev_fingerprint_1169,192.168.192.107,"Chennai, IN",pm_tok_synthetic_02116,849,1,0,1,2,0,NONE
tx_legit_008887,usr_norm_1476,merch_razorpay_031,414.68,INR,2026-08-01T05:02:31+00:00,dev_fingerprint_1028,192.168.223.98,"Chennai, IN",pm_tok_synthetic_02476,510,1,0,1,1,0,NONE
tx_legit_007318,usr_norm_1757,merch_razorpay_048,301.17,INR,2026-08-01T05:11:19+00:00,dev_fingerprint_1266,192.168.26.98,"Hyderabad, IN",pm_tok_synthetic_00994,748,1,0,1,1,0,NONE
tx_legit_007425,usr_norm_1897,merch_razorpay_029,223.0,INR,2026-08-01T05:14:26+00:00,dev_fingerprint_1365,192.168.172.51,"Delhi, IN",pm_tok_synthetic_01628,181,1,0,1,4,0,NONE
tx_legit_005276,usr_norm_1466,merch_razorpay_008,1173.07,INR,2026-08-01T05:15:55+00:00,dev_fingerprint_0138,192.168.158.207,"Ahmedabad, IN",pm_tok_synthetic_02183,766,1,0,1,3,0,NONE
tx_legit_003010,usr_norm_0774,merch_razorpay_022,849.97,INR,2026-08-01T05:16:41+00:00,dev_fingerprint_0988,192.168.69.148,"Bengaluru, IN",pm_tok_synthetic_00126,471,1,0,1,4,0,NONE
tx_legit_003547,usr_norm_0533,merch_razorpay_003,635.74,INR,2026-08-01T05:25:42+00:00,dev_fingerprint_1443,10.0.12.224,"Delhi, IN",pm_tok_synthetic_01431,315,2,0,1,1,0,NONE
tx_legit_005620,usr_norm_0824,merch_razorpay_008,720.97,INR,2026-08-01T05:32:20+00:00,dev_fingerprint_1006,192.168.41.19,"Pune, IN",pm_tok_synthetic_00565,263,2,0,1,3,0,NONE
tx_legit_001287,usr_norm_0369,merch_razorpay_011,281.39,INR,2026-08-01T05:33:16+00:00,dev_fingerprint_0948,10.0.3.137,"Hyderabad, IN",pm_tok_synthetic_02230,464,2,0,1,1,0,NONE
tx_legit_009047,usr_norm_1962,merch_razorpay_006,1185.88,INR,2026-08-01T05:33:53+00:00,dev_fingerprint_1203,192.168.192.107,"Hyderabad, IN",pm_tok_synthetic_00819,219,1,0,1,2,0,NONE
tx_legit_002277,usr_norm_0891,merch_razorpay_045,331.64,INR,2026-08-01T05:34:00+00:00,dev_fingerprint_1496,192.168.33.50,"Bengaluru, IN",pm_tok_synthetic_00057,359,1,0,1,1,0,NONE
tx_legit_001011,usr_norm_0037,merch_razorpay_047,429.39,INR,2026-08-01T05:37:35+00:00,dev_fingerprint_0866,192.168.28.61,"Kolkata, IN",pm_tok_synthetic_00210,324,1,0,1,1,0,NONE
tx_legit_002115,usr_norm_0745,merch_razorpay_025,667.16,INR,2026-08-01T05:40:29+00:00,dev_fingerprint_0765,192.168.69.148,"Hyderabad, IN",pm_tok_synthetic_01620,630,1,0,1,1,0,NONE
tx_legit_001292,usr_norm_1899,merch_razorpay_011,412.13,INR,2026-08-01T05:46:19+00:00,dev_fingerprint_0790,10.0.92.176,"Kolkata, IN",pm_tok_synthetic_00049,321,1,2,1,2,0,NONE
tx_legit_004956,usr_norm_1395,merch_razorpay_002,196.85,INR,2026-08-01T05:51:03+00:00,dev_fingerprint_0158,192.168.195.141,"Pune, IN",pm_tok_synthetic_01329,841,1,0,1,1,0,NONE
tx_legit_001890,usr_norm_1697,merch_razorpay_002,627.33,INR,2026-08-01T05:55:02+00:00,dev_fingerprint_1389,192.168.239.106,"Pune, IN",pm_tok_synthetic_02171,729,2,0,1,2,0,NONE
tx_legit_000062,usr_norm_0763,merch_razorpay_048,426.67,INR,2026-08-01T06:04:26+00:00,dev_fingerprint_0221,192.168.127.74,"Bengaluru, IN",pm_tok_synthetic_00005,79,1,2,1,4,0,NONE
tx_legit_003058,usr_norm_0950,merch_razorpay_017,214.55,INR,2026-08-01T06:06:41+00:00,dev_fingerprint_1071,192.168.120.177,"Pune, IN",pm_tok_synthetic_00390,473,1,0,3,1,0,NONE
tx_legit_002213,usr_norm_0069,merch_razorpay_038,249.58,INR,2026-08-01T06:34:05+00:00,dev_fingerprint_0038,192.168.108.100,"Hyderabad, IN",pm_tok_synthetic_00318,350,1,0,1,4,0,NONE
tx_legit_001190,usr_norm_0671,merch_razorpay_006,293.68,INR,2026-08-01T06:39:55+00:00,dev_fingerprint_1211,192.168.16.102,"Delhi, IN",pm_tok_synthetic_02020,821,1,0,1,1,0,NONE
tx_legit_003265,usr_norm_0014,merch_razorpay_040,496.87,INR,2026-08-01T06:43:06+00:00,dev_fingerprint_1215,192.168.196.46,"Ahmedabad, IN",pm_tok_synthetic_01851,545,1,0,1,1,0,NONE
tx_legit_002180,usr_norm_1447,merch_razorpay_025,717.21,INR,2026-08-01T06:52:47+00:00,dev_fingerprint_0937,192.168.212.188,"Chennai, IN",pm_tok_synthetic_00088,70,1,0,1,1,0,NONE
tx_legit_006101,usr_norm_1538,merch_razorpay_023,1853.45,INR,2026-08-01T07:01:40+00:00,dev_fingerprint_1447,192.168.20.242,"Delhi, IN",pm_tok_synthetic_01749,653,1,0,1,1,0,NONE
tx_legit_001651,usr_norm_0613,merch_razorpay_000,372.99,INR,2026-08-01T07:04:24+00:00,dev_fingerprint_1331,10.0.213.178,"Delhi, IN",pm_tok_synthetic_01802,389,1,0,1,2,0,NONE
tx_legit_008487,usr_norm_1597,merch_razorpay_033,422.86,INR,2026-08-01T07:21:26+00:00,dev_fingerprint_0964,192.168.34.202,"Bengaluru, IN",pm_tok_synthetic_00206,138,1,0,1,1,0,NONE
tx_legit_005364,usr_norm_0480,merch_razorpay_010,314.38,INR,2026-08-01T07:24:18+00:00,dev_fingerprint_0616,192.168.70.73,"Delhi, IN",pm_tok_synthetic_02019,179,1,0,1,1,0,NONE
tx_legit_001392,usr_norm_0550,merch_razorpay_034,268.6,INR,2026-08-01T07:28:46+00:00,dev_fingerprint_0383,10.0.8.204,"Pune, IN",pm_tok_synthetic_01847,664,1,0,1,2,0,NONE
tx_legit_000683,usr_norm_1740,merch_razorpay_001,476.57,INR,2026-08-01T07:35:18+00:00,dev_fingerprint_0941,192.168.214.124,"Delhi, IN",pm_tok_synthetic_01187,693,1,0,1,3,0,NONE
tx_legit_002454,usr_norm_1945,merch_razorpay_011,420.86,INR,2026-08-01T07:36:02+00:00,dev_fingerprint_1717,192.168.109.57,"Delhi, IN",pm_tok_synthetic_01886,108,1,0,1,1,0,NONE
tx_legit_007890,usr_norm_1808,merch_razorpay_042,800.58,INR,2026-08-01T07:39:48+00:00,dev_fingerprint_1164,192.168.164.177,"Hyderabad, IN",pm_tok_synthetic_01149,169,1,0,1,2,0,NONE
tx_legit_008662,usr_norm_0251,merch_razorpay_001,186.3,INR,2026-08-01T07:43:19+00:00,dev_fingerprint_1054,192.168.91.77,"Bengaluru, IN",pm_tok_synthetic_02042,345,2,0,3,1,0,NONE
tx_legit_007039,usr_norm_1491,merch_razorpay_033,173.84,INR,2026-08-01T07:44:50+00:00,dev_fingerprint_0793,192.168.243.56,"Ahmedabad, IN",pm_tok_synthetic_00201,224,1,0,1,1,0,NONE
tx_legit_002620,usr_norm_1326,merch_razorpay_044,661.25,INR,2026-08-01T07:52:44+00:00,dev_fingerprint_1296,192.168.213.233,"Pune, IN",pm_tok_synthetic_01329,45,1,0,1,1,0,NONE
tx_legit_003429,usr_norm_1924,merch_razorpay_005,462.33,INR,2026-08-01T07:53:01+00:00,dev_fingerprint_1540,10.0.23.99,"Ahmedabad, IN",pm_tok_synthetic_01949,740,1,0,1,3,0,NONE
tx_legit_006789,usr_norm_0356,merch_razorpay_012,709.56,INR,2026-08-01T07:59:48+00:00,dev_fingerprint_0044,192.168.86.24,"Bengaluru, IN",pm_tok_synthetic_01042,866,1,0,1,3,0,NONE
tx_legit_007215,usr_norm_1301,merch_razorpay_013,794.72,INR,2026-08-01T08:00:43+00:00,dev_fingerprint_0373,192.168.243.141,"Bengaluru, IN",pm_tok_synthetic_01186,143,1,0,1,1,0,NONE
tx_legit_000395,usr_norm_0227,merch_razorpay_010,147.05,INR,2026-08-01T08:01:10+00:00,dev_fingerprint_1128,192.168.232.233,"Hyderabad, IN",pm_tok_synthetic_00512,670,1,0,1,1,0,NONE
tx_legit_005512,usr_norm_1991,merch_razorpay_022,214.87,INR,2026-08-01T08:10:10+00:00,dev_fingerprint_0744,192.168.243.218,"Hyderabad, IN",pm_tok_synthetic_00815,376,1,0,2,2,0,NONE
tx_legit_000721,usr_norm_0447,merch_razorpay_006,323.69,INR,2026-08-01T08:15:13+00:00,dev_fingerprint_0470,192.168.76.56,"Delhi, IN",pm_tok_synthetic_02321,516,1,0,1,2,0,NONE
tx_legit_008367,usr_norm_0975,merch_razorpay_038,490.98,INR,2026-08-01T08:21:04+00:00,dev_fingerprint_1069,192.168.33.50,"Delhi, IN",pm_tok_synthetic_00435,76,1,0,1,1,0,NONE
tx_legit_007560,usr_norm_1763,merch_razorpay_041,631.61,INR,2026-08-01T08:24:34+00:00,dev_fingerprint_0415,192.168.171.136,"Hyderabad, IN",pm_tok_synthetic_01381,860,1,0,2,3,0,NONE
tx_legit_000175,usr_norm_1909,merch_razorpay_043,366.56,INR,2026-08-01T08:29:37+00:00,dev_fingerprint_0769,192.168.161.41,"Bengaluru, IN",pm_tok_synthetic_00027,449,1,0,1,1,0,NONE
tx_legit_005145,usr_norm_1801,merch_razorpay_020,2230.87,INR,2026-08-01T08:31:05+00:00,dev_fingerprint_0769,192.168.215.36,"Bengaluru, IN",pm_tok_synthetic_00903,105,2,0,1,4,0,NONE
tx_legit_005894,usr_norm_0056,merch_razorpay_037,488.59,INR,2026-08-01T08:33:02+00:00,dev_fingerprint_0868,10.0.48.92,"Ahmedabad, IN",pm_tok_synthetic_02486,482,1,1,1,1,0,NONE
tx_legit_000526,usr_norm_1006,merch_razorpay_023,425.96,INR,2026-08-01T08:33:47+00:00,dev_fingerprint_0108,192.168.19.176,"Delhi, IN",pm_tok_synthetic_00231,234,2,0,1,1,0,NONE
tx_legit_008658,usr_norm_0056,merch_razorpay_019,1669.59,INR,2026-08-01T08:39:41+00:00,dev_fingerprint_0868,10.0.21.13,"Pune, IN",pm_tok_synthetic_02486,482,1,0,1,1,0,NONE
tx_legit_008723,usr_norm_1161,merch_razorpay_017,982.16,INR,2026-08-01T08:41:46+00:00,dev_fingerprint_0014,192.168.153.180,"Hyderabad, IN",pm_tok_synthetic_02140,150,1,1,1,1,0,NONE
tx_legit_005031,usr_norm_0672,merch_razorpay_041,940.64,INR,2026-08-01T08:44:11+00:00,dev_fingerprint_0400,10.0.42.38,"Mumbai, IN",pm_tok_synthetic_02238,808,3,1,1,1,0,NONE
tx_legit_006778,usr_norm_1343,merch_razorpay_035,264.02,INR,2026-08-01T08:53:00+00:00,dev_fingerprint_0662,192.168.223.139,"Ahmedabad, IN",pm_tok_synthetic_01918,311,1,2,2,1,0,NONE
tx_legit_003910,usr_norm_1778,merch_razorpay_003,851.63,INR,2026-08-01T09:04:19+00:00,dev_fingerprint_0554,192.168.200.210,"Chennai, IN",pm_tok_synthetic_01844,451,1,0,1,2,0,NONE
tx_legit_008445,usr_norm_0626,merch_razorpay_036,608.03,INR,2026-08-01T09:04:38+00:00,dev_fingerprint_0493,192.168.213.108,"Bengaluru, IN",pm_tok_synthetic_02432,102,3,0,1,1,0,NONE
tx_legit_006099,usr_norm_1487,merch_razorpay_029,1110.37,INR,2026-08-01T09:05:54+00:00,dev_fingerprint_1098,192.168.80.28,"Kolkata, IN",pm_tok_synthetic_00157,563,1,0,1,3,0,NONE
tx_legit_006092,usr_norm_0561,merch_razorpay_021,246.32,INR,2026-08-01T09:10:25+00:00,dev_fingerprint_0548,192.168.73.186,"Chennai, IN",pm_tok_synthetic_02224,873,1,0,1,4,0,NONE
tx_legit_000898,usr_norm_1370,merch_razorpay_037,278.49,INR,2026-08-01T09:17:34+00:00,dev_fingerprint_0789,192.168.141.26,"Chennai, IN",pm_tok_synthetic_00791,568,4,0,1,1,0,NONE
tx_legit_001960,usr_norm_0338,merch_razorpay_028,502.36,INR,2026-08-01T09:24:28+00:00,dev_fingerprint_0240,192.168.39.208,"Ahmedabad, IN",pm_tok_synthetic_01208,406,2,0,1,2,0,NONE
tx_legit_004311,usr_norm_0241,merch_razorpay_035,278.3,INR,2026-08-01T09:30:02+00:00,dev_fingerprint_0417,192.168.241.8,"Hyderabad, IN",pm_tok_synthetic_00871,177,1,0,1,1,0,NONE
tx_legit_007851,usr_norm_0137,merch_razorpay_037,900.44,INR,2026-08-01T09:31:51+00:00,dev_fingerprint_0210,192.168.112.163,"Delhi, IN",pm_tok_synthetic_02113,157,1,0,1,1,0,NONE
tx_legit_006397,usr_norm_0755,merch_razorpay_020,109.48,INR,2026-08-01T09:37:39+00:00,dev_fingerprint_0372,192.168.31.185,"Hyderabad, IN",pm_tok_synthetic_01303,858,2,0,1,1,0,NONE
tx_legit_008604,usr_norm_0147,merch_razorpay_032,845.7,INR,2026-08-01T09:45:32+00:00,dev_fingerprint_0967,192.168.189.83,"Ahmedabad, IN",pm_tok_synthetic_00568,807,2,0,1,2,0,NONE
tx_legit_005373,usr_norm_1957,merch_razorpay_024,592.1,INR,2026-08-01T09:45:50+00:00,dev_fingerprint_0067,192.168.234.208,"Mumbai, IN",pm_tok_synthetic_02103,637,2,0,1,1,0,NONE
tx_legit_005799,usr_norm_0736,merch_razorpay_001,242.14,INR,2026-08-01T09:47:33+00:00,dev_fingerprint_1008,10.0.144.71,"Ahmedabad, IN",pm_tok_synthetic_01879,209,2,0,1,3,0,NONE
tx_legit_008951,usr_norm_1670,merch_razorpay_001,352.29,INR,2026-08-01T09:53:30+00:00,dev_fingerprint_0022,192.168.219.229,"Ahmedabad, IN",pm_tok_synthetic_00158,554,1,0,1,2,0,NONE
tx_legit_001386,usr_norm_0634,merch_razorpay_025,594.26,INR,2026-08-01T09:54:48+00:00,dev_fingerprint_0586,10.0.44.153,"Ahmedabad, IN",pm_tok_synthetic_02052,815,1,0,1,1,0,NONE
tx_legit_006997,usr_norm_0655,merch_razorpay_046,660.86,INR,2026-08-01T09:55:04+00:00,dev_fingerprint_0210,192.168.166.11,"Delhi, IN",pm_tok_synthetic_02350,720,1,0,1,2,0,NONE
tx_legit_006812,usr_norm_1657,merch_razorpay_020,207.09,INR,2026-08-01T09:55:47+00:00,dev_fingerprint_0727,192.168.61.104,"Hyderabad, IN",pm_tok_synthetic_00761,464,1,0,1,1,0,NONE
tx_legit_005283,usr_norm_0630,merch_razorpay_002,365.79,INR,2026-08-01T09:55:59+00:00,dev_fingerprint_1398,192.168.109.106,"Hyderabad, IN",pm_tok_synthetic_01929,818,1,1,2,1,0,NONE
tx_legit_001413,usr_norm_1582,merch_razorpay_024,1135.73,INR,2026-08-01T10:06:33+00:00,dev_fingerprint_1217,192.168.76.6,"Hyderabad, IN",pm_tok_synthetic_00356,371,2,0,1,1,0,NONE
tx_legit_008190,usr_norm_1628,merch_razorpay_023,1124.79,INR,2026-08-01T10:08:51+00:00,dev_fingerprint_1221,192.168.107.88,"Ahmedabad, IN",pm_tok_synthetic_01552,365,1,0,1,1,0,NONE
tx_legit_001058,usr_norm_0296,merch_razorpay_020,439.35,INR,2026-08-01T10:17:34+00:00,dev_fingerprint_1443,192.168.7.22,"Ahmedabad, IN",pm_tok_synthetic_01298,521,1,0,1,1,0,NONE
tx_legit_000308,usr_norm_1659,merch_razorpay_042,460.05,INR,2026-08-01T10:20:06+00:00,dev_fingerprint_1496,192.168.184.81,"Pune, IN",pm_tok_synthetic_02055,305,1,1,1,2,0,NONE
tx_legit_006089,usr_norm_0431,merch_razorpay_041,391.68,INR,2026-08-01T10:23:59+00:00,dev_fingerprint_1129,192.168.63.38,"Hyderabad, IN",pm_tok_synthetic_00048,47,1,0,1,2,0,NONE
tx_legit_006189,usr_norm_0331,merch_razorpay_033,428.72,INR,2026-08-01T10:24:23+00:00,dev_fingerprint_0013,192.168.77.239,"Bengaluru, IN",pm_tok_synthetic_01571,271,1,0,1,1,0,NONE
tx_legit_006751,usr_norm_1213,merch_razorpay_007,255.03,INR,2026-08-01T10:28:29+00:00,dev_fingerprint_0700,10.0.182.49,"Kolkata, IN",pm_tok_synthetic_02271,212,1,0,1,1,0,NONE
tx_legit_007062,usr_norm_1976,merch_razorpay_009,966.66,INR,2026-08-01T10:31:15+00:00,dev_fingerprint_0834,192.168.216.164,"Hyderabad, IN",pm_tok_synthetic_01287,156,3,0,1,1,0,NONE
tx_legit_001173,usr_norm_1057,merch_razorpay_042,642.09,INR,2026-08-01T10:35:37+00:00,dev_fingerprint_0647,192.168.151.72,"Bengaluru, IN",pm_tok_synthetic_02026,719,2,0,1,3,0,NONE
tx_legit_005542,usr_norm_0495,merch_razorpay_032,1246.72,INR,2026-08-01T10:38:01+00:00,dev_fingerprint_1551,192.168.85.160,"Ahmedabad, IN",pm_tok_synthetic_00466,607,1,0,1,1,0,NONE
tx_legit_008002,usr_norm_1410,merch_razorpay_014,367.33,INR,2026-08-01T10:41:52+00:00,dev_fingerprint_0454,192.168.185.229,"Hyderabad, IN",pm_tok_synthetic_01186,835,1,0,1,3,0,NONE
tx_legit_000429,usr_norm_1736,merch_razorpay_041,818.23,INR,2026-08-01T10:48:17+00:00,dev_fingerprint_0987,192.168.126.5,"Kolkata, IN",pm_tok_synthetic_02323,578,1,0,1,2,0,NONE
tx_legit_000201,usr_norm_1235,merch_razorpay_000,876.87,INR,2026-08-01T10:56:50+00:00,dev_fingerprint_0485,192.168.155.54,"Mumbai, IN",pm_tok_synthetic_01930,657,3,0,1,1,0,NONE
tx_legit_004840,usr_norm_0659,merch_razorpay_009,675.32,INR,2026-08-01T10:59:57+00:00,dev_fingerprint_0784,192.168.251.102,"Chennai, IN",pm_tok_synthetic_00614,213,1,0,1,4,0,NONE
tx_legit_005683,usr_norm_0214,merch_razorpay_010,290.52,INR,2026-08-01T11:02:36+00:00,dev_fingerprint_1172,192.168.77.130,"Pune, IN",pm_tok_synthetic_01914,852,1,0,2,1,0,NONE
tx_legit_001778,usr_norm_1552,merch_razorpay_000,1165.9,INR,2026-08-01T11:12:55+00:00,dev_fingerprint_1126,192.168.220.121,"Hyderabad, IN",pm_tok_synthetic_00004,146,2,0,1,1,0,NONE
tx_legit_004509,usr_norm_1634,merch_razorpay_013,146.24,INR,2026-08-01T11:14:21+00:00,dev_fingerprint_1183,192.168.74.61,"Ahmedabad, IN",pm_tok_synthetic_00801,240,1,1,1,1,0,NONE
tx_legit_005828,usr_norm_1018,merch_razorpay_020,507.43,INR,2026-08-01T11:21:33+00:00,dev_fingerprint_0461,10.0.111.132,"Pune, IN",pm_tok_synthetic_01506,803,1,0,1,1,0,NONE
tx_legit_004137,usr_norm_0102,merch_razorpay_023,232.49,INR,2026-08-01T11:21:45+00:00,dev_fingerprint_1449,192.168.122.116,"Kolkata, IN",pm_tok_synthetic_01799,566,4,0,1,1,0,NONE
tx_legit_007140,usr_norm_0921,merch_razorpay_002,379.89,INR,2026-08-01T11:26:09+00:00,dev_fingerprint_0425,10.0.216.40,"Ahmedabad, IN",pm_tok_synthetic_01968,368,1,0,3,1,0,NONE
tx_legit_007046,usr_norm_0319,merch_razorpay_007,249.69,INR,2026-08-01T11:32:08+00:00,dev_fingerprint_0611,192.168.193.119,"Kolkata, IN",pm_tok_synthetic_02468,139,1,0,1,1,0,NONE
tx_legit_000057,usr_norm_0878,merch_razorpay_033,1281.73,INR,2026-08-01T11:35:27+00:00,dev_fingerprint_0398,192.168.65.214,"Pune, IN",pm_tok_synthetic_00490,727,1,0,1,1,0,NONE
tx_legit_003980,usr_norm_1343,merch_razorpay_027,1285.34,INR,2026-08-01T11:38:42+00:00,dev_fingerprint_0662,192.168.223.139,"Kolkata, IN",pm_tok_synthetic_01918,311,1,0,1,2,0,NONE
tx_legit_003784,usr_norm_0312,merch_razorpay_045,358.28,INR,2026-08-01T11:40:21+00:00,dev_fingerprint_1332,192.168.232.16,"Bengaluru, IN",pm_tok_synthetic_01176,358,1,0,1,1,0,NONE
tx_legit_008938,usr_norm_1140,merch_razorpay_009,144.73,INR,2026-08-01T11:42:54+00:00,dev_fingerprint_0841,192.168.65.60,"Ahmedabad, IN",pm_tok_synthetic_00584,843,1,0,1,2,0,NONE
tx_legit_005890,usr_norm_0441,merch_razorpay_014,1571.74,INR,2026-08-01T11:47:50+00:00,dev_fingerprint_1330,192.168.70.107,"Chennai, IN",pm_tok_synthetic_00129,125,1,0,1,1,0,NONE
tx_legit_004857,usr_norm_0861,merch_razorpay_028,274.35,INR,2026-08-01T11:49:20+00:00,dev_fingerprint_1228,10.0.114.173,"Hyderabad, IN",pm_tok_synthetic_01309,727,1,0,1,1,0,NONE
tx_legit_007476,usr_norm_0095,merch_razorpay_041,1075.18,INR,2026-08-01T11:54:18+00:00,dev_fingerprint_1216,192.168.246.167,"Chennai, IN",pm_tok_synthetic_01515,503,2,0,1,1,0,NONE
tx_legit_000477,usr_norm_1888,merch_razorpay_040,728.27,INR,2026-08-01T11:54:56+00:00,dev_fingerprint_1388,192.168.229.213,"Chennai, IN",pm_tok_synthetic_00478,345,1,0,1,3,0,NONE
tx_legit_004220,usr_norm_1675,merch_razorpay_048,1241.1,INR,2026-08-01T12:00:46+00:00,dev_fingerprint_0125,192.168.113.88,"Pune, IN",pm_tok_synthetic_01938,622,1,0,2,2,0,NONE
tx_legit_003952,usr_norm_0649,merch_razorpay_006,782.43,INR,2026-08-01T12:12:43+00:00,dev_fingerprint_0241,192.168.107.88,"Mumbai, IN",pm_tok_synthetic_00120,373,1,0,1,2,0,NONE
tx_legit_003242,usr_norm_0313,merch_razorpay_023,425.69,INR,2026-08-01T12:14:55+00:00,dev_fingerprint_0584,10.0.238.187,"Kolkata, IN",pm_tok_synthetic_00242,817,2,0,2,2,0,NONE
tx_legit_002336,usr_norm_1735,merch_razorpay_020,483.8,INR,2026-08-01T12:15:24+00:00,dev_fingerprint_1690,192.168.58.36,"Ahmedabad, IN",pm_tok_synthetic_01574,735,1,0,1,1,0,NONE
tx_legit_004636,usr_norm_1504,merch_razorpay_004,824.88,INR,2026-08-01T12:16:35+00:00,dev_fingerprint_0253,10.0.252.136,"Kolkata, IN",pm_tok_synthetic_00467,753,1,0,1,1,0,NONE
tx_legit_001887,usr_norm_1080,merch_razorpay_028,501.88,INR,2026-08-01T12:23:05+00:00,dev_fingerprint_0201,192.168.124.55,"Chennai, IN",pm_tok_synthetic_02378,528,1,0,1,1,0,NONE
tx_legit_000499,usr_norm_0886,merch_razorpay_042,400.56,INR,2026-08-01T12:26:26+00:00,dev_fingerprint_0560,192.168.184.125,"Bengaluru, IN",pm_tok_synthetic_01876,620,1,0,1,3,0,NONE
tx_legit_008796,usr_norm_0870,merch_razorpay_026,214.8,INR,2026-08-01T12:29:40+00:00,dev_fingerprint_0601,192.168.175.185,"Pune, IN",pm_tok_synthetic_01928,161,3,0,1,1,0,NONE
tx_legit_008771,usr_norm_1270,merch_razorpay_023,530.14,INR,2026-08-01T12:34:28+00:00,dev_fingerprint_0341,192.168.210.244,"Pune, IN",pm_tok_synthetic_00421,127,1,0,1,2,0,NONE
tx_legit_002119,usr_norm_0583,merch_razorpay_007,878.59,INR,2026-08-01T12:34:36+00:00,dev_fingerprint_1055,192.168.4.142,"Ahmedabad, IN",pm_tok_synthetic_01139,741,1,0,2,3,0,NONE
tx_legit_006846,usr_norm_1010,merch_razorpay_044,235.32,INR,2026-08-01T12:47:13+00:00,dev_fingerprint_1108,10.0.151.184,"Bengaluru, IN",pm_tok_synthetic_01469,863,1,0,1,4,0,NONE
tx_legit_004879,usr_norm_0126,merch_razorpay_037,253.96,INR,2026-08-01T12:52:55+00:00,dev_fingerprint_0896,10.0.57.95,"Pune, IN",pm_tok_synthetic_01682,403,2,2,1,1,0,NONE
tx_legit_003883,usr_norm_0560,merch_razorpay_040,115.59,INR,2026-08-01T12:57:03+00:00,dev_fingerprint_1046,192.168.216.164,"Kolkata, IN",pm_tok_synthetic_02345,146,1,0,1,2,0,NONE
tx_legit_001416,usr_norm_0393,merch_razorpay_007,936.41,INR,2026-08-01T13:03:17+00:00,dev_fingerprint_1731,192.168.252.176,"Ahmedabad, IN",pm_tok_synthetic_01706,600,1,0,1,1,0,NONE
tx_legit_003473,usr_norm_0400,merch_razorpay_005,1404.07,INR,2026-08-01T13:05:14+00:00,dev_fingerprint_0149,192.168.114.207,"Hyderabad, IN",pm_tok_synthetic_02406,771,1,0,1,2,0,NONE
tx_legit_008027,usr_norm_1677,merch_razorpay_016,298.95,INR,2026-08-01T13:05:25+00:00,dev_fingerprint_0597,192.168.223.168,"Bengaluru, IN",pm_tok_synthetic_00111,323,1,0,2,1,0,NONE
tx_legit_009068,usr_norm_1618,merch_razorpay_009,330.21,INR,2026-08-01T13:08:43+00:00,dev_fingerprint_0499,192.168.126.28,"Pune, IN",pm_tok_synthetic_00651,523,1,0,1,1,0,NONE
tx_legit_004660,usr_norm_0933,merch_razorpay_019,972.62,INR,2026-08-01T13:11:07+00:00,dev_fingerprint_0732,192.168.166.11,"Bengaluru, IN",pm_tok_synthetic_01792,666,1,0,1,2,0,NONE
tx_legit_003565,usr_norm_1240,merch_razorpay_001,263.89,INR,2026-08-01T13:15:25+00:00,dev_fingerprint_1179,10.0.5.215,"Delhi, IN",pm_tok_synthetic_00936,863,3,0,1,1,0,NONE
tx_legit_005133,usr_norm_0553,merch_razorpay_005,312.85,INR,2026-08-01T13:21:56+00:00,dev_fingerprint_0786,192.168.177.95,"Chennai, IN",pm_tok_synthetic_02300,547,1,0,1,4,0,NONE
tx_legit_004112,usr_norm_0624,merch_razorpay_033,493.88,INR,2026-08-01T13:24:41+00:00,dev_fingerprint_0802,192.168.79.94,"Chennai, IN",pm_tok_synthetic_00223,832,2,0,1,1,0,NONE
tx_legit_007453,usr_norm_1798,merch_razorpay_046,167.63,INR,2026-08-01T13:25:00+00:00,dev_fingerprint_1386,192.168.188.34,"Pune, IN",pm_tok_synthetic_01334,265,1,0,1,1,0,NONE
tx_legit_002047,usr_norm_1102,merch_razorpay_038,1319.53,INR,2026-08-01T13:43:59+00:00,dev_fingerprint_0803,192.168.48.18,"Chennai, IN",pm_tok_synthetic_02415,780,1,0,1,3,0,NONE
tx_legit_002436,usr_norm_1901,merch_razorpay_027,949.31,INR,2026-08-01T13:50:35+00:00,dev_fingerprint_1148,10.0.165.173,"Hyderabad, IN",pm_tok_synthetic_00883,775,3,0,1,1,0,NONE
tx_legit_002635,usr_norm_0552,merch_razorpay_020,299.16,INR,2026-08-01T14:00:35+00:00,dev_fingerprint_0992,192.168.243.141,"Kolkata, IN",pm_tok_synthetic_00799,864,1,0,1,1,0,NONE
tx_legit_006394,usr_norm_0694,merch_razorpay_008,370.66,INR,2026-08-01T14:02:33+00:00,dev_fingerprint_0185,192.168.232.9,"Mumbai, IN",pm_tok_synthetic_01246,876,1,0,2,2,0,NONE
tx_legit_001194,usr_norm_1107,merch_razorpay_038,717.84,INR,2026-08-01T14:06:58+00:00,dev_fingerprint_1052,192.168.247.55,"Chennai, IN",pm_tok_synthetic_01827,193,1,0,1,2,0,NONE
tx_legit_002360,usr_norm_0259,merch_razorpay_049,1035.32,INR,2026-08-01T14:19:30+00:00,dev_fingerprint_0749,192.168.99.49,"Mumbai, IN",pm_tok_synthetic_01651,404,1,0,1,1,0,NONE
tx_legit_001973,usr_norm_1858,merch_razorpay_012,304.44,INR,2026-08-01T14:22:08+00:00,dev_fingerprint_1066,192.168.95.172,"Kolkata, IN",pm_tok_synthetic_00092,330,1,0,2,2,0,NONE
tx_legit_001946,usr_norm_0684,merch_razorpay_031,347.22,INR,2026-08-01T14:23:19+00:00,dev_fingerprint_1212,10.0.95.120,"Kolkata, IN",pm_tok_synthetic_00255,475,1,0,1,1,0,NONE
tx_legit_001131,usr_norm_1991,merch_razorpay_028,244.47,INR,2026-08-01T14:23:50+00:00,dev_fingerprint_0744,192.168.243.218,"Delhi, IN",pm_tok_synthetic_00815,376,1,0,1,1,0,NONE
tx_legit_007606,usr_norm_0913,merch_razorpay_004,987.49,INR,2026-08-01T14:39:21+00:00,dev_fingerprint_1065,192.168.184.88,"Mumbai, IN",pm_tok_synthetic_02480,747,1,0,1,2,0,NONE
tx_legit_006022,usr_norm_0180,merch_razorpay_011,683.09,INR,2026-08-01T14:42:38+00:00,dev_fingerprint_0694,192.168.248.32,"Kolkata, IN",pm_tok_synthetic_00765,538,2,0,1,2,0,NONE
tx_legit_002664,usr_norm_0881,merch_razorpay_012,471.24,INR,2026-08-01T14:51:34+00:00,dev_fingerprint_0410,192.168.249.67,"Kolkata, IN",pm_tok_synthetic_01676,613,1,0,1,3,0,NONE
tx_legit_003738,usr_norm_0067,merch_razorpay_045,433.51,INR,2026-08-01T14:53:30+00:00,dev_fingerprint_1144,192.168.114.43,"Pune, IN",pm_tok_synthetic_01450,103,3,0,1,4,0,NONE
tx_legit_008353,usr_norm_0850,merch_razorpay_007,774.01,INR,2026-08-01T14:58:27+00:00,dev_fingerprint_0625,192.168.209.126,"Mumbai, IN",pm_tok_synthetic_01127,463,1,0,1,1,0,NONE
tx_legit_001407,usr_norm_1718,merch_razorpay_037,1195.99,INR,2026-08-01T15:06:31+00:00,dev_fingerprint_0928,192.168.206.143,"Mumbai, IN",pm_tok_synthetic_01132,817,1,0,1,1,0,NONE
tx_legit_006824,usr_norm_1723,merch_razorpay_009,829.58,INR,2026-08-01T15:07:54+00:00,dev_fingerprint_0902,192.168.242.146,"Pune, IN",pm_tok_synthetic_02014,235,1,0,1,1,0,NONE
tx_legit_002766,usr_norm_0508,merch_razorpay_047,5473.14,INR,2026-08-01T15:09:34+00:00,dev_fingerprint_0508,192.168.161.55,"Chennai, IN",pm_tok_synthetic_01454,200,1,0,1,3,0,NONE
tx_legit_007175,usr_norm_1182,merch_razorpay_025,406.65,INR,2026-08-01T15:10:55+00:00,dev_fingerprint_1247,192.168.221.93,"Bengaluru, IN",pm_tok_synthetic_01574,440,1,0,1,1,0,NONE
tx_legit_004950,usr_norm_1325,merch_razorpay_000,397.38,INR,2026-08-01T15:14:56+00:00,dev_fingerprint_0446,192.168.71.49,"Hyderabad, IN",pm_tok_synthetic_00462,271,3,0,1,1,0,NONE
tx_legit_000664,usr_norm_1660,merch_razorpay_007,1154.55,INR,2026-08-01T15:17:10+00:00,dev_fingerprint_0841,192.168.138.32,"Delhi, IN",pm_tok_synthetic_02237,620,1,0,1,2,0,NONE
tx_legit_008644,usr_norm_0516,merch_razorpay_003,50.0,INR,2026-08-01T15:20:47+00:00,dev_fingerprint_1391,192.168.115.203,"Delhi, IN",pm_tok_synthetic_02049,184,1,0,2,3,0,NONE
tx_legit_007463,usr_norm_1631,merch_razorpay_024,411.12,INR,2026-08-01T15:25:46+00:00,dev_fingerprint_1302,192.168.249.40,"Chennai, IN",pm_tok_synthetic_00000,805,1,2,1,1,0,NONE
tx_legit_002148,usr_norm_1691,merch_razorpay_003,1945.34,INR,2026-08-01T15:25:58+00:00,dev_fingerprint_1981,192.168.35.68,"Bengaluru, IN",pm_tok_synthetic_00475,83,1,0,1,1,0,NONE
tx_legit_005128,usr_norm_1246,merch_razorpay_037,333.72,INR,2026-08-01T15:26:09+00:00,dev_fingerprint_1475,192.168.239.106,"Bengaluru, IN",pm_tok_synthetic_01993,337,2,0,1,2,0,NONE
tx_legit_008346,usr_norm_1019,merch_razorpay_027,50.0,INR,2026-08-01T15:27:52+00:00,dev_fingerprint_1205,192.168.4.218,"Mumbai, IN",pm_tok_synthetic_02471,231,1,0,1,1,0,NONE
tx_legit_004779,usr_norm_1342,merch_razorpay_025,458.85,INR,2026-08-01T15:33:12+00:00,dev_fingerprint_1160,192.168.237.20,"Bengaluru, IN",pm_tok_synthetic_02226,386,1,0,1,2,0,NONE
tx_legit_003609,usr_norm_0763,merch_razorpay_023,601.68,INR,2026-08-01T15:33:53+00:00,dev_fingerprint_0221,192.168.127.74,"Pune, IN",pm_tok_synthetic_00005,79,1,0,1,1,0,NONE
tx_legit_006706,usr_norm_1734,merch_razorpay_029,2992.76,INR,2026-08-01T15:36:16+00:00,dev_fingerprint_0893,192.168.122.157,"Ahmedabad, IN",pm_tok_synthetic_00287,583,1,1,1,1,0,NONE
tx_legit_003887,usr_norm_0554,merch_razorpay_018,740.41,INR,2026-08-01T15:55:58+00:00,dev_fingerprint_1674,192.168.55.117,"Delhi, IN",pm_tok_synthetic_01675,731,1,0,1,4,0,NONE
tx_legit_000625,usr_norm_0808,merch_razorpay_000,2285.36,INR,2026-08-01T16:01:53+00:00,dev_fingerprint_0667,192.168.174.140,"Hyderabad, IN",pm_tok_synthetic_02353,562,1,0,1,1,0,NONE
tx_legit_008040,usr_norm_1304,merch_razorpay_034,186.33,INR,2026-08-01T16:05:32+00:00,dev_fingerprint_0656,10.0.168.238,"Mumbai, IN",pm_tok_synthetic_00623,80,1,0,1,1,0,NONE
tx_legit_008971,usr_norm_1569,merch_razorpay_044,448.06,INR,2026-08-01T16:07:31+00:00,dev_fingerprint_0064,192.168.163.219,"Pune, IN",pm_tok_synthetic_01695,118,1,0,1,4,0,NONE
tx_legit_005331,usr_norm_1453,merch_razorpay_004,2328.54,INR,2026-08-01T16:09:14+00:00,dev_fingerprint_0527,192.168.13.234,"Bengaluru, IN",pm_tok_synthetic_01585,864,1,0,1,5,0,NONE
tx_legit_005985,usr_norm_1482,merch_razorpay_028,459.34,INR,2026-08-01T16:14:46+00:00,dev_fingerprint_0418,192.168.9.207,"Hyderabad, IN",pm_tok_synthetic_00725,479,1,0,1,1,0,NONE
tx_legit_002250,usr_norm_1791,merch_razorpay_013,240.87,INR,2026-08-01T16:17:40+00:00,dev_fingerprint_0890,192.168.226.63,"Hyderabad, IN",pm_tok_synthetic_01369,661,1,0,1,1,0,NONE
tx_legit_000995,usr_norm_0833,merch_razorpay_031,759.5,INR,2026-08-01T16:17:53+00:00,dev_fingerprint_0059,192.168.120.222,"Chennai, IN",pm_tok_synthetic_00789,882,1,0,1,1,0,NONE
tx_legit_007876,usr_norm_0531,merch_razorpay_015,519.58,INR,2026-08-01T16:18:05+00:00,dev_fingerprint_0059,192.168.114.195,"Pune, IN",pm_tok_synthetic_00808,490,1,0,1,3,0,NONE
tx_legit_002850,usr_norm_1432,merch_razorpay_014,1220.72,INR,2026-08-01T16:19:17+00:00,dev_fingerprint_1676,192.168.50.103,"Delhi, IN",pm_tok_synthetic_00856,787,1,0,1,3,0,NONE
tx_legit_008451,usr_norm_0878,merch_razorpay_042,387.27,INR,2026-08-01T16:26:57+00:00,dev_fingerprint_0398,192.168.65.214,"Pune, IN",pm_tok_synthetic_00490,727,1,0,1,1,0,NONE
tx_legit_006233,usr_norm_0923,merch_razorpay_004,316.28,INR,2026-08-01T16:28:56+00:00,dev_fingerprint_0182,192.168.234.70,"Hyderabad, IN",pm_tok_synthetic_00452,885,1,0,2,1,0,NONE
tx_legit_006923,usr_norm_0317,merch_razorpay_002,428.51,INR,2026-08-01T16:36:47+00:00,dev_fingerprint_0813,192.168.62.147,"Hyderabad, IN",pm_tok_synthetic_02029,220,2,1,1,1,0,NONE
tx_legit_002066,usr_norm_1461,merch_razorpay_010,173.99,INR,2026-08-01T16:39:32+00:00,dev_fingerprint_1336,10.0.214.206,"Bengaluru, IN",pm_tok_synthetic_02379,584,1,0,1,4,0,NONE
tx_legit_005421,usr_norm_1597,merch_razorpay_040,903.79,INR,2026-08-01T16:40:44+00:00,dev_fingerprint_0964,192.168.34.202,"Mumbai, IN",pm_tok_synthetic_00206,138,1,0,2,2,0,NONE
tx_legit_000780,usr_norm_1764,merch_razorpay_003,788.89,INR,2026-08-01T16:43:29+00:00,dev_fingerprint_1389,192.168.7.12,"Pune, IN",pm_tok_synthetic_01328,153,2,1,1,3,0,NONE
tx_legit_003723,usr_norm_0764,merch_razorpay_037,606.73,INR,2026-08-01T16:44:26+00:00,dev_fingerprint_0790,192.168.122.116,"Pune, IN",pm_tok_synthetic_01718,200,2,0,1,1,0,NONE
tx_legit_002084,usr_norm_1377,merch_razorpay_018,232.34,INR,2026-08-01T16:52:24+00:00,dev_fingerprint_0323,192.168.213.161,"Chennai, IN",pm_tok_synthetic_02457,483,2,0,1,3,0,NONE
tx_legit_000950,usr_norm_1365,merch_razorpay_047,232.76,INR,2026-08-01T16:58:26+00:00,dev_fingerprint_0851,192.168.228.195,"Ahmedabad, IN",pm_tok_synthetic_01511,843,1,1,1,3,0,NONE
tx_legit_006733,usr_norm_1327,merch_razorpay_020,218.83,INR,2026-08-01T17:05:59+00:00,dev_fingerprint_0342,192.168.98.99,"Pune, IN",pm_tok_synthetic_01130,628,1,1,1,1,0,NONE
tx_legit_000817,usr_norm_1765,merch_razorpay_012,436.07,INR,2026-08-01T17:08:00+00:00,dev_fingerprint_1401,192.168.67.88,"Mumbai, IN",pm_tok_synthetic_02235,170,1,0,2,2,0,NONE
tx_legit_008387,usr_norm_0774,merch_razorpay_036,646.91,INR,2026-08-01T17:08:10+00:00,dev_fingerprint_1793,192.168.69.148,"Kolkata, IN",pm_tok_synthetic_00126,471,1,1,2,1,0,NONE
tx_legit_005820,usr_norm_1770,merch_razorpay_014,583.07,INR,2026-08-01T17:09:03+00:00,dev_fingerprint_1950,192.168.67.193,"Chennai, IN",pm_tok_synthetic_00997,625,1,0,1,2,0,NONE
tx_legit_001110,usr_norm_0421,merch_razorpay_048,5833.64,INR,2026-08-01T17:16:41+00:00,dev_fingerprint_0286,192.168.127.74,"Delhi, IN",pm_tok_synthetic_02238,530,1,1,1,1,0,NONE
tx_legit_005204,usr_norm_0224,merch_razorpay_010,167.53,INR,2026-08-01T17:17:08+00:00,dev_fingerprint_0337,192.168.172.125,"Ahmedabad, IN",pm_tok_synthetic_01321,756,3,1,1,4,0,NONE
tx_legit_000299,usr_norm_0894,merch_razorpay_014,1113.29,INR,2026-08-01T17:21:29+00:00,dev_fingerprint_1621,192.168.191.250,"Kolkata, IN",pm_tok_synthetic_01410,349,2,0,1,1,0,NONE
tx_legit_004785,usr_norm_1853,merch_razorpay_013,306.32,INR,2026-08-01T17:23:09+00:00,dev_fingerprint_1271,192.168.185.231,"Pune, IN",pm_tok_synthetic_00268,222,2,0,1,1,0,NONE
tx_legit_003435,usr_norm_1289,merch_razorpay_044,742.26,INR,2026-08-01T17:24:00+00:00,dev_fingerprint_1553,192.168.109.9,"Bengaluru, IN",pm_tok_synthetic_02014,803,2,0,1,1,0,NONE
tx_legit_006406,usr_norm_1748,merch_razorpay_017,369.96,INR,2026-08-01T17:24:35+00:00,dev_fingerprint_0129,192.168.122.181,"Kolkata, IN",pm_tok_synthetic_02214,688,1,1,1,2,0,NONE
tx_legit_005500,usr_norm_1789,merch_razorpay_006,537.72,INR,2026-08-01T17:25:48+00:00,dev_fingerprint_0361,192.168.19.132,"Bengaluru, IN",pm_tok_synthetic_02013,85,1,1,1,2,0,NONE
tx_legit_008258,usr_norm_0600,merch_razorpay_021,1130.8,INR,2026-08-01T17:27:03+00:00,dev_fingerprint_0811,192.168.126.27,"Bengaluru, IN",pm_tok_synthetic_01251,773,1,0,1,1,0,NONE
tx_legit_007363,usr_norm_0374,merch_razorpay_044,390.84,INR,2026-08-01T17:27:34+00:00,dev_fingerprint_0422,192.168.81.103,"Ahmedabad, IN",pm_tok_synthetic_00413,638,1,0,1,3,0,NONE
tx_legit_007995,usr_norm_0139,merch_razorpay_009,870.51,INR,2026-08-01T17:27:45+00:00,dev_fingerprint_1955,192.168.136.129,"Delhi, IN",pm_tok_synthetic_02102,180,1,0,1,2,0,NONE
tx_legit_005095,usr_norm_1223,merch_razorpay_045,606.26,INR,2026-08-01T17:31:34+00:00,dev_fingerprint_0987,192.168.104.179,"Chennai, IN",pm_tok_synthetic_01291,534,1,0,1,2,0,NONE
tx_legit_002672,usr_norm_1083,merch_razorpay_013,930.85,INR,2026-08-01T17:36:28+00:00,dev_fingerprint_1268,192.168.242.146,"Mumbai, IN",pm_tok_synthetic_00792,355,3,0,2,2,0,NONE
tx_legit_000837,usr_norm_1354,merch_razorpay_014,393.75,INR,2026-08-01T17:44:53+00:00,dev_fingerprint_1859,192.168.68.42,"Chennai, IN",pm_tok_synthetic_01321,449,1,0,1,3,0,NONE
tx_legit_005002,usr_norm_1585,merch_razorpay_009,800.98,INR,2026-08-01T17:52:42+00:00,dev_fingerprint_1182,192.168.131.181,"Pune, IN",pm_tok_synthetic_01278,684,1,1,1,2,0,NONE
tx_legit_006947,usr_norm_0938,merch_razorpay_045,357.26,INR,2026-08-01T17:56:46+00:00,dev_fingerprint_0863,192.168.233.114,"Mumbai, IN",pm_tok_synthetic_00683,145,1,0,1,1,0,NONE
tx_legit_003240,usr_norm_1524,merch_razorpay_035,533.28,INR,2026-08-01T18:00:08+00:00,dev_fingerprint_1790,192.168.76.92,"Bengaluru, IN",pm_tok_synthetic_02471,335,1,0,2,2,0,NONE
tx_legit_000475,usr_norm_0380,merch_razorpay_013,185.05,INR,2026-08-01T18:10:00+00:00,dev_fingerprint_1498,192.168.67.88,"Ahmedabad, IN",pm_tok_synthetic_01306,621,1,0,2,1,0,NONE
tx_legit_005654,usr_norm_0548,merch_razorpay_003,557.85,INR,2026-08-01T18:19:41+00:00,dev_fingerprint_1321,192.168.211.164,"Bengaluru, IN",pm_tok_synthetic_02346,598,1,0,1,1,0,NONE
tx_legit_002998,usr_norm_0104,merch_razorpay_023,774.2,INR,2026-08-01T18:21:27+00:00,dev_fingerprint_0763,192.168.248.58,"Mumbai, IN",pm_tok_synthetic_01158,426,1,0,1,1,0,NONE
tx_legit_005450,usr_norm_0702,merch_razorpay_036,232.78,INR,2026-08-01T18:34:15+00:00,dev_fingerprint_0208,192.168.217.113,"Delhi, IN",pm_tok_synthetic_00572,154,1,0,1,1,0,NONE
tx_legit_006082,usr_norm_1620,merch_razorpay_036,332.25,INR,2026-08-01T18:36:39+00:00,dev_fingerprint_1421,192.168.104.178,"Hyderabad, IN",pm_tok_synthetic_01765,833,1,0,1,1,0,NONE
tx_legit_008566,usr_norm_0423,merch_razorpay_023,364.09,INR,2026-08-01T18:38:59+00:00,dev_fingerprint_0120,10.0.178.247,"Pune, IN",pm_tok_synthetic_00138,889,1,0,1,1,0,NONE
tx_legit_003797,usr_norm_0154,merch_razorpay_016,710.98,INR,2026-08-01T18:43:40+00:00,dev_fingerprint_0859,192.168.39.208,"Pune, IN",pm_tok_synthetic_01872,94,1,0,1,1,0,NONE
tx_legit_003663,usr_norm_0429,merch_razorpay_044,1581.72,INR,2026-08-01T18:49:42+00:00,dev_fingerprint_1306,192.168.9.60,"Kolkata, IN",pm_tok_synthetic_01979,705,1,0,1,3,0,NONE
tx_legit_000911,usr_norm_1138,merch_razorpay_001,538.67,INR,2026-08-01T19:05:25+00:00,dev_fingerprint_0443,192.168.82.229,"Hyderabad, IN",pm_tok_synthetic_02484,512,1,0,2,2,0,NONE
tx_legit_007172,usr_norm_0731,merch_razorpay_047,2076.32,INR,2026-08-01T19:11:19+00:00,dev_fingerprint_0795,192.168.182.112,"Hyderabad, IN",pm_tok_synthetic_00711,210,1,1,1,1,0,NONE
tx_legit_008296,usr_norm_1335,merch_razorpay_002,339.69,INR,2026-08-01T19:14:24+00:00,dev_fingerprint_0219,192.168.207.79,"Chennai, IN",pm_tok_synthetic_01998,268,2,0,1,1,0,NONE
tx_legit_008944,usr_norm_1048,merch_razorpay_003,473.83,INR,2026-08-01T19:15:31+00:00,dev_fingerprint_1850,192.168.113.88,"Delhi, IN",pm_tok_synthetic_00873,731,2,0,1,1,0,NONE
tx_legit_004237,usr_norm_0099,merch_razorpay_006,957.28,INR,2026-08-01T19:18:33+00:00,dev_fingerprint_0126,192.168.36.39,"Delhi, IN",pm_tok_synthetic_00423,860,1,0,2,3,0,NONE
tx_legit_001433,usr_norm_0424,merch_razorpay_027,1051.12,INR,2026-08-01T19:23:08+00:00,dev_fingerprint_1688,192.168.36.12,"Pune, IN",pm_tok_synthetic_00198,812,1,0,1,2,0,NONE
tx_legit_005572,usr_norm_0303,merch_razorpay_014,921.75,INR,2026-08-01T19:24:03+00:00,dev_fingerprint_0413,192.168.74.59,"Bengaluru, IN",pm_tok_synthetic_02206,307,2,0,1,2,0,NONE
tx_legit_000440,usr_norm_1033,merch_razorpay_032,128.13,INR,2026-08-01T19:28:45+00:00,dev_fingerprint_1099,192.168.122.157,"Hyderabad, IN",pm_tok_synthetic_00376,387,1,0,1,2,0,NONE
tx_legit_000686,usr_norm_0401,merch_razorpay_003,309.2,INR,2026-08-01T19:35:39+00:00,dev_fingerprint_1375,10.0.165.106,"Pune, IN",pm_tok_synthetic_00888,520,2,0,1,1,0,NONE
tx_legit_004117,usr_norm_0376,merch_razorpay_010,1097.23,INR,2026-08-01T19:38:24+00:00,dev_fingerprint_1440,192.168.251.213,"Bengaluru, IN",pm_tok_synthetic_00199,280,1,0,1,2,0,NONE
tx_legit_005723,usr_norm_0114,merch_razorpay_024,1024.16,INR,2026-08-01T19:41:37+00:00,dev_fingerprint_1753,192.168.174.192,"Ahmedabad, IN",pm_tok_synthetic_01345,862,1,0,1,4,0,NONE
tx_legit_000652,usr_norm_1280,merch_razorpay_038,957.47,INR,2026-08-01T19:47:59+00:00,dev_fingerprint_1123,192.168.71.113,"Ahmedabad, IN",pm_tok_synthetic_00553,744,2,0,2,3,0,NONE
tx_legit_008175,usr_norm_0415,merch_razorpay_045,355.58,INR,2026-08-01T19:58:19+00:00,dev_fingerprint_1474,192.168.109.57,"Pune, IN",pm_tok_synthetic_01209,186,1,0,1,1,0,NONE
tx_legit_003090,usr_norm_0139,merch_razorpay_008,345.26,INR,2026-08-01T20:00:34+00:00,dev_fingerprint_0920,192.168.136.129,"Kolkata, IN",pm_tok_synthetic_02102,180,2,0,2,1,0,NONE
tx_legit_005197,usr_norm_0084,merch_razorpay_014,1983.33,INR,2026-08-01T20:01:23+00:00,dev_fingerprint_1342,192.168.118.37,"Chennai, IN",pm_tok_synthetic_00725,821,1,0,1,1,0,NONE
tx_legit_003457,usr_norm_0573,merch_razorpay_001,549.07,INR,2026-08-01T20:01:46+00:00,dev_fingerprint_1620,10.0.68.194,"Bengaluru, IN",pm_tok_synthetic_01198,326,1,1,1,1,0,NONE
tx_legit_007837,usr_norm_0843,merch_razorpay_024,1245.71,INR,2026-08-01T20:07:30+00:00,dev_fingerprint_0056,192.168.120.114,"Hyderabad, IN",pm_tok_synthetic_00203,196,1,0,1,1,0,NONE
tx_legit_004236,usr_norm_0947,merch_razorpay_033,514.38,INR,2026-08-01T20:12:53+00:00,dev_fingerprint_0643,10.0.166.48,"Hyderabad, IN",pm_tok_synthetic_02149,815,1,0,1,1,0,NONE
tx_legit_002175,usr_norm_0747,merch_razorpay_020,196.56,INR,2026-08-01T20:13:49+00:00,dev_fingerprint_0279,10.0.80.250,"Pune, IN",pm_tok_synthetic_00645,779,1,0,1,1,0,NONE
tx_legit_007953,usr_norm_1930,merch_razorpay_017,529.63,INR,2026-08-01T20:15:17+00:00,dev_fingerprint_0859,192.168.19.148,"Hyderabad, IN",pm_tok_synthetic_01458,79,1,1,1,1,0,NONE
tx_legit_007752,usr_norm_0741,merch_razorpay_009,1843.84,INR,2026-08-01T20:18:47+00:00,dev_fingerprint_1468,192.168.26.16,"Delhi, IN",pm_tok_synthetic_01325,90,1,1,3,3,0,NONE
tx_legit_008617,usr_norm_0894,merch_razorpay_007,551.73,INR,2026-08-01T20:21:02+00:00,dev_fingerprint_1420,192.168.191.250,"Pune, IN",pm_tok_synthetic_01410,349,2,0,1,3,0,NONE
tx_legit_000679,usr_norm_1372,merch_razorpay_033,757.73,INR,2026-08-01T20:23:17+00:00,dev_fingerprint_0366,10.0.167.63,"Delhi, IN",pm_tok_synthetic_02286,455,2,2,1,3,0,NONE
tx_legit_005754,usr_norm_0285,merch_razorpay_033,867.35,INR,2026-08-01T20:28:40+00:00,dev_fingerprint_0903,192.168.189.237,"Mumbai, IN",pm_tok_synthetic_01715,185,1,0,1,1,0,NONE
tx_legit_002749,usr_norm_0885,merch_razorpay_049,282.32,INR,2026-08-01T20:39:07+00:00,dev_fingerprint_1299,192.168.98.70,"Chennai, IN",pm_tok_synthetic_00019,492,2,0,1,1,0,NONE
tx_legit_008383,usr_norm_0361,merch_razorpay_044,283.22,INR,2026-08-01T20:39:56+00:00,dev_fingerprint_0587,192.168.50.184,"Bengaluru, IN",pm_tok_synthetic_00737,817,2,0,1,1,0,NONE
tx_legit_004329,usr_norm_0097,merch_razorpay_017,473.84,INR,2026-08-01T20:40:16+00:00,dev_fingerprint_1170,192.168.110.79,"Hyderabad, IN",pm_tok_synthetic_00771,359,1,0,1,1,0,NONE
tx_legit_005953,usr_norm_1600,merch_razorpay_034,908.51,INR,2026-08-01T20:48:00+00:00,dev_fingerprint_1289,192.168.12.84,"Kolkata, IN",pm_tok_synthetic_01826,661,2,0,1,1,0,NONE
tx_legit_002590,usr_norm_0459,merch_razorpay_009,427.92,INR,2026-08-01T20:48:08+00:00,dev_fingerprint_1968,192.168.71.198,"Delhi, IN",pm_tok_synthetic_02329,436,1,0,1,1,0,NONE
tx_legit_007673,usr_norm_0206,merch_razorpay_008,399.28,INR,2026-08-01T20:48:43+00:00,dev_fingerprint_1529,192.168.60.99,"Bengaluru, IN",pm_tok_synthetic_00707,760,1,0,2,2,0,NONE
tx_legit_008561,usr_norm_0594,merch_razorpay_030,942.77,INR,2026-08-01T21:09:35+00:00,dev_fingerprint_0254,192.168.173.68,"Bengaluru, IN",pm_tok_synthetic_00647,481,2,0,1,1,0,NONE
tx_legit_004406,usr_norm_0687,merch_razorpay_044,775.96,INR,2026-08-01T21:12:12+00:00,dev_fingerprint_0804,10.0.184.92,"Mumbai, IN",pm_tok_synthetic_01336,355,1,0,1,1,0,NONE
tx_legit_008965,usr_norm_0199,merch_razorpay_028,511.28,INR,2026-08-01T21:15:27+00:00,dev_fingerprint_1679,192.168.97.102,"Kolkata, IN",pm_tok_synthetic_01503,437,1,0,1,1,0,NONE
tx_legit_003810,usr_norm_1710,merch_razorpay_032,1366.92,INR,2026-08-01T21:19:01+00:00,dev_fingerprint_1654,192.168.97.21,"Pune, IN",pm_tok_synthetic_00097,664,1,0,1,1,0,NONE
tx_legit_001147,usr_norm_0023,merch_razorpay_020,261.09,INR,2026-08-01T21:24:30+00:00,dev_fingerprint_1458,10.0.206.4,"Chennai, IN",pm_tok_synthetic_01560,641,4,0,2,2,0,NONE
tx_legit_005518,usr_norm_1471,merch_razorpay_017,323.55,INR,2026-08-01T21:29:18+00:00,dev_fingerprint_1893,192.168.185.68,"Chennai, IN",pm_tok_synthetic_00538,219,2,1,2,2,0,NONE
tx_legit_005165,usr_norm_0788,merch_razorpay_038,1104.31,INR,2026-08-01T21:30:10+00:00,dev_fingerprint_0542,192.168.17.99,"Delhi, IN",pm_tok_synthetic_02228,426,1,1,1,1,0,NONE
tx_legit_003975,usr_norm_0818,merch_razorpay_005,565.64,INR,2026-08-01T21:37:25+00:00,dev_fingerprint_0564,10.0.42.105,"Kolkata, IN",pm_tok_synthetic_00589,663,1,0,1,1,0,NONE
tx_legit_000010,usr_norm_1105,merch_razorpay_032,776.94,INR,2026-08-01T21:40:27+00:00,dev_fingerprint_1028,192.168.56.60,"Ahmedabad, IN",pm_tok_synthetic_00978,898,1,0,1,1,0,NONE
tx_legit_000076,usr_norm_0124,merch_razorpay_001,3162.1,INR,2026-08-01T21:41:49+00:00,dev_fingerprint_0315,192.168.55.139,"Kolkata, IN",pm_tok_synthetic_00740,881,1,1,1,1,0,NONE
tx_legit_008045,usr_norm_0448,merch_razorpay_021,2126.97,INR,2026-08-01T21:47:44+00:00,dev_fingerprint_0555,192.168.72.117,"Ahmedabad, IN",pm_tok_synthetic_00304,730,1,0,1,1,0,NONE
tx_legit_007674,usr_norm_1874,merch_razorpay_017,479.32,INR,2026-08-01T21:56:24+00:00,dev_fingerprint_0487,192.168.42.139,"Chennai, IN",pm_tok_synthetic_00168,354,1,0,1,3,0,NONE
tx_legit_001239,usr_norm_0827,merch_razorpay_032,696.23,INR,2026-08-01T21:58:53+00:00,dev_fingerprint_1322,192.168.203.175,"Kolkata, IN",pm_tok_synthetic_00769,482,1,1,1,1,0,NONE
tx_legit_001929,usr_norm_1340,merch_razorpay_023,391.43,INR,2026-08-01T22:04:23+00:00,dev_fingerprint_1447,10.0.149.213,"Mumbai, IN",pm_tok_synthetic_02289,331,1,0,1,1,0,NONE
tx_legit_000072,usr_norm_1960,merch_razorpay_001,739.48,INR,2026-08-01T22:06:20+00:00,dev_fingerprint_0021,192.168.31.166,"Bengaluru, IN",pm_tok_synthetic_00395,831,1,0,1,2,0,NONE
tx_legit_004767,usr_norm_1679,merch_razorpay_031,420.82,INR,2026-08-01T22:10:20+00:00,dev_fingerprint_0157,10.0.180.79,"Mumbai, IN",pm_tok_synthetic_01138,288,1,0,1,2,0,NONE
tx_legit_004647,usr_norm_0182,merch_razorpay_027,411.88,INR,2026-08-01T22:13:28+00:00,dev_fingerprint_1063,192.168.142.40,"Hyderabad, IN",pm_tok_synthetic_00338,774,1,1,1,1,0,NONE
tx_legit_008607,usr_norm_1224,merch_razorpay_033,154.87,INR,2026-08-01T22:19:26+00:00,dev_fingerprint_1176,192.168.98.147,"Bengaluru, IN",pm_tok_synthetic_00472,532,1,0,2,1,0,NONE
tx_legit_001113,usr_norm_1424,merch_razorpay_005,1083.44,INR,2026-08-01T22:27:36+00:00,dev_fingerprint_0624,192.168.49.25,"Hyderabad, IN",pm_tok_synthetic_01432,661,1,0,1,4,0,NONE
tx_legit_001561,usr_norm_0255,merch_razorpay_041,140.34,INR,2026-08-01T22:35:58+00:00,dev_fingerprint_0576,192.168.55.117,"Ahmedabad, IN",pm_tok_synthetic_02447,893,2,0,1,1,0,NONE
tx_legit_005667,usr_norm_1037,merch_razorpay_005,737.99,INR,2026-08-01T22:36:49+00:00,dev_fingerprint_1149,192.168.139.10,"Delhi, IN",pm_tok_synthetic_00036,147,1,0,1,1,0,NONE
tx_legit_003499,usr_norm_1029,merch_razorpay_029,2619.8,INR,2026-08-01T22:38:30+00:00,dev_fingerprint_1172,192.168.93.163,"Kolkata, IN",pm_tok_synthetic_01466,104,1,0,2,2,0,NONE
tx_legit_009143,usr_norm_1798,merch_razorpay_034,273.58,INR,2026-08-01T22:42:55+00:00,dev_fingerprint_1386,192.168.188.34,"Pune, IN",pm_tok_synthetic_01334,265,1,0,2,1,0,NONE
tx_legit_000939,usr_norm_0944,merch_razorpay_030,1423.38,INR,2026-08-01T23:03:03+00:00,dev_fingerprint_1489,192.168.71.49,"Pune, IN",pm_tok_synthetic_00535,524,1,0,1,1,0,NONE
tx_legit_008326,usr_norm_1657,merch_razorpay_004,238.99,INR,2026-08-01T23:07:13+00:00,dev_fingerprint_0727,192.168.61.104,"Mumbai, IN",pm_tok_synthetic_00761,464,1,0,1,1,0,NONE
tx_legit_000334,usr_norm_0916,merch_razorpay_013,293.61,INR,2026-08-01T23:12:30+00:00,dev_fingerprint_0233,192.168.239.83,"Bengaluru, IN",pm_tok_synthetic_00435,539,3,0,1,2,0,NONE
tx_legit_004050,usr_norm_0676,merch_razorpay_040,540.91,INR,2026-08-01T23:18:20+00:00,dev_fingerprint_1660,192.168.70.107,"Chennai, IN",pm_tok_synthetic_00278,899,1,1,1,3,0,NONE
tx_legit_004905,usr_norm_0805,merch_razorpay_019,244.28,INR,2026-08-01T23:21:49+00:00,dev_fingerprint_1284,192.168.133.116,"Hyderabad, IN",pm_tok_synthetic_02437,294,1,1,1,1,0,NONE
tx_legit_007493,usr_norm_1294,merch_razorpay_028,1351.9,INR,2026-08-01T23:22:55+00:00,dev_fingerprint_1588,192.168.163.159,"Bengaluru, IN",pm_tok_synthetic_01023,197,1,0,1,1,0,NONE
tx_legit_002631,usr_norm_0856,merch_razorpay_005,1268.79,INR,2026-08-01T23:24:10+00:00,dev_fingerprint_0578,192.168.221.11,"Kolkata, IN",pm_tok_synthetic_00442,523,1,0,2,2,0,NONE
tx_legit_005216,usr_norm_0111,merch_razorpay_042,504.73,INR,2026-08-01T23:32:15+00:00,dev_fingerprint_0289,192.168.37.194,"Ahmedabad, IN",pm_tok_synthetic_01432,347,1,0,3,1,0,NONE
tx_legit_008963,usr_norm_0589,merch_razorpay_035,780.11,INR,2026-08-01T23:33:11+00:00,dev_fingerprint_0433,192.168.55.117,"Bengaluru, IN",pm_tok_synthetic_01099,360,2,0,1,1,0,NONE
tx_legit_004104,usr_norm_0327,merch_razorpay_037,406.37,INR,2026-08-01T23:35:37+00:00,dev_fingerprint_1251,192.168.231.74,"Ahmedabad, IN",pm_tok_synthetic_01660,876,1,0,1,1,0,NONE
tx_legit_007276,usr_norm_1041,merch_razorpay_003,465.44,INR,2026-08-01T23:38:33+00:00,dev_fingerprint_0232,192.168.120.114,"Kolkata, IN",pm_tok_synthetic_01050,583,1,0,1,1,0,NONE
tx_legit_006329,usr_norm_0482,merch_razorpay_010,268.08,INR,2026-08-01T23:40:06+00:00,dev_fingerprint_0862,192.168.231.92,"Kolkata, IN",pm_tok_synthetic_01983,831,1,0,3,2,0,NONE
tx_legit_007773,usr_norm_0056,merch_razorpay_015,1112.18,INR,2026-08-01T23:47:15+00:00,dev_fingerprint_0868,192.168.7.233,"Delhi, IN",pm_tok_synthetic_02486,482,4,1,1,1,0,NONE
tx_legit_004900,usr_norm_1922,merch_razorpay_012,213.1,INR,2026-08-01T23:50:38+00:00,dev_fingerprint_0136,192.168.180.117,"Hyderabad, IN",pm_tok_synthetic_01481,625,2,0,1,1,0,NONE
tx_legit_008772,usr_norm_1729,merch_razorpay_031,982.14,INR,2026-08-02T00:03:29+00:00,dev_fingerprint_0513,192.168.151.149,"Bengaluru, IN",pm_tok_synthetic_01826,49,1,0,1,1,0,NONE
tx_legit_008860,usr_norm_0243,merch_razorpay_039,201.68,INR,2026-08-02T00:04:03+00:00,dev_fingerprint_0707,192.168.243.218,"Mumbai, IN",pm_tok_synthetic_01633,163,1,2,1,1,0,NONE
tx_legit_000976,usr_norm_1198,merch_razorpay_040,930.94,INR,2026-08-02T00:04:45+00:00,dev_fingerprint_0827,192.168.91.205,"Pune, IN",pm_tok_synthetic_00019,297,2,0,1,2,0,NONE
tx_legit_000268,usr_norm_0746,merch_razorpay_021,112.17,INR,2026-08-02T00:08:56+00:00,dev_fingerprint_0206,192.168.165.131,"Ahmedabad, IN",pm_tok_synthetic_01236,360,1,0,1,5,0,NONE
tx_legit_008669,usr_norm_0289,merch_razorpay_026,499.18,INR,2026-08-02T00:09:20+00:00,dev_fingerprint_0424,192.168.212.188,"Chennai, IN",pm_tok_synthetic_01331,708,2,0,1,3,0,NONE
tx_legit_000457,usr_norm_0459,merch_razorpay_041,268.92,INR,2026-08-02T00:12:12+00:00,dev_fingerprint_1239,10.0.63.225,"Hyderabad, IN",pm_tok_synthetic_02439,436,2,0,1,1,0,NONE
tx_legit_007934,usr_norm_0776,merch_razorpay_013,934.46,INR,2026-08-02T00:14:13+00:00,dev_fingerprint_0321,192.168.166.19,"Ahmedabad, IN",pm_tok_synthetic_00414,369,1,0,1,1,0,NONE
tx_legit_006087,usr_norm_1503,merch_razorpay_025,280.69,INR,2026-08-02T00:18:24+00:00,dev_fingerprint_1328,192.168.234.70,"Pune, IN",pm_tok_synthetic_00671,765,1,0,1,3,0,NONE
tx_legit_004853,usr_norm_1049,merch_razorpay_007,229.14,INR,2026-08-02T00:19:27+00:00,dev_fingerprint_0868,192.168.232.8,"Delhi, IN",pm_tok_synthetic_00425,240,1,1,1,2,0,NONE
tx_legit_003313,usr_norm_1030,merch_razorpay_006,238.78,INR,2026-08-02T00:23:26+00:00,dev_fingerprint_1449,10.0.116.228,"Kolkata, IN",pm_tok_synthetic_02152,255,3,0,1,1,0,NONE
tx_legit_002864,usr_norm_0732,merch_razorpay_014,1081.57,INR,2026-08-02T00:29:22+00:00,dev_fingerprint_0484,192.168.63.79,"Pune, IN",pm_tok_synthetic_01302,855,1,0,1,3,0,NONE
tx_legit_009163,usr_norm_1309,merch_razorpay_004,1078.31,INR,2026-08-02T00:47:56+00:00,dev_fingerprint_0444,192.168.249.67,"Pune, IN",pm_tok_synthetic_01721,349,1,1,1,2,0,NONE
tx_legit_003785,usr_norm_1939,merch_razorpay_028,656.64,INR,2026-08-02T00:51:36+00:00,dev_fingerprint_0576,192.168.76.142,"Mumbai, IN",pm_tok_synthetic_01986,451,1,0,1,1,0,NONE
tx_legit_003665,usr_norm_0007,merch_razorpay_006,162.04,INR,2026-08-02T00:53:50+00:00,dev_fingerprint_1795,192.168.145.201,"Hyderabad, IN",pm_tok_synthetic_01026,847,3,0,1,3,0,NONE
tx_legit_006705,usr_norm_0678,merch_razorpay_005,257.94,INR,2026-08-02T01:01:46+00:00,dev_fingerprint_1085,192.168.62.68,"Ahmedabad, IN",pm_tok_synthetic_01719,533,1,0,1,2,0,NONE
tx_legit_005127,usr_norm_0630,merch_razorpay_012,1983.16,INR,2026-08-02T01:06:12+00:00,dev_fingerprint_1398,192.168.109.106,"Delhi, IN",pm_tok_synthetic_01929,818,1,0,1,1,0,NONE
tx_legit_008670,usr_norm_0578,merch_razorpay_033,1246.9,INR,2026-08-02T01:06:46+00:00,dev_fingerprint_0659,192.168.192.24,"Kolkata, IN",pm_tok_synthetic_01013,809,1,0,1,1,0,NONE
tx_legit_005772,usr_norm_0520,merch_razorpay_010,1382.43,INR,2026-08-02T01:10:39+00:00,dev_fingerprint_1813,192.168.105.85,"Bengaluru, IN",pm_tok_synthetic_00847,563,1,0,1,2,0,NONE
tx_legit_003651,usr_norm_0357,merch_razorpay_035,240.96,INR,2026-08-02T01:20:55+00:00,dev_fingerprint_0006,192.168.162.156,"Ahmedabad, IN",pm_tok_synthetic_02494,622,1,0,1,1,0,NONE
tx_legit_007248,usr_norm_0049,merch_razorpay_024,938.47,INR,2026-08-02T01:26:28+00:00,dev_fingerprint_0290,192.168.34.238,"Hyderabad, IN",pm_tok_synthetic_00125,123,1,0,1,1,0,NONE
tx_legit_000571,usr_norm_0472,merch_razorpay_036,593.94,INR,2026-08-02T01:29:28+00:00,dev_fingerprint_1136,10.0.246.7,"Hyderabad, IN",pm_tok_synthetic_01671,135,1,0,1,1,0,NONE
tx_legit_005456,usr_norm_0124,merch_razorpay_007,571.97,INR,2026-08-02T01:32:14+00:00,dev_fingerprint_0315,192.168.55.139,"Hyderabad, IN",pm_tok_synthetic_00740,881,3,0,2,1,0,NONE
tx_legit_003832,usr_norm_0637,merch_razorpay_014,1937.9,INR,2026-08-02T01:32:36+00:00,dev_fingerprint_0312,192.168.109.213,"Pune, IN",pm_tok_synthetic_00342,347,1,0,1,1,0,NONE
tx_legit_000771,usr_norm_0509,merch_razorpay_006,150.81,INR,2026-08-02T01:33:04+00:00,dev_fingerprint_1325,192.168.73.252,"Kolkata, IN",pm_tok_synthetic_00181,606,2,0,2,2,0,NONE
tx_legit_000242,usr_norm_0536,merch_razorpay_023,380.83,INR,2026-08-02T01:34:54+00:00,dev_fingerprint_0749,192.168.210.236,"Hyderabad, IN",pm_tok_synthetic_00807,498,1,0,1,1,0,NONE
tx_legit_006808,usr_norm_1853,merch_razorpay_046,569.72,INR,2026-08-02T01:38:53+00:00,dev_fingerprint_1551,10.0.135.238,"Chennai, IN",pm_tok_synthetic_00268,222,1,0,1,2,0,NONE
tx_legit_001737,usr_norm_1438,merch_razorpay_014,1142.05,INR,2026-08-02T01:41:32+00:00,dev_fingerprint_0523,192.168.25.169,"Chennai, IN",pm_tok_synthetic_00246,320,1,0,1,1,0,NONE
tx_legit_002029,usr_norm_1151,merch_razorpay_024,553.13,INR,2026-08-02T01:47:38+00:00,dev_fingerprint_0266,192.168.45.52,"Mumbai, IN",pm_tok_synthetic_02471,582,2,0,1,3,0,NONE
tx_legit_000742,usr_norm_1013,merch_razorpay_028,270.87,INR,2026-08-02T02:04:30+00:00,dev_fingerprint_1046,192.168.239.83,"Bengaluru, IN",pm_tok_synthetic_01178,739,1,0,2,1,0,NONE
tx_legit_000759,usr_norm_1847,merch_razorpay_044,200.27,INR,2026-08-02T02:06:47+00:00,dev_fingerprint_1983,10.0.22.61,"Ahmedabad, IN",pm_tok_synthetic_01095,545,1,0,1,4,0,NONE
tx_legit_007456,usr_norm_0062,merch_razorpay_046,1789.74,INR,2026-08-02T02:12:05+00:00,dev_fingerprint_0015,10.0.223.130,"Kolkata, IN",pm_tok_synthetic_01234,246,1,0,1,2,0,NONE
tx_legit_002473,usr_norm_1827,merch_razorpay_043,389.04,INR,2026-08-02T02:12:33+00:00,dev_fingerprint_1326,192.168.109.153,"Pune, IN",pm_tok_synthetic_00065,521,1,0,2,1,0,NONE
tx_fraud_000562,usr_fraud_anomD_081,merch_razorpay_040,73397.43,INR,2026-08-02T02:31:24+00:00,dev_anomD_081,192.0.2.75,Unknown / VPN Node,pm_tok_anomD_081,7,13,4,2,3,1,BEHAVIORAL_ANOMALY
tx_legit_000392,usr_norm_1303,merch_razorpay_032,770.01,INR,2026-08-02T02:36:11+00:00,dev_fingerprint_1434,192.168.179.242,"Bengaluru, IN",pm_tok_synthetic_02015,222,1,0,1,1,0,NONE
tx_legit_006994,usr_norm_1280,merch_razorpay_015,1739.62,INR,2026-08-02T02:39:28+00:00,dev_fingerprint_1123,10.0.49.37,"Bengaluru, IN",pm_tok_synthetic_00553,744,1,0,1,2,0,NONE
tx_legit_002951,usr_norm_1674,merch_razorpay_044,680.21,INR,2026-08-02T02:43:00+00:00,dev_fingerprint_0622,10.0.145.77,"Mumbai, IN",pm_tok_synthetic_02308,296,1,0,1,1,0,NONE
tx_legit_000227,usr_norm_1116,merch_razorpay_020,318.48,INR,2026-08-02T02:43:48+00:00,dev_fingerprint_0560,192.168.178.77,"Mumbai, IN",pm_tok_synthetic_01078,622,3,0,1,2,0,NONE
tx_legit_000024,usr_norm_0670,merch_razorpay_011,893.5,INR,2026-08-02T02:45:43+00:00,dev_fingerprint_1275,192.168.193.240,"Kolkata, IN",pm_tok_synthetic_01900,407,2,0,1,3,0,NONE
tx_legit_002012,usr_norm_0604,merch_razorpay_031,947.84,INR,2026-08-02T02:46:48+00:00,dev_fingerprint_1215,192.168.61.104,"Mumbai, IN",pm_tok_synthetic_02127,726,3,2,1,1,0,NONE
tx_legit_000891,usr_norm_0633,merch_razorpay_024,318.6,INR,2026-08-02T02:51:33+00:00,dev_fingerprint_0123,192.168.61.228,"Pune, IN",pm_tok_synthetic_01630,548,1,0,1,1,0,NONE
tx_legit_002969,usr_norm_1742,merch_razorpay_041,407.75,INR,2026-08-02T02:52:07+00:00,dev_fingerprint_0786,192.168.62.45,"Ahmedabad, IN",pm_tok_synthetic_00782,336,1,0,1,1,0,NONE
tx_legit_001471,usr_norm_0716,merch_razorpay_002,761.31,INR,2026-08-02T02:52:34+00:00,dev_fingerprint_0604,192.168.193.244,"Pune, IN",pm_tok_synthetic_01687,593,1,0,1,1,0,NONE
tx_legit_008675,usr_norm_0317,merch_razorpay_039,571.09,INR,2026-08-02T03:03:41+00:00,dev_fingerprint_0813,192.168.62.147,"Hyderabad, IN",pm_tok_synthetic_02029,220,2,0,1,1,0,NONE
tx_fraud_000591,usr_fraud_anomD_110,merch_razorpay_045,61012.65,INR,2026-08-02T03:04:18+00:00,dev_anomD_110,192.0.2.7,Unknown / VPN Node,pm_tok_anomD_110,8,11,4,3,4,1,BEHAVIORAL_ANOMALY
tx_legit_008313,usr_norm_0599,merch_razorpay_015,63.13,INR,2026-08-02T03:16:51+00:00,dev_fingerprint_0761,192.168.177.153,"Delhi, IN",pm_tok_synthetic_00677,83,1,0,1,2,0,NONE
tx_legit_002035,usr_norm_1640,merch_razorpay_008,1012.33,INR,2026-08-02T03:34:32+00:00,dev_fingerprint_0756,192.168.192.107,"Delhi, IN",pm_tok_synthetic_02248,84,1,0,1,3,0,NONE
tx_legit_000580,usr_norm_1023,merch_razorpay_023,402.9,INR,2026-08-02T03:49:02+00:00,dev_fingerprint_0772,192.168.12.170,"Chennai, IN",pm_tok_synthetic_01755,315,1,0,1,1,0,NONE
tx_legit_007819,usr_norm_0740,merch_razorpay_048,1012.75,INR,2026-08-02T03:52:51+00:00,dev_fingerprint_1257,192.168.1.253,"Delhi, IN",pm_tok_synthetic_00534,378,1,0,1,2,0,NONE
tx_legit_002464,usr_norm_0552,merch_razorpay_020,1269.38,INR,2026-08-02T04:03:08+00:00,dev_fingerprint_1624,192.168.243.141,"Mumbai, IN",pm_tok_synthetic_00799,864,1,0,1,3,0,NONE
tx_legit_000646,usr_norm_0943,merch_razorpay_001,2099.45,INR,2026-08-02T04:12:12+00:00,dev_fingerprint_0734,192.168.135.153,"Mumbai, IN",pm_tok_synthetic_00118,730,2,0,1,1,0,NONE
tx_legit_000722,usr_norm_1813,merch_razorpay_010,801.64,INR,2026-08-02T04:13:28+00:00,dev_fingerprint_1132,192.168.206.120,"Hyderabad, IN",pm_tok_synthetic_00940,118,1,0,1,2,0,NONE
tx_legit_007701,usr_norm_0759,merch_razorpay_016,262.84,INR,2026-08-02T04:15:36+00:00,dev_fingerprint_0343,192.168.19.148,"Delhi, IN",pm_tok_synthetic_00363,871,3,0,1,1,0,NONE
tx_legit_007861,usr_norm_1670,merch_razorpay_032,411.53,INR,2026-08-02T04:16:44+00:00,dev_fingerprint_0022,192.168.219.229,"Bengaluru, IN",pm_tok_synthetic_01859,554,1,0,1,2,0,NONE
tx_legit_008462,usr_norm_0598,merch_razorpay_038,730.11,INR,2026-08-02T04:18:02+00:00,dev_fingerprint_1340,10.0.232.127,"Pune, IN",pm_tok_synthetic_01025,114,1,0,1,1,0,NONE
tx_legit_006231,usr_norm_1297,merch_razorpay_047,336.91,INR,2026-08-02T04:29:44+00:00,dev_fingerprint_1979,192.168.126.27,"Kolkata, IN",pm_tok_synthetic_00981,559,1,0,1,1,0,NONE
tx_legit_006290,usr_norm_0102,merch_razorpay_026,1065.52,INR,2026-08-02T04:30:54+00:00,dev_fingerprint_1449,192.168.122.116,"Pune, IN",pm_tok_synthetic_01799,566,1,0,1,1,0,NONE
tx_legit_002804,usr_norm_0659,merch_razorpay_039,1069.57,INR,2026-08-02T04:32:03+00:00,dev_fingerprint_0784,192.168.251.102,"Delhi, IN",pm_tok_synthetic_00614,213,1,0,1,1,0,NONE
tx_legit_004489,usr_norm_1942,merch_razorpay_015,1362.61,INR,2026-08-02T04:34:50+00:00,dev_fingerprint_0385,192.168.254.170,"Kolkata, IN",pm_tok_synthetic_02288,658,1,0,1,3,0,NONE
tx_legit_009072,usr_norm_0963,merch_razorpay_011,1059.39,INR,2026-08-02T04:37:34+00:00,dev_fingerprint_1338,192.168.208.223,"Hyderabad, IN",pm_tok_synthetic_00420,443,1,0,2,1,0,NONE
tx_legit_008836,usr_norm_1457,merch_razorpay_029,348.3,INR,2026-08-02T04:37:49+00:00,dev_fingerprint_0782,192.168.247.192,"Kolkata, IN",pm_tok_synthetic_00931,457,1,0,1,1,0,NONE
tx_legit_004963,usr_norm_0565,merch_razorpay_011,604.15,INR,2026-08-02T04:39:03+00:00,dev_fingerprint_0066,192.168.139.21,"Mumbai, IN",pm_tok_synthetic_01076,386,1,0,1,1,0,NONE
tx_legit_003109,usr_norm_1913,merch_razorpay_003,408.82,INR,2026-08-02T04:41:43+00:00,dev_fingerprint_0380,10.0.245.194,"Delhi, IN",pm_tok_synthetic_01563,326,1,0,1,1,0,NONE
tx_fraud_000543,usr_fraud_anomD_062,merch_razorpay_049,51957.63,INR,2026-08-02T04:43:44+00:00,dev_anomD_062,192.0.2.71,Unknown / VPN Node,pm_tok_anomD_062,6,13,5,2,4,1,BEHAVIORAL_ANOMALY
tx_legit_001785,usr_norm_1525,merch_razorpay_035,464.86,INR,2026-08-02T04:48:16+00:00,dev_fingerprint_0678,192.168.251.102,"Hyderabad, IN",pm_tok_synthetic_00359,80,1,0,1,3,0,NONE
tx_legit_000340,usr_norm_0500,merch_razorpay_045,430.19,INR,2026-08-02T05:00:04+00:00,dev_fingerprint_0837,10.0.187.101,"Bengaluru, IN",pm_tok_synthetic_02238,172,1,0,1,1,0,NONE
tx_legit_001281,usr_norm_0930,merch_razorpay_005,629.95,INR,2026-08-02T05:03:15+00:00,dev_fingerprint_0737,10.0.33.141,"Hyderabad, IN",pm_tok_synthetic_01280,466,1,0,1,2,0,NONE
tx_legit_007698,usr_norm_1164,merch_razorpay_011,426.78,INR,2026-08-02T05:04:24+00:00,dev_fingerprint_0741,192.168.185.68,"Bengaluru, IN",pm_tok_synthetic_00633,466,1,0,1,2,0,NONE
tx_legit_004954,usr_norm_1208,merch_razorpay_006,239.76,INR,2026-08-02T05:10:51+00:00,dev_fingerprint_0783,192.168.123.30,"Ahmedabad, IN",pm_tok_synthetic_00902,723,2,0,1,1,0,NONE
tx_legit_001528,usr_norm_1599,merch_razorpay_011,348.32,INR,2026-08-02T05:13:29+00:00,dev_fingerprint_0802,10.0.103.204,"Bengaluru, IN",pm_tok_synthetic_02441,636,1,0,1,1,0,NONE
tx_legit_002745,usr_norm_1739,merch_razorpay_048,252.3,INR,2026-08-02T05:15:11+00:00,dev_fingerprint_1094,192.168.66.171,"Hyderabad, IN",pm_tok_synthetic_01392,112,2,0,1,1,0,NONE
tx_legit_002586,usr_norm_1195,merch_razorpay_031,419.58,INR,2026-08-02T05:17:17+00:00,dev_fingerprint_0582,192.168.65.83,"Mumbai, IN",pm_tok_synthetic_00212,626,1,1,1,2,0,NONE
tx_legit_006374,usr_norm_1144,merch_razorpay_006,1841.13,INR,2026-08-02T05:17:23+00:00,dev_fingerprint_1221,192.168.76.57,"Hyderabad, IN",pm_tok_synthetic_01800,265,1,0,1,1,0,NONE
tx_legit_005089,usr_norm_0821,merch_razorpay_010,446.18,INR,2026-08-02T05:21:22+00:00,dev_fingerprint_0486,10.0.176.132,"Chennai, IN",pm_tok_synthetic_01946,305,1,1,1,3,0,NONE
tx_legit_008986,usr_norm_0633,merch_razorpay_027,514.92,INR,2026-08-02T05:21:26+00:00,dev_fingerprint_0123,192.168.61.228,"Hyderabad, IN",pm_tok_synthetic_01630,548,1,0,1,4,0,NONE
tx_legit_007937,usr_norm_0844,merch_razorpay_007,290.79,INR,2026-08-02T05:22:34+00:00,dev_fingerprint_1171,192.168.115.138,"Pune, IN",pm_tok_synthetic_01071,256,1,1,1,2,0,NONE
tx_legit_002132,usr_norm_1138,merch_razorpay_010,1008.8,INR,2026-08-02T05:24:23+00:00,dev_fingerprint_0443,192.168.82.229,"Chennai, IN",pm_tok_synthetic_02484,512,1,0,1,3,0,NONE
tx_legit_008442,usr_norm_1822,merch_razorpay_000,273.0,INR,2026-08-02T05:28:53+00:00,dev_fingerprint_0871,10.0.181.220,"Pune, IN",pm_tok_synthetic_01615,520,2,0,1,1,0,NONE
tx_legit_004419,usr_norm_0638,merch_razorpay_046,501.27,INR,2026-08-02T05:29:43+00:00,dev_fingerprint_1569,10.0.138.121,"Kolkata, IN",pm_tok_synthetic_00832,857,1,0,1,1,0,NONE
tx_legit_007190,usr_norm_0448,merch_razorpay_045,431.79,INR,2026-08-02T05:33:36+00:00,dev_fingerprint_0555,192.168.72.117,"Chennai, IN",pm_tok_synthetic_00304,730,2,0,1,1,0,NONE
tx_legit_007025,usr_norm_1414,merch_razorpay_028,375.59,INR,2026-08-02T05:36:17+00:00,dev_fingerprint_0174,192.168.173.80,"Ahmedabad, IN",pm_tok_synthetic_02055,474,2,0,1,2,0,NONE
tx_legit_008661,usr_norm_1366,merch_razorpay_043,464.68,INR,2026-08-02T05:47:03+00:00,dev_fingerprint_1450,192.168.98.70,"Kolkata, IN",pm_tok_synthetic_01088,571,1,0,2,1,0,NONE
tx_legit_002104,usr_norm_1306,merch_razorpay_036,1448.44,INR,2026-08-02T05:47:58+00:00,dev_fingerprint_0577,192.168.155.54,"Kolkata, IN",pm_tok_synthetic_01251,762,1,0,1,1,0,NONE
tx_legit_006120,usr_norm_1193,merch_razorpay_037,585.83,INR,2026-08-02T05:54:12+00:00,dev_fingerprint_0410,10.0.143.17,"Ahmedabad, IN",pm_tok_synthetic_02300,784,1,0,1,1,0,NONE
tx_legit_003787,usr_norm_1958,merch_razorpay_033,512.04,INR,2026-08-02T05:55:15+00:00,dev_fingerprint_0121,10.0.99.182,"Ahmedabad, IN",pm_tok_synthetic_00487,289,1,0,1,1,0,NONE
tx_legit_003777,usr_norm_0910,merch_razorpay_020,2929.63,INR,2026-08-02T06:05:50+00:00,dev_fingerprint_1651,192.168.151.244,"Chennai, IN",pm_tok_synthetic_00627,240,1,1,1,1,0,NONE
tx_legit_002921,usr_norm_1248,merch_razorpay_011,557.87,INR,2026-08-02T06:10:02+00:00,dev_fingerprint_0815,192.168.227.138,"Hyderabad, IN",pm_tok_synthetic_00669,91,2,0,1,1,0,NONE
tx_legit_007552,usr_norm_0047,merch_razorpay_005,997.64,INR,2026-08-02T06:10:24+00:00,dev_fingerprint_0718,192.168.229.140,"Chennai, IN",pm_tok_synthetic_00743,176,1,0,1,2,0,NONE
tx_legit_002443,usr_norm_1476,merch_razorpay_011,568.07,INR,2026-08-02T06:12:37+00:00,dev_fingerprint_1028,10.0.213.239,"Ahmedabad, IN",pm_tok_synthetic_02476,510,1,0,1,2,0,NONE
tx_legit_002763,usr_norm_0646,merch_razorpay_001,661.81,INR,2026-08-02T06:20:21+00:00,dev_fingerprint_0023,192.168.34.186,"Chennai, IN",pm_tok_synthetic_02033,385,2,0,1,1,0,NONE
tx_legit_004788,usr_norm_1982,merch_razorpay_027,525.59,INR,2026-08-02T06:28:05+00:00,dev_fingerprint_0638,192.168.113.32,"Pune, IN",pm_tok_synthetic_01818,261,2,0,2,1,0,NONE
tx_legit_002854,usr_norm_1338,merch_razorpay_026,377.09,INR,2026-08-02T06:29:25+00:00,dev_fingerprint_1411,192.168.232.45,"Ahmedabad, IN",pm_tok_synthetic_01467,771,2,1,1,3,0,NONE
tx_legit_000425,usr_norm_0726,merch_razorpay_012,320.16,INR,2026-08-02T06:33:13+00:00,dev_fingerprint_0575,192.168.98.70,"Delhi, IN",pm_tok_synthetic_01932,572,1,1,1,1,0,NONE
tx_legit_003672,usr_norm_1065,merch_razorpay_010,869.39,INR,2026-08-02T06:36:04+00:00,dev_fingerprint_0320,192.168.213.161,"Delhi, IN",pm_tok_synthetic_00793,169,1,1,1,1,0,NONE
tx_legit_007170,usr_norm_1035,merch_razorpay_018,1141.95,INR,2026-08-02T06:36:28+00:00,dev_fingerprint_0679,10.0.80.66,"Pune, IN",pm_tok_synthetic_01477,330,1,0,1,3,0,NONE
tx_legit_006690,usr_norm_0460,merch_razorpay_027,824.58,INR,2026-08-02T06:45:42+00:00,dev_fingerprint_1811,192.168.207.12,"Chennai, IN",pm_tok_synthetic_01119,832,1,1,1,2,0,NONE
tx_legit_004975,usr_norm_0060,merch_razorpay_044,307.04,INR,2026-08-02T06:51:37+00:00,dev_fingerprint_1079,192.168.74.181,"Kolkata, IN",pm_tok_synthetic_01263,76,1,0,1,2,0,NONE
tx_legit_002878,usr_norm_0800,merch_razorpay_000,340.55,INR,2026-08-02T06:53:07+00:00,dev_fingerprint_1169,192.168.192.107,"Pune, IN",pm_tok_synthetic_02116,849,1,0,2,2,0,NONE
tx_legit_001210,usr_norm_1901,merch_razorpay_024,500.14,INR,2026-08-02T06:56:10+00:00,dev_fingerprint_1148,192.168.29.40,"Bengaluru, IN",pm_tok_synthetic_00883,775,1,0,2,1,0,NONE
tx_legit_003459,usr_norm_0245,merch_razorpay_010,920.5,INR,2026-08-02T06:59:05+00:00,dev_fingerprint_0653,192.168.81.238,"Chennai, IN",pm_tok_synthetic_01910,155,1,0,1,1,0,NONE
tx_legit_005427,usr_norm_0308,merch_razorpay_025,301.16,INR,2026-08-02T07:07:28+00:00,dev_fingerprint_0846,192.168.7.169,"Bengaluru, IN",pm_tok_synthetic_01934,132,1,0,1,2,0,NONE
tx_legit_007748,usr_norm_0588,merch_razorpay_033,331.55,INR,2026-08-02T07:10:53+00:00,dev_fingerprint_0446,10.0.39.228,"Pune, IN",pm_tok_synthetic_01759,874,1,0,1,1,0,NONE
tx_legit_009030,usr_norm_0431,merch_razorpay_043,248.73,INR,2026-08-02T07:12:50+00:00,dev_fingerprint_1129,192.168.63.38,"Pune, IN",pm_tok_synthetic_00048,47,3,0,1,1,0,NONE
tx_legit_001532,usr_norm_0987,merch_razorpay_048,185.35,INR,2026-08-02T07:15:15+00:00,dev_fingerprint_1041,192.168.124.89,"Ahmedabad, IN",pm_tok_synthetic_00725,738,1,0,1,3,0,NONE
tx_legit_007193,usr_norm_1475,merch_razorpay_036,500.12,INR,2026-08-02T07:20:09+00:00,dev_fingerprint_0162,192.168.120.177,"Hyderabad, IN",pm_tok_synthetic_01952,167,1,0,1,1,0,NONE
tx_legit_002876,usr_norm_0781,merch_razorpay_026,212.19,INR,2026-08-02T07:25:03+00:00,dev_fingerprint_1125,10.0.15.226,"Kolkata, IN",pm_tok_synthetic_02010,187,1,0,1,3,0,NONE
tx_legit_001204,usr_norm_0312,merch_razorpay_041,145.64,INR,2026-08-02T07:25:40+00:00,dev_fingerprint_1332,192.168.232.16,"Ahmedabad, IN",pm_tok_synthetic_01176,358,4,0,1,2,0,NONE
tx_legit_007603,usr_norm_0994,merch_razorpay_002,389.85,INR,2026-08-02T07:29:46+00:00,dev_fingerprint_0845,192.168.31.185,"Hyderabad, IN",pm_tok_synthetic_02098,336,1,0,1,1,0,NONE
tx_legit_007370,usr_norm_1090,merch_razorpay_011,569.18,INR,2026-08-02T07:33:51+00:00,dev_fingerprint_0736,192.168.33.33,"Chennai, IN",pm_tok_synthetic_01358,521,1,1,1,3,0,NONE
tx_legit_002929,usr_norm_1794,merch_razorpay_012,1013.07,INR,2026-08-02T07:35:52+00:00,dev_fingerprint_0323,192.168.223.49,"Delhi, IN",pm_tok_synthetic_00119,526,1,0,1,1,0,NONE
tx_legit_005926,usr_norm_1898,merch_razorpay_001,196.47,INR,2026-08-02T07:48:05+00:00,dev_fingerprint_1466,192.168.3.231,"Delhi, IN",pm_tok_synthetic_01751,408,1,0,1,1,0,NONE
tx_legit_001051,usr_norm_0757,merch_razorpay_009,363.17,INR,2026-08-02T07:49:33+00:00,dev_fingerprint_1016,192.168.238.139,"Mumbai, IN",pm_tok_synthetic_01356,793,1,0,1,1,0,NONE
tx_legit_000758,usr_norm_0104,merch_razorpay_010,144.61,INR,2026-08-02T07:57:27+00:00,dev_fingerprint_0763,192.168.248.58,"Bengaluru, IN",pm_tok_synthetic_01158,426,1,0,1,2,0,NONE
tx_legit_007016,usr_norm_1361,merch_razorpay_049,1071.26,INR,2026-08-02T07:59:56+00:00,dev_fingerprint_0100,192.168.218.32,"Delhi, IN",pm_tok_synthetic_00904,650,1,0,1,1,0,NONE
tx_legit_003657,usr_norm_0251,merch_razorpay_024,161.47,INR,2026-08-02T08:03:19+00:00,dev_fingerprint_1054,192.168.91.77,"Bengaluru, IN",pm_tok_synthetic_02042,345,1,0,1,2,0,NONE
tx_legit_003856,usr_norm_1736,merch_razorpay_027,521.53,INR,2026-08-02T08:04:08+00:00,dev_fingerprint_1534,10.0.8.72,"Kolkata, IN",pm_tok_synthetic_02323,578,3,0,2,1,0,NONE
tx_legit_009142,usr_norm_0246,merch_razorpay_012,405.74,INR,2026-08-02T08:07:21+00:00,dev_fingerprint_0547,192.168.139.21,"Mumbai, IN",pm_tok_synthetic_01015,174,2,0,1,1,0,NONE
tx_legit_005237,usr_norm_1429,merch_razorpay_039,191.84,INR,2026-08-02T08:08:10+00:00,dev_fingerprint_1966,192.168.193.240,"Kolkata, IN",pm_tok_synthetic_00604,882,1,0,1,1,0,NONE
tx_legit_004193,usr_norm_1617,merch_razorpay_032,1299.61,INR,2026-08-02T08:11:45+00:00,dev_fingerprint_1209,10.0.137.151,"Delhi, IN",pm_tok_synthetic_00977,665,1,0,3,1,0,NONE
tx_legit_002259,usr_norm_1995,merch_razorpay_032,658.64,INR,2026-08-02T08:18:35+00:00,dev_fingerprint_0559,192.168.128.239,"Ahmedabad, IN",pm_tok_synthetic_01639,394,2,0,1,1,0,NONE
tx_legit_006590,usr_norm_1176,merch_razorpay_037,496.2,INR,2026-08-02T08:19:09+00:00,dev_fingerprint_0693,10.0.221.133,"Ahmedabad, IN",pm_tok_synthetic_02255,658,3,0,1,3,0,NONE
tx_legit_006768,usr_norm_0397,merch_razorpay_003,281.01,INR,2026-08-02T08:21:18+00:00,dev_fingerprint_0759,192.168.98.153,"Hyderabad, IN",pm_tok_synthetic_02193,771,1,0,1,1,0,NONE
tx_legit_003462,usr_norm_0343,merch_razorpay_008,994.57,INR,2026-08-02T08:40:19+00:00,dev_fingerprint_1100,192.168.85.223,"Chennai, IN",pm_tok_synthetic_00894,810,1,0,1,2,0,NONE
tx_legit_000216,usr_norm_0760,merch_razorpay_004,1105.28,INR,2026-08-02T08:40:45+00:00,dev_fingerprint_1451,192.168.19.176,"Pune, IN",pm_tok_synthetic_01375,487,1,0,1,1,0,NONE
tx_legit_003501,usr_norm_0179,merch_razorpay_039,1875.99,INR,2026-08-02T08:40:56+00:00,dev_fingerprint_0819,192.168.125.32,"Mumbai, IN",pm_tok_synthetic_01801,425,1,0,1,1,0,NONE
tx_legit_003388,usr_norm_0531,merch_razorpay_022,600.18,INR,2026-08-02T08:44:05+00:00,dev_fingerprint_1700,192.168.114.195,"Mumbai, IN",pm_tok_synthetic_00808,490,1,0,1,1,0,NONE
tx_legit_002422,usr_norm_1224,merch_razorpay_023,339.26,INR,2026-08-02T08:46:28+00:00,dev_fingerprint_1176,192.168.98.147,"Delhi, IN",pm_tok_synthetic_01125,532,1,0,2,1,0,NONE
tx_legit_000137,usr_norm_1333,merch_razorpay_030,1088.52,INR,2026-08-02T08:55:14+00:00,dev_fingerprint_1280,192.168.164.177,"Mumbai, IN",pm_tok_synthetic_00244,394,1,0,1,1,0,NONE
tx_legit_006489,usr_norm_1945,merch_razorpay_048,1131.1,INR,2026-08-02T08:59:04+00:00,dev_fingerprint_0233,192.168.109.57,"Ahmedabad, IN",pm_tok_synthetic_01886,108,2,0,1,1,0,NONE
tx_legit_000887,usr_norm_0337,merch_razorpay_049,138.31,INR,2026-08-02T08:59:35+00:00,dev_fingerprint_1029,10.0.60.21,"Delhi, IN",pm_tok_synthetic_01273,736,1,0,1,1,0,NONE
tx_legit_003101,usr_norm_1630,merch_razorpay_016,502.87,INR,2026-08-02T09:05:30+00:00,dev_fingerprint_0445,192.168.85.219,"Ahmedabad, IN",pm_tok_synthetic_00569,624,2,0,1,3,0,NONE
tx_legit_005332,usr_norm_1247,merch_razorpay_045,872.04,INR,2026-08-02T09:10:30+00:00,dev_fingerprint_0513,192.168.152.69,"Bengaluru, IN",pm_tok_synthetic_02325,78,2,0,1,1,0,NONE
tx_legit_003840,usr_norm_1747,merch_razorpay_001,286.15,INR,2026-08-02T09:11:11+00:00,dev_fingerprint_1214,10.0.192.161,"Ahmedabad, IN",pm_tok_synthetic_02003,428,1,0,1,2,0,NONE
tx_legit_008792,usr_norm_0036,merch_razorpay_038,546.25,INR,2026-08-02T09:12:00+00:00,dev_fingerprint_0250,192.168.127.103,"Delhi, IN",pm_tok_synthetic_01448,711,1,0,2,2,0,NONE
tx_legit_003490,usr_norm_1827,merch_razorpay_045,544.68,INR,2026-08-02T09:20:37+00:00,dev_fingerprint_1326,192.168.109.153,"Chennai, IN",pm_tok_synthetic_00065,521,3,0,1,1,0,NONE
tx_legit_006100,usr_norm_0290,merch_razorpay_032,942.14,INR,2026-08-02T09:26:29+00:00,dev_fingerprint_0979,192.168.149.7,"Hyderabad, IN",pm_tok_synthetic_01543,351,1,1,1,1,0,NONE
tx_legit_007509,usr_norm_1346,merch_razorpay_030,377.4,INR,2026-08-02T09:31:13+00:00,dev_fingerprint_0605,10.0.103.223,"Pune, IN",pm_tok_synthetic_01078,584,3,0,1,2,0,NONE
tx_legit_004417,usr_norm_1541,merch_razorpay_021,1002.68,INR,2026-08-02T09:34:06+00:00,dev_fingerprint_1152,192.168.195.226,"Chennai, IN",pm_tok_synthetic_02128,776,1,0,1,3,0,NONE
tx_legit_004629,usr_norm_0929,merch_razorpay_006,965.31,INR,2026-08-02T09:37:19+00:00,dev_fingerprint_0357,192.168.71.3,"Delhi, IN",pm_tok_synthetic_00161,327,1,0,2,1,0,NONE
tx_legit_006785,usr_norm_1870,merch_razorpay_031,877.44,INR,2026-08-02T09:38:43+00:00,dev_fingerprint_0723,10.0.113.243,"Delhi, IN",pm_tok_synthetic_01867,200,1,0,1,2,0,NONE
tx_legit_007267,usr_norm_0714,merch_razorpay_001,163.03,INR,2026-08-02T09:40:56+00:00,dev_fingerprint_1603,192.168.20.183,"Pune, IN",pm_tok_synthetic_00608,65,1,0,1,1,0,NONE
tx_legit_004427,usr_norm_1431,merch_razorpay_021,647.79,INR,2026-08-02T09:43:23+00:00,dev_fingerprint_0227,192.168.105.250,"Bengaluru, IN",pm_tok_synthetic_01843,512,1,0,1,1,0,NONE
tx_legit_004657,usr_norm_1199,merch_razorpay_036,307.7,INR,2026-08-02T09:43:35+00:00,dev_fingerprint_0358,192.168.107.227,"Kolkata, IN",pm_tok_synthetic_02073,139,2,0,1,2,0,NONE
tx_legit_008683,usr_norm_1116,merch_razorpay_021,645.26,INR,2026-08-02T10:09:07+00:00,dev_fingerprint_0560,192.168.178.77,"Hyderabad, IN",pm_tok_synthetic_01078,622,1,0,1,2,0,NONE
tx_legit_005284,usr_norm_1906,merch_razorpay_000,540.85,INR,2026-08-02T10:09:11+00:00,dev_fingerprint_0176,192.168.183.80,"Pune, IN",pm_tok_synthetic_00851,340,1,0,1,2,0,NONE
tx_legit_002641,usr_norm_0578,merch_razorpay_001,874.54,INR,2026-08-02T10:11:23+00:00,dev_fingerprint_0659,192.168.192.24,"Hyderabad, IN",pm_tok_synthetic_01639,809,1,0,1,1,0,NONE
tx_legit_007197,usr_norm_1887,merch_razorpay_001,395.18,INR,2026-08-02T10:11:31+00:00,dev_fingerprint_0980,192.168.76.84,"Chennai, IN",pm_tok_synthetic_00164,172,1,0,2,1,0,NONE
tx_legit_002046,usr_norm_1596,merch_razorpay_022,452.1,INR,2026-08-02T10:26:07+00:00,dev_fingerprint_0908,192.168.54.172,"Bengaluru, IN",pm_tok_synthetic_00532,59,1,0,1,1,0,NONE
tx_legit_004127,usr_norm_1146,merch_razorpay_042,416.53,INR,2026-08-02T10:35:23+00:00,dev_fingerprint_0033,192.168.100.68,"Pune, IN",pm_tok_synthetic_02141,546,1,0,1,1,0,NONE
tx_legit_004764,usr_norm_1568,merch_razorpay_001,276.24,INR,2026-08-02T10:38:35+00:00,dev_fingerprint_0631,192.168.11.196,"Kolkata, IN",pm_tok_synthetic_01288,756,1,0,1,2,0,NONE
tx_legit_003645,usr_norm_0280,merch_razorpay_016,280.04,INR,2026-08-02T10:48:35+00:00,dev_fingerprint_0466,192.168.170.242,"Kolkata, IN",pm_tok_synthetic_00210,627,1,0,1,1,0,NONE
tx_legit_000704,usr_norm_1073,merch_razorpay_015,235.92,INR,2026-08-02T10:50:00+00:00,dev_fingerprint_1486,192.168.247.252,"Pune, IN",pm_tok_synthetic_00867,452,1,0,1,1,0,NONE
tx_legit_001886,usr_norm_1594,merch_razorpay_040,944.64,INR,2026-08-02T10:54:31+00:00,dev_fingerprint_1750,192.168.111.91,"Kolkata, IN",pm_tok_synthetic_00291,348,2,0,1,4,0,NONE
tx_legit_006803,usr_norm_1431,merch_razorpay_045,272.61,INR,2026-08-02T10:55:59+00:00,dev_fingerprint_0227,10.0.11.181,"Ahmedabad, IN",pm_tok_synthetic_01843,512,4,0,1,1,0,NONE
tx_legit_002198,usr_norm_1361,merch_razorpay_010,405.2,INR,2026-08-02T10:58:33+00:00,dev_fingerprint_0100,192.168.218.32,"Bengaluru, IN",pm_tok_synthetic_00904,650,2,0,1,1,0,NONE
tx_legit_001745,usr_norm_1122,merch_razorpay_048,340.21,INR,2026-08-02T11:09:12+00:00,dev_fingerprint_1547,192.168.159.65,"Ahmedabad, IN",pm_tok_synthetic_02474,36,1,0,1,1,0,NONE
tx_legit_001056,usr_norm_1236,merch_razorpay_030,349.9,INR,2026-08-02T11:11:48+00:00,dev_fingerprint_0702,10.0.111.185,"Mumbai, IN",pm_tok_synthetic_00753,540,2,0,2,5,0,NONE
tx_legit_004522,usr_norm_0239,merch_razorpay_039,553.53,INR,2026-08-02T11:12:50+00:00,dev_fingerprint_0149,192.168.78.180,"Bengaluru, IN",pm_tok_synthetic_00245,191,2,0,1,1,0,NONE
tx_legit_007068,usr_norm_1087,merch_razorpay_026,818.5,INR,2026-08-02T11:14:19+00:00,dev_fingerprint_0647,10.0.169.79,"Kolkata, IN",pm_tok_synthetic_01754,202,1,0,1,2,0,NONE
tx_fraud_000485,usr_fraud_anomD_004,merch_razorpay_011,66643.05,INR,2026-08-02T11:23:29+00:00,dev_anomD_004,192.0.2.233,Unknown / VPN Node,pm_tok_anomD_004,2,15,3,2,2,1,BEHAVIORAL_ANOMALY
tx_legit_003150,usr_norm_1520,merch_razorpay_023,531.11,INR,2026-08-02T11:27:02+00:00,dev_fingerprint_0569,192.168.71.12,"Bengaluru, IN",pm_tok_synthetic_02283,869,1,0,1,1,0,NONE
tx_legit_007297,usr_norm_0354,merch_razorpay_039,618.79,INR,2026-08-02T11:27:23+00:00,dev_fingerprint_1154,10.0.104.55,"Ahmedabad, IN",pm_tok_synthetic_02288,503,1,0,1,2,0,NONE
tx_legit_003220,usr_norm_0272,merch_razorpay_033,1740.04,INR,2026-08-02T11:30:44+00:00,dev_fingerprint_0671,192.168.211.164,"Chennai, IN",pm_tok_synthetic_01304,196,1,1,2,1,0,NONE
tx_legit_000747,usr_norm_0087,merch_razorpay_042,457.77,INR,2026-08-02T11:30:50+00:00,dev_fingerprint_1394,192.168.203.102,"Pune, IN",pm_tok_synthetic_02312,688,2,0,1,1,0,NONE
tx_legit_008531,usr_norm_1837,merch_razorpay_022,406.19,INR,2026-08-02T11:30:52+00:00,dev_fingerprint_0424,192.168.62.147,"Chennai, IN",pm_tok_synthetic_00331,665,2,0,2,1,0,NONE
tx_legit_007840,usr_norm_1458,merch_razorpay_049,753.78,INR,2026-08-02T11:47:06+00:00,dev_fingerprint_0492,192.168.84.47,"Bengaluru, IN",pm_tok_synthetic_00625,466,2,0,1,1,0,NONE
tx_legit_008863,usr_norm_0432,merch_razorpay_006,662.13,INR,2026-08-02T11:49:23+00:00,dev_fingerprint_1084,192.168.103.209,"Delhi, IN",pm_tok_synthetic_01125,578,1,0,1,1,0,NONE
tx_legit_005490,usr_norm_1677,merch_razorpay_041,1531.7,INR,2026-08-02T11:52:33+00:00,dev_fingerprint_1764,10.0.108.36,"Ahmedabad, IN",pm_tok_synthetic_00111,323,1,0,3,3,0,NONE
tx_legit_005025,usr_norm_0589,merch_razorpay_008,198.73,INR,2026-08-02T11:54:15+00:00,dev_fingerprint_0433,192.168.55.117,"Delhi, IN",pm_tok_synthetic_01099,360,1,0,1,1,0,NONE
tx_legit_004929,usr_norm_0527,merch_razorpay_018,503.73,INR,2026-08-02T12:00:09+00:00,dev_fingerprint_0357,192.168.118.182,"Ahmedabad, IN",pm_tok_synthetic_00655,368,2,0,1,4,0,NONE
tx_legit_000557,usr_norm_1820,merch_razorpay_033,490.92,INR,2026-08-02T12:01:02+00:00,dev_fingerprint_0010,10.0.163.41,"Chennai, IN",pm_tok_synthetic_00181,71,1,0,1,2,0,NONE
tx_legit_008448,usr_norm_0987,merch_razorpay_049,780.62,INR,2026-08-02T12:05:21+00:00,dev_fingerprint_1041,192.168.124.89,"Mumbai, IN",pm_tok_synthetic_00725,738,1,0,2,5,0,NONE
tx_legit_002640,usr_norm_0653,merch_razorpay_043,511.32,INR,2026-08-02T12:10:42+00:00,dev_fingerprint_0737,192.168.44.137,"Mumbai, IN",pm_tok_synthetic_02046,610,1,0,2,1,0,NONE
tx_legit_006793,usr_norm_1059,merch_razorpay_018,1180.4,INR,2026-08-02T12:26:44+00:00,dev_fingerprint_1475,192.168.137.33,"Bengaluru, IN",pm_tok_synthetic_00259,804,2,0,1,1,0,NONE
tx_legit_006851,usr_norm_0327,merch_razorpay_027,301.73,INR,2026-08-02T12:27:25+00:00,dev_fingerprint_1990,192.168.231.74,"Hyderabad, IN",pm_tok_synthetic_01660,876,1,0,1,2,0,NONE
tx_legit_005105,usr_norm_0052,merch_razorpay_046,3211.33,INR,2026-08-02T12:28:33+00:00,dev_fingerprint_0638,192.168.170.242,"Hyderabad, IN",pm_tok_synthetic_01328,825,1,0,1,2,0,NONE
tx_legit_007373,usr_norm_0007,merch_razorpay_028,505.16,INR,2026-08-02T12:35:27+00:00,dev_fingerprint_0266,192.168.145.201,"Chennai, IN",pm_tok_synthetic_01026,847,1,0,1,5,0,NONE
tx_legit_007920,usr_norm_0095,merch_razorpay_013,513.63,INR,2026-08-02T12:35:45+00:00,dev_fingerprint_1216,192.168.246.167,"Ahmedabad, IN",pm_tok_synthetic_01574,503,1,0,1,2,0,NONE
tx_legit_006765,usr_norm_0339,merch_razorpay_008,192.19,INR,2026-08-02T12:38:01+00:00,dev_fingerprint_1831,192.168.246.131,"Bengaluru, IN",pm_tok_synthetic_00897,166,2,0,1,1,0,NONE
tx_legit_000243,usr_norm_0859,merch_razorpay_010,828.75,INR,2026-08-02T12:38:32+00:00,dev_fingerprint_1343,192.168.112.163,"Delhi, IN",pm_tok_synthetic_01223,222,1,0,1,5,0,NONE
tx_legit_006256,usr_norm_1548,merch_razorpay_019,623.84,INR,2026-08-02T12:41:52+00:00,dev_fingerprint_0683,192.168.156.252,"Pune, IN",pm_tok_synthetic_02295,855,1,0,1,1,0,NONE
tx_legit_005506,usr_norm_0781,merch_razorpay_037,388.47,INR,2026-08-02T12:46:04+00:00,dev_fingerprint_1125,192.168.38.63,"Kolkata, IN",pm_tok_synthetic_02010,187,1,1,1,4,0,NONE
tx_legit_007259,usr_norm_0863,merch_razorpay_010,1258.19,INR,2026-08-02T12:51:10+00:00,dev_fingerprint_1906,10.0.49.100,"Hyderabad, IN",pm_tok_synthetic_01062,458,1,0,1,1,0,NONE
tx_legit_009022,usr_norm_0292,merch_razorpay_004,1277.74,INR,2026-08-02T13:06:58+00:00,dev_fingerprint_1118,192.168.66.12,"Mumbai, IN",pm_tok_synthetic_01082,654,1,0,1,1,0,NONE
tx_legit_004189,usr_norm_1467,merch_razorpay_008,126.46,INR,2026-08-02T13:08:24+00:00,dev_fingerprint_0242,192.168.109.47,"Kolkata, IN",pm_tok_synthetic_01300,889,1,0,2,2,0,NONE
tx_legit_006449,usr_norm_0649,merch_razorpay_043,1162.03,INR,2026-08-02T13:09:09+00:00,dev_fingerprint_0241,192.168.107.88,"Chennai, IN",pm_tok_synthetic_00120,373,1,0,2,1,0,NONE
tx_legit_005403,usr_norm_0855,merch_razorpay_023,811.89,INR,2026-08-02T13:12:17+00:00,dev_fingerprint_0766,192.168.212.188,"Chennai, IN",pm_tok_synthetic_02432,653,1,0,1,2,0,NONE
tx_legit_007076,usr_norm_0901,merch_razorpay_006,946.46,INR,2026-08-02T13:16:01+00:00,dev_fingerprint_0826,192.168.2.195,"Chennai, IN",pm_tok_synthetic_00935,259,1,0,2,1,0,NONE
tx_legit_008336,usr_norm_1545,merch_razorpay_027,334.32,INR,2026-08-02T13:18:45+00:00,dev_fingerprint_0242,192.168.246.196,"Bengaluru, IN",pm_tok_synthetic_00275,670,1,1,1,1,0,NONE
tx_legit_000213,usr_norm_0962,merch_razorpay_044,363.82,INR,2026-08-02T13:25:17+00:00,dev_fingerprint_0647,192.168.237.136,"Mumbai, IN",pm_tok_synthetic_02037,793,1,0,1,1,0,NONE
tx_legit_004051,usr_norm_0275,merch_razorpay_033,258.44,INR,2026-08-02T13:25:20+00:00,dev_fingerprint_1003,192.168.167.114,"Bengaluru, IN",pm_tok_synthetic_02305,336,1,1,1,1,0,NONE
tx_fraud_000547,usr_fraud_anomD_066,merch_razorpay_034,47366.29,INR,2026-08-02T13:32:51+00:00,dev_anomD_066,192.0.2.227,Unknown / VPN Node,pm_tok_anomD_066,10,10,6,3,3,1,BEHAVIORAL_ANOMALY
tx_legit_008340,usr_norm_1459,merch_razorpay_018,737.18,INR,2026-08-02T13:33:56+00:00,dev_fingerprint_0639,192.168.212.242,"Kolkata, IN",pm_tok_synthetic_02479,367,1,0,1,1,0,NONE
tx_legit_005273,usr_norm_0048,merch_razorpay_046,691.74,INR,2026-08-02T13:36:33+00:00,dev_fingerprint_1159,10.0.190.7,"Bengaluru, IN",pm_tok_synthetic_01641,101,1,0,1,1,0,NONE
tx_legit_005563,usr_norm_0280,merch_razorpay_022,355.88,INR,2026-08-02T13:38:31+00:00,dev_fingerprint_0466,10.0.14.104,"Bengaluru, IN",pm_tok_synthetic_00210,627,1,0,1,1,0,NONE
tx_legit_004774,usr_norm_0915,merch_razorpay_014,419.35,INR,2026-08-02T13:42:03+00:00,dev_fingerprint_1943,192.168.4.182,"Delhi, IN",pm_tok_synthetic_00482,319,1,0,1,1,0,NONE
tx_legit_004538,usr_norm_0018,merch_razorpay_030,86.66,INR,2026-08-02T13:43:32+00:00,dev_fingerprint_0980,192.168.159.175,"Pune, IN",pm_tok_synthetic_01645,466,1,0,1,2,0,NONE
tx_legit_007803,usr_norm_1165,merch_razorpay_032,238.68,INR,2026-08-02T13:48:34+00:00,dev_fingerprint_1334,192.168.62.177,"Ahmedabad, IN",pm_tok_synthetic_01038,297,1,1,2,1,0,NONE
tx_legit_007271,usr_norm_1864,merch_razorpay_017,218.18,INR,2026-08-02T13:50:27+00:00,dev_fingerprint_1185,192.168.46.149,"Delhi, IN",pm_tok_synthetic_01336,527,1,0,3,1,0,NONE
tx_legit_006181,usr_norm_1638,merch_razorpay_017,1037.73,INR,2026-08-02T13:52:15+00:00,dev_fingerprint_1768,192.168.109.9,"Pune, IN",pm_tok_synthetic_02090,443,2,0,3,3,0,NONE
tx_legit_001894,usr_norm_1088,merch_razorpay_033,512.28,INR,2026-08-02T13:54:11+00:00,dev_fingerprint_0009,192.168.7.46,"Delhi, IN",pm_tok_synthetic_01574,834,1,1,1,4,0,NONE
tx_legit_003917,usr_norm_0862,merch_razorpay_018,178.34,INR,2026-08-02T13:57:27+00:00,dev_fingerprint_1647,192.168.170.242,"Hyderabad, IN",pm_tok_synthetic_00104,701,1,0,1,3,0,NONE
tx_legit_000235,usr_norm_1262,merch_razorpay_034,680.52,INR,2026-08-02T14:01:23+00:00,dev_fingerprint_1553,192.168.68.192,"Bengaluru, IN",pm_tok_synthetic_00663,381,1,0,1,2,0,NONE
tx_legit_007377,usr_norm_1329,merch_razorpay_031,472.25,INR,2026-08-02T14:05:14+00:00,dev_fingerprint_0086,192.168.49.22,"Kolkata, IN",pm_tok_synthetic_01946,734,1,0,1,1,0,NONE
tx_legit_004105,usr_norm_1967,merch_razorpay_012,243.35,INR,2026-08-02T14:06:16+00:00,dev_fingerprint_1167,10.0.22.56,"Delhi, IN",pm_tok_synthetic_00405,869,1,0,1,1,0,NONE
tx_legit_002312,usr_norm_0472,merch_razorpay_038,454.3,INR,2026-08-02T14:07:01+00:00,dev_fingerprint_1562,192.168.160.40,"Pune, IN",pm_tok_synthetic_01671,135,1,1,2,3,0,NONE
tx_legit_006434,usr_norm_0607,merch_razorpay_016,1491.77,INR,2026-08-02T14:18:33+00:00,dev_fingerprint_1421,192.168.251.195,"Ahmedabad, IN",pm_tok_synthetic_01956,102,1,0,2,1,0,NONE
tx_legit_008254,usr_norm_1210,merch_razorpay_043,315.76,INR,2026-08-02T14:20:24+00:00,dev_fingerprint_0723,192.168.243.56,"Hyderabad, IN",pm_tok_synthetic_02194,39,2,0,1,1,0,NONE
tx_legit_002020,usr_norm_0136,merch_razorpay_040,617.5,INR,2026-08-02T14:30:15+00:00,dev_fingerprint_1313,192.168.104.186,"Delhi, IN",pm_tok_synthetic_01520,597,1,0,1,2,0,NONE
tx_legit_003031,usr_norm_1705,merch_razorpay_019,383.66,INR,2026-08-02T14:39:05+00:00,dev_fingerprint_0691,192.168.30.140,"Bengaluru, IN",pm_tok_synthetic_00736,350,1,0,1,1,0,NONE
tx_legit_006354,usr_norm_0552,merch_razorpay_011,274.66,INR,2026-08-02T14:40:00+00:00,dev_fingerprint_0992,192.168.243.141,"Chennai, IN",pm_tok_synthetic_00799,864,1,0,1,1,0,NONE
tx_legit_008156,usr_norm_1158,merch_razorpay_027,1325.46,INR,2026-08-02T14:41:21+00:00,dev_fingerprint_0476,192.168.212.242,"Hyderabad, IN",pm_tok_synthetic_00343,320,1,1,1,2,0,NONE
tx_legit_003815,usr_norm_1718,merch_razorpay_037,755.38,INR,2026-08-02T14:42:57+00:00,dev_fingerprint_0928,192.168.206.143,"Mumbai, IN",pm_tok_synthetic_01132,817,1,0,1,1,0,NONE
tx_legit_001623,usr_norm_1436,merch_razorpay_007,1121.51,INR,2026-08-02T14:53:18+00:00,dev_fingerprint_1431,10.0.62.71,"Ahmedabad, IN",pm_tok_synthetic_00075,415,1,0,1,1,0,NONE
tx_legit_002946,usr_norm_0386,merch_razorpay_044,646.74,INR,2026-08-02T15:00:31+00:00,dev_fingerprint_1015,192.168.163.214,"Bengaluru, IN",pm_tok_synthetic_01410,688,1,1,1,1,0,NONE
tx_legit_007574,usr_norm_0842,merch_razorpay_024,644.3,INR,2026-08-02T15:02:15+00:00,dev_fingerprint_0529,192.168.80.142,"Kolkata, IN",pm_tok_synthetic_00370,321,1,0,1,3,0,NONE
tx_legit_003600,usr_norm_0360,merch_razorpay_020,361.43,INR,2026-08-02T15:08:59+00:00,dev_fingerprint_1982,192.168.60.121,"Bengaluru, IN",pm_tok_synthetic_01933,62,1,1,1,2,0,NONE
tx_legit_000718,usr_norm_0628,merch_razorpay_014,200.43,INR,2026-08-02T15:22:02+00:00,dev_fingerprint_0648,192.168.251.195,"Bengaluru, IN",pm_tok_synthetic_01584,889,1,0,1,2,0,NONE
tx_legit_006409,usr_norm_0020,merch_razorpay_028,612.83,INR,2026-08-02T15:23:45+00:00,dev_fingerprint_0908,192.168.102.227,"Pune, IN",pm_tok_synthetic_00330,359,1,0,2,4,0,NONE
tx_legit_002207,usr_norm_0157,merch_razorpay_027,574.23,INR,2026-08-02T15:34:08+00:00,dev_fingerprint_0495,192.168.42.85,"Pune, IN",pm_tok_synthetic_00588,328,1,0,1,1,0,NONE
tx_legit_001788,usr_norm_1570,merch_razorpay_034,286.67,INR,2026-08-02T15:38:49+00:00,dev_fingerprint_1017,192.168.191.250,"Chennai, IN",pm_tok_synthetic_00973,410,1,0,1,1,0,NONE
tx_legit_007922,usr_norm_1439,merch_razorpay_049,2051.54,INR,2026-08-02T15:46:57+00:00,dev_fingerprint_0411,192.168.220.199,"Kolkata, IN",pm_tok_synthetic_01111,84,1,0,1,1,0,NONE
tx_legit_007621,usr_norm_1372,merch_razorpay_032,226.85,INR,2026-08-02T15:50:17+00:00,dev_fingerprint_0366,10.0.195.253,"Delhi, IN",pm_tok_synthetic_02286,455,1,0,1,1,0,NONE
tx_legit_004475,usr_norm_1955,merch_razorpay_014,433.82,INR,2026-08-02T16:03:16+00:00,dev_fingerprint_0038,192.168.73.186,"Bengaluru, IN",pm_tok_synthetic_01983,805,1,0,2,1,0,NONE
tx_legit_006493,usr_norm_1401,merch_razorpay_028,352.57,INR,2026-08-02T16:10:17+00:00,dev_fingerprint_0684,192.168.187.202,"Bengaluru, IN",pm_tok_synthetic_01778,456,4,0,1,1,0,NONE
tx_legit_008012,usr_norm_0556,merch_razorpay_019,425.29,INR,2026-08-02T16:13:00+00:00,dev_fingerprint_1751,10.0.13.53,"Bengaluru, IN",pm_tok_synthetic_02315,61,1,0,1,2,0,NONE
tx_legit_007689,usr_norm_0707,merch_razorpay_009,506.17,INR,2026-08-02T16:15:17+00:00,dev_fingerprint_0132,192.168.124.55,"Pune, IN",pm_tok_synthetic_01816,858,1,0,2,3,0,NONE
tx_legit_002639,usr_norm_0390,merch_razorpay_041,1017.31,INR,2026-08-02T16:16:03+00:00,dev_fingerprint_1101,192.168.140.205,"Kolkata, IN",pm_tok_synthetic_00987,899,1,0,1,1,0,NONE
tx_legit_001071,usr_norm_1590,merch_razorpay_039,276.32,INR,2026-08-02T16:18:21+00:00,dev_fingerprint_0031,192.168.168.26,"Mumbai, IN",pm_tok_synthetic_02292,556,1,0,1,4,0,NONE
tx_legit_005923,usr_norm_0612,merch_razorpay_040,554.82,INR,2026-08-02T16:20:38+00:00,dev_fingerprint_1086,192.168.83.219,"Delhi, IN",pm_tok_synthetic_00034,654,1,0,1,1,0,NONE
tx_legit_000662,usr_norm_1390,merch_razorpay_020,193.92,INR,2026-08-02T16:29:43+00:00,dev_fingerprint_0316,192.168.65.249,"Hyderabad, IN",pm_tok_synthetic_00154,501,1,1,2,2,0,NONE
tx_legit_003848,usr_norm_0647,merch_razorpay_017,435.27,INR,2026-08-02T16:35:23+00:00,dev_fingerprint_1071,192.168.120.180,"Mumbai, IN",pm_tok_synthetic_01061,200,1,0,1,3,0,NONE
tx_legit_002319,usr_norm_0337,merch_razorpay_022,337.34,INR,2026-08-02T16:35:52+00:00,dev_fingerprint_1837,192.168.94.24,"Delhi, IN",pm_tok_synthetic_01273,736,1,0,1,1,0,NONE
tx_legit_005826,usr_norm_0277,merch_razorpay_033,139.9,INR,2026-08-02T16:39:06+00:00,dev_fingerprint_0678,192.168.203.161,"Mumbai, IN",pm_tok_synthetic_00448,456,1,0,3,1,0,NONE
tx_legit_006254,usr_norm_1949,merch_razorpay_044,725.22,INR,2026-08-02T16:39:40+00:00,dev_fingerprint_1071,192.168.142.38,"Kolkata, IN",pm_tok_synthetic_01401,206,1,0,1,2,0,NONE
tx_legit_002216,usr_norm_0250,merch_razorpay_046,545.45,INR,2026-08-02T16:41:14+00:00,dev_fingerprint_0640,192.168.141.26,"Mumbai, IN",pm_tok_synthetic_00652,540,1,0,2,1,0,NONE
tx_legit_007146,usr_norm_0265,merch_razorpay_008,472.91,INR,2026-08-02T16:44:56+00:00,dev_fingerprint_0198,192.168.132.170,"Ahmedabad, IN",pm_tok_synthetic_01528,843,1,1,1,1,0,NONE
tx_legit_000164,usr_norm_1639,merch_razorpay_041,253.16,INR,2026-08-02T16:47:02+00:00,dev_fingerprint_0261,192.168.66.118,"Delhi, IN",pm_tok_synthetic_01204,93,1,0,1,4,0,NONE
tx_legit_000871,usr_norm_1417,merch_razorpay_025,488.78,INR,2026-08-02T16:52:25+00:00,dev_fingerprint_1335,192.168.127.218,"Bengaluru, IN",pm_tok_synthetic_00803,604,1,0,1,1,0,NONE
tx_legit_009097,usr_norm_1967,merch_razorpay_006,9208.16,INR,2026-08-02T16:54:51+00:00,dev_fingerprint_1167,192.168.69.17,"Chennai, IN",pm_tok_synthetic_00405,869,1,0,1,4,0,NONE
tx_legit_004836,usr_norm_0367,merch_razorpay_014,372.8,INR,2026-08-02T16:54:54+00:00,dev_fingerprint_0260,192.168.198.104,"Bengaluru, IN",pm_tok_synthetic_00912,884,2,0,1,2,0,NONE
tx_legit_001587,usr_norm_0968,merch_razorpay_043,212.75,INR,2026-08-02T16:59:34+00:00,dev_fingerprint_0744,192.168.61.162,"Pune, IN",pm_tok_synthetic_00222,866,1,0,3,2,0,NONE
tx_legit_005724,usr_norm_1528,merch_razorpay_008,920.97,INR,2026-08-02T16:59:51+00:00,dev_fingerprint_1151,192.168.26.16,"Kolkata, IN",pm_tok_synthetic_01865,797,1,0,1,2,0,NONE
tx_legit_003969,usr_norm_1891,merch_razorpay_006,390.96,INR,2026-08-02T17:02:22+00:00,dev_fingerprint_1817,192.168.78.22,"Mumbai, IN",pm_tok_synthetic_00799,627,1,0,1,2,0,NONE
tx_legit_001507,usr_norm_0039,merch_razorpay_042,855.4,INR,2026-08-02T17:05:15+00:00,dev_fingerprint_1183,192.168.246.167,"Mumbai, IN",pm_tok_synthetic_00871,188,3,0,1,1,0,NONE
tx_legit_000492,usr_norm_0308,merch_razorpay_008,820.26,INR,2026-08-02T17:07:45+00:00,dev_fingerprint_0846,192.168.7.169,"Ahmedabad, IN",pm_tok_synthetic_01934,132,1,0,1,1,0,NONE
tx_legit_006580,usr_norm_1169,merch_razorpay_029,474.03,INR,2026-08-02T17:08:39+00:00,dev_fingerprint_1141,192.168.120.236,"Pune, IN",pm_tok_synthetic_00732,409,1,0,2,1,0,NONE
tx_legit_006475,usr_norm_0310,merch_razorpay_011,132.65,INR,2026-08-02T17:08:49+00:00,dev_fingerprint_1127,192.168.173.68,"Hyderabad, IN",pm_tok_synthetic_00646,446,1,0,2,1,0,NONE
tx_legit_007287,usr_norm_1642,merch_razorpay_042,111.24,INR,2026-08-02T17:13:23+00:00,dev_fingerprint_0735,192.168.130.234,"Mumbai, IN",pm_tok_synthetic_02074,61,1,1,1,2,0,NONE
tx_legit_004641,usr_norm_1047,merch_razorpay_033,676.72,INR,2026-08-02T17:14:20+00:00,dev_fingerprint_0015,192.168.224.4,"Bengaluru, IN",pm_tok_synthetic_00268,245,1,0,1,1,0,NONE
tx_legit_005247,usr_norm_1496,merch_razorpay_026,1084.92,INR,2026-08-02T17:27:17+00:00,dev_fingerprint_1323,192.168.60.99,"Pune, IN",pm_tok_synthetic_00370,769,1,0,1,1,0,NONE
tx_legit_004134,usr_norm_1320,merch_razorpay_035,300.45,INR,2026-08-02T17:28:10+00:00,dev_fingerprint_1395,192.168.241.244,"Bengaluru, IN",pm_tok_synthetic_01278,360,1,0,1,2,0,NONE
tx_legit_008268,usr_norm_0712,merch_razorpay_025,111.14,INR,2026-08-02T17:29:52+00:00,dev_fingerprint_0783,192.168.203.79,"Kolkata, IN",pm_tok_synthetic_01747,206,2,0,1,2,0,NONE
tx_legit_003661,usr_norm_1600,merch_razorpay_039,282.45,INR,2026-08-02T17:37:56+00:00,dev_fingerprint_1289,192.168.12.84,"Delhi, IN",pm_tok_synthetic_01826,661,2,0,1,2,0,NONE
tx_legit_002830,usr_norm_1087,merch_razorpay_010,280.13,INR,2026-08-02T17:39:51+00:00,dev_fingerprint_1569,192.168.168.26,"Hyderabad, IN",pm_tok_synthetic_01754,202,2,0,1,4,0,NONE
tx_legit_006109,usr_norm_0054,merch_razorpay_033,269.77,INR,2026-08-02T17:54:04+00:00,dev_fingerprint_0318,192.168.232.9,"Mumbai, IN",pm_tok_synthetic_00203,720,1,0,1,2,0,NONE
tx_legit_004441,usr_norm_1375,merch_razorpay_020,424.6,INR,2026-08-02T18:00:09+00:00,dev_fingerprint_0341,10.0.97.195,"Hyderabad, IN",pm_tok_synthetic_00738,593,1,0,1,1,0,NONE
tx_legit_008716,usr_norm_0773,merch_razorpay_047,1323.33,INR,2026-08-02T18:01:06+00:00,dev_fingerprint_0190,192.168.252.216,"Pune, IN",pm_tok_synthetic_02433,658,1,0,2,1,0,NONE
tx_legit_001357,usr_norm_1585,merch_razorpay_046,654.35,INR,2026-08-02T18:05:35+00:00,dev_fingerprint_1182,192.168.131.181,"Delhi, IN",pm_tok_synthetic_01278,684,1,0,1,1,0,NONE
tx_legit_008265,usr_norm_1945,merch_razorpay_034,265.04,INR,2026-08-02T18:13:02+00:00,dev_fingerprint_0233,192.168.109.57,"Pune, IN",pm_tok_synthetic_01886,108,1,0,1,1,0,NONE
tx_legit_004363,usr_norm_1279,merch_razorpay_026,236.62,INR,2026-08-02T18:18:11+00:00,dev_fingerprint_0956,192.168.243.218,"Bengaluru, IN",pm_tok_synthetic_02214,308,1,0,1,1,0,NONE
tx_legit_002650,usr_norm_1772,merch_razorpay_029,212.18,INR,2026-08-02T18:19:25+00:00,dev_fingerprint_1294,192.168.73.252,"Ahmedabad, IN",pm_tok_synthetic_01540,826,1,0,1,2,0,NONE
tx_legit_002220,usr_norm_1183,merch_razorpay_011,605.04,INR,2026-08-02T18:21:08+00:00,dev_fingerprint_1257,192.168.26.243,"Pune, IN",pm_tok_synthetic_02134,323,1,0,1,1,0,NONE
tx_legit_007998,usr_norm_0186,merch_razorpay_049,638.72,INR,2026-08-02T18:25:13+00:00,dev_fingerprint_0605,192.168.159.192,"Bengaluru, IN",pm_tok_synthetic_01826,647,1,0,3,1,0,NONE
tx_legit_004937,usr_norm_0917,merch_razorpay_048,90.59,INR,2026-08-02T18:25:30+00:00,dev_fingerprint_0406,192.168.124.71,"Hyderabad, IN",pm_tok_synthetic_00818,826,1,0,1,2,0,NONE
tx_legit_005311,usr_norm_0571,merch_razorpay_002,215.82,INR,2026-08-02T18:31:13+00:00,dev_fingerprint_0121,192.168.172.98,"Bengaluru, IN",pm_tok_synthetic_01436,575,2,0,1,3,0,NONE
tx_legit_005233,usr_norm_1926,merch_razorpay_001,388.87,INR,2026-08-02T18:36:12+00:00,dev_fingerprint_1178,192.168.151.72,"Chennai, IN",pm_tok_synthetic_01063,196,1,0,1,1,0,NONE
tx_legit_004464,usr_norm_1691,merch_razorpay_033,632.06,INR,2026-08-02T18:37:42+00:00,dev_fingerprint_1315,192.168.35.68,"Delhi, IN",pm_tok_synthetic_01978,83,2,0,1,1,0,NONE
tx_legit_000104,usr_norm_1076,merch_razorpay_017,1088.01,INR,2026-08-02T18:38:50+00:00,dev_fingerprint_0517,192.168.24.238,"Kolkata, IN",pm_tok_synthetic_00469,215,1,0,1,1,0,NONE
tx_legit_002429,usr_norm_1330,merch_razorpay_029,415.28,INR,2026-08-02T18:50:28+00:00,dev_fingerprint_1546,10.0.104.227,"Mumbai, IN",pm_tok_synthetic_01521,819,1,0,1,1,0,NONE
tx_legit_008470,usr_norm_1018,merch_razorpay_003,829.84,INR,2026-08-02T18:57:20+00:00,dev_fingerprint_0461,192.168.207.76,"Mumbai, IN",pm_tok_synthetic_01506,803,1,0,1,1,0,NONE
tx_legit_002808,usr_norm_0682,merch_razorpay_039,1849.11,INR,2026-08-02T19:03:14+00:00,dev_fingerprint_0173,192.168.133.243,"Bengaluru, IN",pm_tok_synthetic_00391,547,1,0,1,2,0,NONE
tx_legit_008509,usr_norm_1697,merch_razorpay_042,285.03,INR,2026-08-02T19:03:24+00:00,dev_fingerprint_1704,192.168.239.106,"Bengaluru, IN",pm_tok_synthetic_02171,729,1,0,2,1,0,NONE
tx_legit_004871,usr_norm_1474,merch_razorpay_009,344.65,INR,2026-08-02T19:04:12+00:00,dev_fingerprint_0475,192.168.159.21,"Delhi, IN",pm_tok_synthetic_00106,397,1,1,1,1,0,NONE
tx_legit_005807,usr_norm_1978,merch_razorpay_022,197.8,INR,2026-08-02T19:04:40+00:00,dev_fingerprint_1015,192.168.63.117,"Delhi, IN",pm_tok_synthetic_01479,751,1,0,1,1,0,NONE
tx_legit_004668,usr_norm_1380,merch_razorpay_000,283.49,INR,2026-08-02T19:05:13+00:00,dev_fingerprint_1296,192.168.229.114,"Hyderabad, IN",pm_tok_synthetic_01324,653,2,0,3,2,0,NONE
tx_legit_001506,usr_norm_0502,merch_razorpay_036,256.19,INR,2026-08-02T19:12:03+00:00,dev_fingerprint_1563,192.168.57.2,"Pune, IN",pm_tok_synthetic_01733,838,1,0,1,1,0,NONE
tx_legit_005982,usr_norm_1283,merch_razorpay_011,498.18,INR,2026-08-02T19:12:54+00:00,dev_fingerprint_1072,10.0.22.156,"Delhi, IN",pm_tok_synthetic_02186,347,1,0,1,2,0,NONE
tx_legit_008659,usr_norm_0840,merch_razorpay_030,419.89,INR,2026-08-02T19:23:40+00:00,dev_fingerprint_0363,192.168.158.105,"Hyderabad, IN",pm_tok_synthetic_01943,630,2,0,1,1,0,NONE
tx_legit_004766,usr_norm_1919,merch_razorpay_029,1373.74,INR,2026-08-02T19:23:58+00:00,dev_fingerprint_1339,192.168.121.75,"Chennai, IN",pm_tok_synthetic_01178,457,3,1,1,1,0,NONE
tx_legit_003575,usr_norm_1489,merch_razorpay_014,494.57,INR,2026-08-02T19:25:38+00:00,dev_fingerprint_0086,192.168.191.250,"Hyderabad, IN",pm_tok_synthetic_01006,561,1,0,2,2,0,NONE
tx_legit_001425,usr_norm_0427,merch_razorpay_024,942.3,INR,2026-08-02T19:26:14+00:00,dev_fingerprint_0309,192.168.8.24,"Kolkata, IN",pm_tok_synthetic_02157,547,1,0,1,1,0,NONE
tx_legit_001241,usr_norm_1761,merch_razorpay_009,296.86,INR,2026-08-02T19:31:31+00:00,dev_fingerprint_1210,10.0.53.218,"Delhi, IN",pm_tok_synthetic_00435,146,1,0,2,1,0,NONE
tx_legit_007142,usr_norm_0857,merch_razorpay_045,916.79,INR,2026-08-02T19:32:39+00:00,dev_fingerprint_1927,192.168.165.131,"Pune, IN",pm_tok_synthetic_01132,685,1,0,1,1,0,NONE
tx_legit_007948,usr_norm_0950,merch_razorpay_006,222.82,INR,2026-08-02T19:33:29+00:00,dev_fingerprint_1071,192.168.120.177,"Mumbai, IN",pm_tok_synthetic_00390,473,1,0,1,2,0,NONE
tx_legit_000219,usr_norm_1518,merch_razorpay_001,399.03,INR,2026-08-02T19:35:01+00:00,dev_fingerprint_0839,192.168.197.200,"Kolkata, IN",pm_tok_synthetic_00325,645,1,0,1,3,0,NONE
tx_legit_008249,usr_norm_0433,merch_razorpay_024,1369.28,INR,2026-08-02T19:43:10+00:00,dev_fingerprint_0587,192.168.151.72,"Delhi, IN",pm_tok_synthetic_02057,862,1,0,1,2,0,NONE
tx_legit_005385,usr_norm_1019,merch_razorpay_010,533.54,INR,2026-08-02T19:45:03+00:00,dev_fingerprint_1205,192.168.4.218,"Mumbai, IN",pm_tok_synthetic_02471,231,1,0,2,2,0,NONE
tx_legit_009187,usr_norm_1595,merch_razorpay_015,294.17,INR,2026-08-02T19:53:30+00:00,dev_fingerprint_1255,192.168.161.25,"Ahmedabad, IN",pm_tok_synthetic_01387,583,2,0,1,1,0,NONE
tx_legit_002757,usr_norm_0095,merch_razorpay_024,696.88,INR,2026-08-02T19:54:16+00:00,dev_fingerprint_1216,10.0.76.18,"Kolkata, IN",pm_tok_synthetic_01574,503,1,0,1,1,0,NONE
tx_legit_000711,usr_norm_1226,merch_razorpay_045,563.8,INR,2026-08-02T19:54:45+00:00,dev_fingerprint_0814,192.168.21.218,"Pune, IN",pm_tok_synthetic_02362,161,1,0,1,1,0,NONE
tx_legit_002685,usr_norm_0887,merch_razorpay_043,1299.4,INR,2026-08-02T19:58:43+00:00,dev_fingerprint_0324,192.168.165.110,"Chennai, IN",pm_tok_synthetic_00360,162,2,0,1,3,0,NONE
tx_legit_008725,usr_norm_0335,merch_razorpay_027,743.6,INR,2026-08-02T20:05:29+00:00,dev_fingerprint_0483,192.168.176.84,"Mumbai, IN",pm_tok_synthetic_00484,506,1,0,2,2,0,NONE
tx_legit_008673,usr_norm_1411,merch_razorpay_030,397.91,INR,2026-08-02T20:13:00+00:00,dev_fingerprint_0807,192.168.133.116,"Bengaluru, IN",pm_tok_synthetic_00541,374,1,0,3,1,0,NONE
tx_legit_004725,usr_norm_1273,merch_razorpay_048,1108.84,INR,2026-08-02T20:17:18+00:00,dev_fingerprint_0170,192.168.41.117,"Ahmedabad, IN",pm_tok_synthetic_01075,662,1,0,2,1,0,NONE
tx_legit_003739,usr_norm_0999,merch_razorpay_014,156.56,INR,2026-08-02T20:19:03+00:00,dev_fingerprint_1764,192.168.243.218,"Pune, IN",pm_tok_synthetic_00728,545,1,0,1,1,0,NONE
tx_legit_009023,usr_norm_1815,merch_razorpay_026,436.34,INR,2026-08-02T20:23:55+00:00,dev_fingerprint_0443,192.168.104.178,"Kolkata, IN",pm_tok_synthetic_01939,887,3,0,1,2,0,NONE
tx_legit_008718,usr_norm_1738,merch_razorpay_026,244.17,INR,2026-08-02T20:34:37+00:00,dev_fingerprint_0113,192.168.241.221,"Pune, IN",pm_tok_synthetic_00371,404,1,0,1,2,0,NONE
tx_legit_000381,usr_norm_1881,merch_razorpay_033,217.21,INR,2026-08-02T20:36:28+00:00,dev_fingerprint_0297,192.168.30.25,"Ahmedabad, IN",pm_tok_synthetic_01876,357,1,1,1,3,0,NONE
tx_legit_007551,usr_norm_1628,merch_razorpay_042,328.29,INR,2026-08-02T20:37:32+00:00,dev_fingerprint_1221,192.168.107.88,"Mumbai, IN",pm_tok_synthetic_01552,365,1,0,1,1,0,NONE
tx_legit_008155,usr_norm_0579,merch_razorpay_006,908.75,INR,2026-08-02T20:39:45+00:00,dev_fingerprint_1817,10.0.112.12,"Chennai, IN",pm_tok_synthetic_02004,175,1,0,1,1,0,NONE
tx_legit_004605,usr_norm_0649,merch_razorpay_048,320.03,INR,2026-08-02T20:40:18+00:00,dev_fingerprint_1680,10.0.160.231,"Mumbai, IN",pm_tok_synthetic_00120,373,2,0,1,1,0,NONE
tx_legit_000327,usr_norm_0320,merch_razorpay_032,708.01,INR,2026-08-02T20:41:20+00:00,dev_fingerprint_0686,192.168.142.181,"Bengaluru, IN",pm_tok_synthetic_01861,686,1,1,1,1,0,NONE
tx_legit_000484,usr_norm_0228,merch_razorpay_039,732.66,INR,2026-08-02T20:46:27+00:00,dev_fingerprint_0620,192.168.50.76,"Delhi, IN",pm_tok_synthetic_02185,125,1,0,1,1,0,NONE
tx_legit_006618,usr_norm_0085,merch_razorpay_041,601.94,INR,2026-08-02T20:48:42+00:00,dev_fingerprint_1286,192.168.98.84,"Pune, IN",pm_tok_synthetic_01900,802,2,1,1,1,0,NONE
tx_fraud_000526,usr_fraud_anomD_045,merch_razorpay_044,83675.94,INR,2026-08-02T20:50:31+00:00,dev_anomD_045,192.0.2.69,Unknown / VPN Node,pm_tok_anomD_045,9,9,3,3,2,1,BEHAVIORAL_ANOMALY
tx_legit_004966,usr_norm_0617,merch_razorpay_026,1090.33,INR,2026-08-02T20:56:21+00:00,dev_fingerprint_0252,192.168.5.24,"Hyderabad, IN",pm_tok_synthetic_01572,389,1,0,1,1,0,NONE
tx_legit_000307,usr_norm_1893,merch_razorpay_017,278.2,INR,2026-08-02T20:58:46+00:00,dev_fingerprint_0046,10.0.72.205,"Bengaluru, IN",pm_tok_synthetic_02205,899,1,0,1,2,0,NONE
tx_legit_004601,usr_norm_0296,merch_razorpay_026,283.67,INR,2026-08-02T21:02:01+00:00,dev_fingerprint_1443,10.0.216.80,"Ahmedabad, IN",pm_tok_synthetic_01298,521,4,0,2,1,0,NONE
tx_legit_002863,usr_norm_1981,merch_razorpay_000,510.9,INR,2026-08-02T21:19:04+00:00,dev_fingerprint_0580,192.168.139.120,"Hyderabad, IN",pm_tok_synthetic_02459,783,1,0,1,4,0,NONE
tx_legit_006232,usr_norm_0904,merch_razorpay_028,289.41,INR,2026-08-02T21:19:56+00:00,dev_fingerprint_0252,10.0.98.65,"Bengaluru, IN",pm_tok_synthetic_00153,414,1,0,1,1,0,NONE
tx_legit_008476,usr_norm_0958,merch_razorpay_035,779.61,INR,2026-08-02T21:23:15+00:00,dev_fingerprint_1038,192.168.48.18,"Mumbai, IN",pm_tok_synthetic_02254,688,1,0,1,1,0,NONE
tx_legit_008776,usr_norm_0373,merch_razorpay_018,209.91,INR,2026-08-02T21:27:34+00:00,dev_fingerprint_1352,10.0.124.86,"Delhi, IN",pm_tok_synthetic_00064,276,1,0,1,1,0,NONE
tx_legit_005398,usr_norm_0533,merch_razorpay_008,608.25,INR,2026-08-02T21:32:19+00:00,dev_fingerprint_1443,192.168.139.16,"Mumbai, IN",pm_tok_synthetic_00842,315,1,0,1,1,0,NONE
tx_legit_004598,usr_norm_0453,merch_razorpay_012,946.23,INR,2026-08-02T21:35:52+00:00,dev_fingerprint_0612,192.168.55.139,"Delhi, IN",pm_tok_synthetic_02309,276,2,0,1,1,0,NONE
tx_legit_006478,usr_norm_0345,merch_razorpay_012,682.58,INR,2026-08-02T21:46:27+00:00,dev_fingerprint_0167,192.168.149.7,"Chennai, IN",pm_tok_synthetic_01829,570,1,0,1,1,0,NONE
tx_legit_008618,usr_norm_1685,merch_razorpay_012,1128.58,INR,2026-08-02T21:48:01+00:00,dev_fingerprint_0370,192.168.247.10,"Delhi, IN",pm_tok_synthetic_02160,63,1,0,1,3,0,NONE
tx_legit_001064,usr_norm_0922,merch_razorpay_005,1234.19,INR,2026-08-02T21:49:54+00:00,dev_fingerprint_0480,10.0.5.236,"Kolkata, IN",pm_tok_synthetic_00052,717,2,0,2,1,0,NONE
tx_legit_001982,usr_norm_0285,merch_razorpay_010,533.4,INR,2026-08-02T21:51:04+00:00,dev_fingerprint_0903,10.0.248.194,"Hyderabad, IN",pm_tok_synthetic_01715,185,2,0,1,2,0,NONE
tx_legit_002050,usr_norm_0262,merch_razorpay_034,216.9,INR,2026-08-02T21:51:28+00:00,dev_fingerprint_0591,192.168.102.227,"Bengaluru, IN",pm_tok_synthetic_00427,546,1,1,1,1,0,NONE
tx_legit_001355,usr_norm_1767,merch_razorpay_034,1648.13,INR,2026-08-02T21:52:42+00:00,dev_fingerprint_0093,192.168.170.149,"Ahmedabad, IN",pm_tok_synthetic_00710,373,1,0,1,1,0,NONE
tx_legit_007351,usr_norm_1088,merch_razorpay_000,194.5,INR,2026-08-02T21:57:08+00:00,dev_fingerprint_0009,192.168.7.46,"Ahmedabad, IN",pm_tok_synthetic_01008,834,1,0,1,1,0,NONE
tx_legit_004600,usr_norm_0953,merch_razorpay_041,273.67,INR,2026-08-02T21:57:53+00:00,dev_fingerprint_1981,192.168.161.25,"Hyderabad, IN",pm_tok_synthetic_00223,41,1,0,1,1,0,NONE
tx_legit_007066,usr_norm_0726,merch_razorpay_044,268.69,INR,2026-08-02T21:57:54+00:00,dev_fingerprint_1705,192.168.98.70,"Delhi, IN",pm_tok_synthetic_01932,572,1,0,1,2,0,NONE
tx_legit_004936,usr_norm_1198,merch_razorpay_006,291.75,INR,2026-08-02T22:00:17+00:00,dev_fingerprint_0827,10.0.157.24,"Mumbai, IN",pm_tok_synthetic_00019,297,1,1,1,1,0,NONE
tx_legit_007759,usr_norm_0726,merch_razorpay_003,293.28,INR,2026-08-02T22:01:00+00:00,dev_fingerprint_1692,192.168.98.70,"Delhi, IN",pm_tok_synthetic_01932,572,1,0,1,1,0,NONE
tx_legit_008831,usr_norm_1652,merch_razorpay_007,374.63,INR,2026-08-02T22:03:43+00:00,dev_fingerprint_0894,10.0.53.163,"Ahmedabad, IN",pm_tok_synthetic_00556,116,2,0,2,1,0,NONE
tx_legit_007312,usr_norm_0391,merch_razorpay_042,860.22,INR,2026-08-02T22:05:40+00:00,dev_fingerprint_0461,192.168.54.175,"Bengaluru, IN",pm_tok_synthetic_00997,855,1,0,1,3,0,NONE
tx_legit_003537,usr_norm_1133,merch_razorpay_036,618.07,INR,2026-08-02T22:07:00+00:00,dev_fingerprint_0275,192.168.113.88,"Delhi, IN",pm_tok_synthetic_02099,70,1,1,1,1,0,NONE
tx_legit_001228,usr_norm_0275,merch_razorpay_044,250.91,INR,2026-08-02T22:09:29+00:00,dev_fingerprint_1003,192.168.167.114,"Hyderabad, IN",pm_tok_synthetic_02305,336,1,2,1,4,0,NONE
tx_legit_009133,usr_norm_1872,merch_razorpay_012,640.85,INR,2026-08-02T22:14:57+00:00,dev_fingerprint_1096,192.168.110.144,"Hyderabad, IN",pm_tok_synthetic_00512,209,1,0,3,2,0,NONE
tx_legit_008327,usr_norm_1728,merch_razorpay_011,631.64,INR,2026-08-02T22:17:50+00:00,dev_fingerprint_0149,192.168.225.184,"Hyderabad, IN",pm_tok_synthetic_02340,775,1,0,1,1,0,NONE
tx_legit_005104,usr_norm_0048,merch_razorpay_018,717.33,INR,2026-08-02T22:19:18+00:00,dev_fingerprint_1159,192.168.161.55,"Hyderabad, IN",pm_tok_synthetic_01641,101,3,0,1,1,0,NONE
tx_legit_004183,usr_norm_1783,merch_razorpay_027,664.85,INR,2026-08-02T22:23:53+00:00,dev_fingerprint_1142,192.168.53.172,"Mumbai, IN",pm_tok_synthetic_00786,150,1,0,3,2,0,NONE
tx_legit_000378,usr_norm_0690,merch_razorpay_039,425.78,INR,2026-08-02T22:25:19+00:00,dev_fingerprint_1862,192.168.185.225,"Ahmedabad, IN",pm_tok_synthetic_00673,490,1,0,1,3,0,NONE
tx_legit_006179,usr_norm_1098,merch_razorpay_027,1397.19,INR,2026-08-02T22:27:14+00:00,dev_fingerprint_1191,192.168.226.71,"Bengaluru, IN",pm_tok_synthetic_01659,817,2,0,1,1,0,NONE
tx_legit_001148,usr_norm_0306,merch_razorpay_013,423.23,INR,2026-08-02T22:29:36+00:00,dev_fingerprint_0496,192.168.54.172,"Kolkata, IN",pm_tok_synthetic_02175,261,1,0,1,1,0,NONE
tx_legit_000624,usr_norm_1209,merch_razorpay_011,1039.82,INR,2026-08-02T22:50:37+00:00,dev_fingerprint_1436,192.168.153.11,"Bengaluru, IN",pm_tok_synthetic_01293,452,1,0,1,1,0,NONE
tx_legit_004897,usr_norm_0499,merch_razorpay_032,1141.77,INR,2026-08-02T22:53:38+00:00,dev_fingerprint_0596,192.168.163.181,"Ahmedabad, IN",pm_tok_synthetic_00283,868,1,0,2,1,0,NONE
tx_legit_002677,usr_norm_0336,merch_razorpay_031,681.39,INR,2026-08-02T22:56:28+00:00,dev_fingerprint_0628,192.168.19.132,"Mumbai, IN",pm_tok_synthetic_00935,732,1,0,1,2,0,NONE
tx_legit_006862,usr_norm_1865,merch_razorpay_002,184.27,INR,2026-08-02T22:57:18+00:00,dev_fingerprint_1215,192.168.121.75,"Bengaluru, IN",pm_tok_synthetic_02171,892,1,0,1,1,0,NONE
tx_legit_000671,usr_norm_0994,merch_razorpay_041,863.35,INR,2026-08-02T23:00:05+00:00,dev_fingerprint_0845,192.168.31.185,"Delhi, IN",pm_tok_synthetic_02098,336,1,0,1,2,0,NONE
tx_legit_002278,usr_norm_0840,merch_razorpay_007,731.94,INR,2026-08-02T23:00:41+00:00,dev_fingerprint_0363,192.168.158.105,"Mumbai, IN",pm_tok_synthetic_01943,630,1,2,1,1,0,NONE
tx_legit_002036,usr_norm_1872,merch_razorpay_017,766.94,INR,2026-08-02T23:06:36+00:00,dev_fingerprint_1096,192.168.110.144,"Mumbai, IN",pm_tok_synthetic_00746,209,1,1,1,1,0,NONE
tx_legit_005360,usr_norm_1272,merch_razorpay_016,684.79,INR,2026-08-02T23:09:27+00:00,dev_fingerprint_0110,192.168.24.98,"Kolkata, IN",pm_tok_synthetic_00073,566,3,0,1,2,0,NONE
tx_legit_004144,usr_norm_0872,merch_razorpay_018,210.07,INR,2026-08-02T23:13:42+00:00,dev_fingerprint_0374,192.168.78.127,"Hyderabad, IN",pm_tok_synthetic_01374,700,1,0,1,1,0,NONE
tx_legit_003769,usr_norm_0479,merch_razorpay_024,917.97,INR,2026-08-02T23:16:16+00:00,dev_fingerprint_0779,192.168.49.25,"Kolkata, IN",pm_tok_synthetic_00406,305,1,0,2,1,0,NONE
tx_legit_002384,usr_norm_1785,merch_razorpay_025,609.77,INR,2026-08-02T23:20:00+00:00,dev_fingerprint_1105,192.168.246.167,"Hyderabad, IN",pm_tok_synthetic_00898,505,1,0,1,3,0,NONE
tx_legit_001333,usr_norm_0770,merch_razorpay_025,850.51,INR,2026-08-02T23:24:34+00:00,dev_fingerprint_0041,192.168.208.64,"Kolkata, IN",pm_tok_synthetic_01069,137,1,0,1,3,0,NONE
tx_legit_006379,usr_norm_1506,merch_razorpay_037,195.55,INR,2026-08-02T23:27:19+00:00,dev_fingerprint_1072,192.168.121.133,"Pune, IN",pm_tok_synthetic_01573,774,2,0,1,1,0,NONE
tx_legit_000456,usr_norm_0272,merch_razorpay_018,375.06,INR,2026-08-02T23:30:13+00:00,dev_fingerprint_1553,192.168.211.164,"Bengaluru, IN",pm_tok_synthetic_01304,196,1,0,3,1,0,NONE
tx_legit_000656,usr_norm_1468,merch_razorpay_027,283.2,INR,2026-08-02T23:30:38+00:00,dev_fingerprint_0298,192.168.30.249,"Hyderabad, IN",pm_tok_synthetic_00120,813,2,0,3,1,0,NONE
tx_legit_001198,usr_norm_1996,merch_razorpay_001,287.4,INR,2026-08-02T23:36:57+00:00,dev_fingerprint_0974,192.168.9.60,"Ahmedabad, IN",pm_tok_synthetic_02470,444,1,0,1,1,0,NONE
tx_legit_000850,usr_norm_1197,merch_razorpay_004,237.64,INR,2026-08-02T23:37:29+00:00,dev_fingerprint_1241,192.168.177.95,"Mumbai, IN",pm_tok_synthetic_00796,495,2,0,1,1,0,NONE
tx_legit_006414,usr_norm_0558,merch_razorpay_018,386.26,INR,2026-08-02T23:37:44+00:00,dev_fingerprint_0460,192.168.176.154,"Chennai, IN",pm_tok_synthetic_01182,202,1,0,1,2,0,NONE
tx_legit_007715,usr_norm_1130,merch_razorpay_001,353.64,INR,2026-08-02T23:38:39+00:00,dev_fingerprint_0431,192.168.76.57,"Delhi, IN",pm_tok_synthetic_01749,692,1,0,1,1,0,NONE
tx_legit_005699,usr_norm_1230,merch_razorpay_027,250.46,INR,2026-08-02T23:52:21+00:00,dev_fingerprint_0246,192.168.59.247,"Chennai, IN",pm_tok_synthetic_02122,501,1,0,1,3,0,NONE
tx_legit_007605,usr_norm_1301,merch_razorpay_040,737.98,INR,2026-08-02T23:54:15+00:00,dev_fingerprint_0373,10.0.177.125,"Kolkata, IN",pm_tok_synthetic_01186,143,2,1,2,1,0,NONE
tx_legit_006296,usr_norm_1373,merch_razorpay_037,273.33,INR,2026-08-03T00:08:45+00:00,dev_fingerprint_0216,192.168.131.192,"Chennai, IN",pm_tok_synthetic_02361,396,4,0,2,1,0,NONE
tx_legit_007251,usr_norm_0965,merch_razorpay_021,301.09,INR,2026-08-03T00:09:06+00:00,dev_fingerprint_0000,192.168.61.162,"Delhi, IN",pm_tok_synthetic_00372,840,1,1,1,1,0,NONE
tx_legit_007755,usr_norm_1665,merch_razorpay_002,1071.63,INR,2026-08-03T00:16:02+00:00,dev_fingerprint_1713,192.168.98.123,"Ahmedabad, IN",pm_tok_synthetic_02117,110,2,1,1,1,0,NONE
tx_legit_000848,usr_norm_0267,merch_razorpay_008,165.53,INR,2026-08-03T00:16:05+00:00,dev_fingerprint_0295,192.168.222.103,"Bengaluru, IN",pm_tok_synthetic_02467,551,2,0,1,1,0,NONE
tx_legit_002130,usr_norm_1833,merch_razorpay_039,403.81,INR,2026-08-03T00:18:04+00:00,dev_fingerprint_1297,192.168.7.190,"Mumbai, IN",pm_tok_synthetic_00289,424,1,0,1,2,0,NONE
tx_legit_003235,usr_norm_0407,merch_razorpay_020,628.8,INR,2026-08-03T00:27:30+00:00,dev_fingerprint_0579,192.168.141.214,"Kolkata, IN",pm_tok_synthetic_01909,576,1,0,1,2,0,NONE
tx_legit_001934,usr_norm_1288,merch_razorpay_046,1524.27,INR,2026-08-03T00:32:53+00:00,dev_fingerprint_0279,192.168.247.252,"Pune, IN",pm_tok_synthetic_01174,510,1,0,1,1,0,NONE
tx_legit_000296,usr_norm_0144,merch_razorpay_035,1027.81,INR,2026-08-03T00:37:54+00:00,dev_fingerprint_1806,192.168.153.18,"Ahmedabad, IN",pm_tok_synthetic_00115,356,1,0,1,1,0,NONE
tx_fraud_000391,usr_fraud_reuseC_010,merch_razorpay_044,10974.19,INR,2026-08-03T00:42:55+00:00,dev_reuseC_005,198.51.100.117,"Mumbai, IN",pm_tok_stolen_C_004,5,5,3,3,5,1,PAYMENT_REF_REUSE
tx_legit_002219,usr_norm_1352,merch_razorpay_011,586.69,INR,2026-08-03T00:45:29+00:00,dev_fingerprint_0793,192.168.141.26,"Pune, IN",pm_tok_synthetic_02146,729,1,0,1,2,0,NONE
tx_legit_003970,usr_norm_1365,merch_razorpay_037,1271.33,INR,2026-08-03T00:49:22+00:00,dev_fingerprint_0851,192.168.228.195,"Hyderabad, IN",pm_tok_synthetic_01511,843,3,0,1,1,0,NONE
tx_legit_000602,usr_norm_0376,merch_razorpay_005,970.36,INR,2026-08-03T00:57:47+00:00,dev_fingerprint_1440,192.168.251.213,"Ahmedabad, IN",pm_tok_synthetic_01703,280,2,0,1,4,0,NONE
tx_legit_003038,usr_norm_0782,merch_razorpay_049,317.29,INR,2026-08-03T00:59:01+00:00,dev_fingerprint_0111,192.168.172.51,"Chennai, IN",pm_tok_synthetic_00015,467,1,0,1,1,0,NONE
tx_legit_004175,usr_norm_1823,merch_razorpay_028,144.69,INR,2026-08-03T01:12:57+00:00,dev_fingerprint_1426,192.168.228.195,"Hyderabad, IN",pm_tok_synthetic_00401,493,1,0,1,1,0,NONE
tx_fraud_000504,usr_fraud_anomD_023,merch_razorpay_011,56087.88,INR,2026-08-03T01:21:09+00:00,dev_anomD_023,192.0.2.138,Unknown / VPN Node,pm_tok_anomD_023,10,15,3,1,4,1,BEHAVIORAL_ANOMALY
tx_legit_004947,usr_norm_1434,merch_razorpay_006,879.52,INR,2026-08-03T01:29:14+00:00,dev_fingerprint_1071,192.168.105.24,"Mumbai, IN",pm_tok_synthetic_01059,591,1,0,1,2,0,NONE
tx_legit_004411,usr_norm_1469,merch_razorpay_034,1186.52,INR,2026-08-03T01:29:30+00:00,dev_fingerprint_0652,192.168.128.214,"Bengaluru, IN",pm_tok_synthetic_01695,451,1,0,1,4,0,NONE
tx_legit_003201,usr_norm_1773,merch_razorpay_003,510.6,INR,2026-08-03T01:34:06+00:00,dev_fingerprint_0323,10.0.17.46,"Mumbai, IN",pm_tok_synthetic_01994,112,1,1,1,1,0,NONE
tx_legit_007731,usr_norm_1389,merch_razorpay_022,538.5,INR,2026-08-03T01:35:14+00:00,dev_fingerprint_1047,192.168.167.70,"Bengaluru, IN",pm_tok_synthetic_02337,615,1,0,1,1,0,NONE
tx_legit_007877,usr_norm_1952,merch_razorpay_036,250.98,INR,2026-08-03T01:43:11+00:00,dev_fingerprint_1643,10.0.216.125,"Chennai, IN",pm_tok_synthetic_00928,344,1,0,1,1,0,NONE
tx_legit_007040,usr_norm_1571,merch_razorpay_009,731.95,INR,2026-08-03T01:46:02+00:00,dev_fingerprint_0925,10.0.191.80,"Kolkata, IN",pm_tok_synthetic_01239,251,2,0,1,4,0,NONE
tx_legit_006111,usr_norm_1360,merch_razorpay_035,384.93,INR,2026-08-03T01:50:57+00:00,dev_fingerprint_1003,10.0.148.5,"Pune, IN",pm_tok_synthetic_02417,292,1,0,1,1,0,NONE
tx_legit_003390,usr_norm_0615,merch_razorpay_033,1539.95,INR,2026-08-03T01:57:27+00:00,dev_fingerprint_1261,10.0.63.22,"Chennai, IN",pm_tok_synthetic_01812,252,1,0,1,1,0,NONE
tx_legit_008721,usr_norm_0069,merch_razorpay_018,196.44,INR,2026-08-03T02:01:50+00:00,dev_fingerprint_0038,192.168.108.100,"Hyderabad, IN",pm_tok_synthetic_00318,350,1,0,2,1,0,NONE
tx_legit_006230,usr_norm_1631,merch_razorpay_004,870.11,INR,2026-08-03T02:02:59+00:00,dev_fingerprint_1302,192.168.249.40,"Delhi, IN",pm_tok_synthetic_00928,805,1,0,1,1,0,NONE
tx_legit_001159,usr_norm_0759,merch_razorpay_007,676.76,INR,2026-08-03T02:05:46+00:00,dev_fingerprint_0343,192.168.19.148,"Delhi, IN",pm_tok_synthetic_00363,871,1,1,1,2,0,NONE
tx_legit_005961,usr_norm_0533,merch_razorpay_040,252.09,INR,2026-08-03T02:10:23+00:00,dev_fingerprint_1633,192.168.139.16,"Pune, IN",pm_tok_synthetic_00842,315,1,0,3,1,0,NONE
tx_legit_008811,usr_norm_1249,merch_razorpay_042,1672.03,INR,2026-08-03T02:17:54+00:00,dev_fingerprint_0441,192.168.160.178,"Pune, IN",pm_tok_synthetic_01041,517,1,0,1,1,0,NONE
tx_legit_001670,usr_norm_0658,merch_razorpay_037,181.77,INR,2026-08-03T02:21:09+00:00,dev_fingerprint_0500,192.168.72.117,"Pune, IN",pm_tok_synthetic_01932,402,1,0,1,4,0,NONE
tx_legit_003113,usr_norm_0622,merch_razorpay_022,178.39,INR,2026-08-03T02:22:21+00:00,dev_fingerprint_1348,192.168.145.222,"Pune, IN",pm_tok_synthetic_01235,240,1,0,1,4,0,NONE
tx_legit_001932,usr_norm_1248,merch_razorpay_011,428.85,INR,2026-08-03T02:22:23+00:00,dev_fingerprint_0815,192.168.227.138,"Kolkata, IN",pm_tok_synthetic_00669,91,1,0,1,1,0,NONE
tx_legit_003834,usr_norm_0317,merch_razorpay_006,536.2,INR,2026-08-03T02:29:16+00:00,dev_fingerprint_1923,192.168.62.147,"Kolkata, IN",pm_tok_synthetic_02029,220,1,0,1,2,0,NONE
tx_legit_002740,usr_norm_1960,merch_razorpay_004,725.17,INR,2026-08-03T02:31:36+00:00,dev_fingerprint_1645,10.0.117.204,"Hyderabad, IN",pm_tok_synthetic_00395,831,1,0,1,3,0,NONE
tx_legit_002090,usr_norm_0589,merch_razorpay_036,1342.56,INR,2026-08-03T02:33:57+00:00,dev_fingerprint_0433,192.168.55.117,"Bengaluru, IN",pm_tok_synthetic_01099,360,1,1,1,1,0,NONE
tx_fraud_000382,usr_fraud_reuseC_001,merch_razorpay_002,6339.63,INR,2026-08-03T02:34:11+00:00,dev_reuseC_008,198.51.100.153,"Kolkata, IN",pm_tok_stolen_C_001,2,6,2,4,6,1,PAYMENT_REF_REUSE
tx_legit_006804,usr_norm_1678,merch_razorpay_017,465.9,INR,2026-08-03T02:38:35+00:00,dev_fingerprint_0992,192.168.103.93,"Pune, IN",pm_tok_synthetic_00519,547,1,0,1,1,0,NONE
tx_legit_001600,usr_norm_1953,merch_razorpay_028,343.5,INR,2026-08-03T02:39:27+00:00,dev_fingerprint_0256,192.168.184.125,"Bengaluru, IN",pm_tok_synthetic_00533,110,2,0,1,2,0,NONE
tx_legit_002783,usr_norm_1708,merch_razorpay_028,1048.97,INR,2026-08-03T02:43:44+00:00,dev_fingerprint_1075,192.168.41.117,"Chennai, IN",pm_tok_synthetic_01826,389,1,0,1,1,0,NONE
tx_legit_002898,usr_norm_0817,merch_razorpay_024,290.91,INR,2026-08-03T02:44:17+00:00,dev_fingerprint_1247,10.0.51.192,"Mumbai, IN",pm_tok_synthetic_00153,206,1,0,1,4,0,NONE
tx_legit_003646,usr_norm_0604,merch_razorpay_010,248.48,INR,2026-08-03T02:48:58+00:00,dev_fingerprint_1215,192.168.61.104,"Mumbai, IN",pm_tok_synthetic_02127,726,2,0,2,1,0,NONE
tx_legit_006346,usr_norm_1386,merch_razorpay_049,708.89,INR,2026-08-03T02:49:31+00:00,dev_fingerprint_0618,192.168.229.140,"Mumbai, IN",pm_tok_synthetic_01230,257,2,0,1,1,0,NONE
tx_legit_005613,usr_norm_1066,merch_razorpay_011,329.36,INR,2026-08-03T02:55:55+00:00,dev_fingerprint_0800,192.168.203.211,"Mumbai, IN",pm_tok_synthetic_02235,332,4,0,2,1,0,NONE
tx_legit_008748,usr_norm_1529,merch_razorpay_010,232.25,INR,2026-08-03T03:08:32+00:00,dev_fingerprint_1185,192.168.190.189,"Ahmedabad, IN",pm_tok_synthetic_00146,125,1,0,1,2,0,NONE
tx_legit_005525,usr_norm_1792,merch_razorpay_029,262.24,INR,2026-08-03T03:11:14+00:00,dev_fingerprint_0928,192.168.21.219,"Ahmedabad, IN",pm_tok_synthetic_00427,788,2,0,1,2,0,NONE
tx_legit_008933,usr_norm_0639,merch_razorpay_016,418.03,INR,2026-08-03T03:14:01+00:00,dev_fingerprint_0318,192.168.78.218,"Mumbai, IN",pm_tok_synthetic_01338,430,1,0,1,2,0,NONE
tx_legit_002061,usr_norm_0546,merch_razorpay_046,491.72,INR,2026-08-03T03:14:11+00:00,dev_fingerprint_1177,192.168.111.202,"Ahmedabad, IN",pm_tok_synthetic_01817,220,1,0,1,2,0,NONE
tx_legit_005876,usr_norm_0693,merch_razorpay_008,451.48,INR,2026-08-03T03:15:54+00:00,dev_fingerprint_1646,192.168.220.226,"Kolkata, IN",pm_tok_synthetic_01085,152,1,1,2,1,0,NONE
tx_legit_005971,usr_norm_0927,merch_razorpay_004,990.16,INR,2026-08-03T03:16:22+00:00,dev_fingerprint_1319,192.168.159.21,"Pune, IN",pm_tok_synthetic_01870,333,2,0,1,1,0,NONE
tx_legit_006575,usr_norm_0407,merch_razorpay_022,802.76,INR,2026-08-03T03:22:31+00:00,dev_fingerprint_0579,192.168.141.214,"Bengaluru, IN",pm_tok_synthetic_01909,576,1,0,1,2,0,NONE
tx_legit_005217,usr_norm_1400,merch_razorpay_009,278.89,INR,2026-08-03T03:23:38+00:00,dev_fingerprint_0160,192.168.115.138,"Mumbai, IN",pm_tok_synthetic_00229,819,1,0,3,1,0,NONE
tx_legit_000030,usr_norm_0694,merch_razorpay_033,302.76,INR,2026-08-03T03:27:09+00:00,dev_fingerprint_0185,192.168.232.9,"Kolkata, IN",pm_tok_synthetic_01246,876,3,0,3,1,0,NONE
tx_legit_008196,usr_norm_1122,merch_razorpay_015,364.95,INR,2026-08-03T03:36:22+00:00,dev_fingerprint_0987,192.168.159.65,"Pune, IN",pm_tok_synthetic_02474,36,1,0,1,1,0,NONE
tx_legit_001197,usr_norm_1020,merch_razorpay_021,347.01,INR,2026-08-03T03:36:27+00:00,dev_fingerprint_1484,10.0.147.65,"Mumbai, IN",pm_tok_synthetic_00792,331,2,1,1,1,0,NONE
tx_legit_001812,usr_norm_0829,merch_razorpay_032,2733.32,INR,2026-08-03T03:44:47+00:00,dev_fingerprint_0992,10.0.142.202,"Bengaluru, IN",pm_tok_synthetic_02115,412,1,0,1,1,0,NONE
tx_legit_001998,usr_norm_0054,merch_razorpay_015,1098.37,INR,2026-08-03T03:53:02+00:00,dev_fingerprint_0318,10.0.25.131,"Kolkata, IN",pm_tok_synthetic_00203,720,1,0,1,2,0,NONE
tx_legit_009064,usr_norm_0649,merch_razorpay_011,578.64,INR,2026-08-03T03:53:10+00:00,dev_fingerprint_0241,192.168.107.88,"Mumbai, IN",pm_tok_synthetic_00120,373,4,0,1,1,0,NONE
tx_legit_006721,usr_norm_1405,merch_razorpay_010,864.28,INR,2026-08-03T04:00:55+00:00,dev_fingerprint_0624,192.168.42.247,"Mumbai, IN",pm_tok_synthetic_00168,356,1,0,1,3,0,NONE
tx_legit_001215,usr_norm_0979,merch_razorpay_033,700.54,INR,2026-08-03T04:05:37+00:00,dev_fingerprint_0247,192.168.150.98,"Chennai, IN",pm_tok_synthetic_01609,250,1,2,1,1,0,NONE
tx_legit_000476,usr_norm_0594,merch_razorpay_021,190.72,INR,2026-08-03T04:08:43+00:00,dev_fingerprint_0254,192.168.173.68,"Delhi, IN",pm_tok_synthetic_00647,481,1,0,1,1,0,NONE
tx_legit_002886,usr_norm_1011,merch_razorpay_000,237.53,INR,2026-08-03T04:09:17+00:00,dev_fingerprint_0926,192.168.88.29,"Bengaluru, IN",pm_tok_synthetic_02301,259,2,0,1,1,0,NONE
tx_legit_002330,usr_norm_1475,merch_razorpay_008,791.2,INR,2026-08-03T04:16:54+00:00,dev_fingerprint_0162,10.0.109.90,"Chennai, IN",pm_tok_synthetic_01952,167,3,0,1,1,0,NONE
tx_legit_001095,usr_norm_1947,merch_razorpay_013,574.16,INR,2026-08-03T04:25:55+00:00,dev_fingerprint_0982,10.0.9.109,"Chennai, IN",pm_tok_synthetic_01276,737,2,0,1,1,0,NONE
tx_legit_001866,usr_norm_1172,merch_razorpay_011,582.1,INR,2026-08-03T04:29:32+00:00,dev_fingerprint_1444,192.168.193.61,"Mumbai, IN",pm_tok_synthetic_00565,705,2,0,1,1,0,NONE
tx_legit_006526,usr_norm_1756,merch_razorpay_021,418.34,INR,2026-08-03T04:33:51+00:00,dev_fingerprint_0289,192.168.7.22,"Kolkata, IN",pm_tok_synthetic_00078,512,1,0,1,1,0,NONE
tx_legit_000266,usr_norm_1557,merch_razorpay_000,1152.57,INR,2026-08-03T04:38:04+00:00,dev_fingerprint_0072,192.168.159.58,"Ahmedabad, IN",pm_tok_synthetic_02388,523,2,0,3,2,0,NONE
tx_legit_000800,usr_norm_0030,merch_razorpay_004,457.21,INR,2026-08-03T04:47:22+00:00,dev_fingerprint_0874,192.168.7.46,"Kolkata, IN",pm_tok_synthetic_01044,413,2,0,1,2,0,NONE
tx_fraud_000631,usr_fraud_anomD_150,merch_razorpay_021,71247.52,INR,2026-08-03T04:51:26+00:00,dev_anomD_150,192.0.2.147,Unknown / VPN Node,pm_tok_anomD_150,8,7,4,3,2,1,BEHAVIORAL_ANOMALY
tx_legit_000812,usr_norm_1497,merch_razorpay_043,197.01,INR,2026-08-03T04:51:41+00:00,dev_fingerprint_1025,10.0.27.211,"Chennai, IN",pm_tok_synthetic_00736,827,1,0,1,2,0,NONE
tx_legit_007024,usr_norm_0984,merch_razorpay_013,506.0,INR,2026-08-03T04:52:38+00:00,dev_fingerprint_1541,192.168.177.95,"Mumbai, IN",pm_tok_synthetic_01225,34,1,0,1,2,0,NONE
tx_legit_002371,usr_norm_1268,merch_razorpay_001,265.2,INR,2026-08-03T04:56:37+00:00,dev_fingerprint_1517,192.168.207.79,"Pune, IN",pm_tok_synthetic_00961,707,1,0,1,2,0,NONE
tx_legit_002025,usr_norm_1508,merch_razorpay_021,1359.44,INR,2026-08-03T05:05:39+00:00,dev_fingerprint_1670,10.0.44.131,"Mumbai, IN",pm_tok_synthetic_00179,816,2,0,1,1,0,NONE
tx_legit_004993,usr_norm_0971,merch_razorpay_046,133.96,INR,2026-08-03T05:11:06+00:00,dev_fingerprint_1467,10.0.116.168,"Delhi, IN",pm_tok_synthetic_01488,763,1,0,1,1,0,NONE
tx_legit_004284,usr_norm_1815,merch_razorpay_000,774.44,INR,2026-08-03T05:11:51+00:00,dev_fingerprint_0443,192.168.104.178,"Hyderabad, IN",pm_tok_synthetic_01939,887,1,0,1,2,0,NONE
tx_legit_001054,usr_norm_0807,merch_razorpay_028,733.37,INR,2026-08-03T05:14:11+00:00,dev_fingerprint_0794,192.168.167.70,"Delhi, IN",pm_tok_synthetic_01627,595,1,0,1,1,0,NONE
tx_legit_008614,usr_norm_0133,merch_razorpay_001,203.21,INR,2026-08-03T05:16:55+00:00,dev_fingerprint_0782,192.168.5.192,"Mumbai, IN",pm_tok_synthetic_02160,458,1,0,1,2,0,NONE
tx_legit_005712,usr_norm_1624,merch_razorpay_035,669.46,INR,2026-08-03T05:26:53+00:00,dev_fingerprint_0996,192.168.51.40,"Ahmedabad, IN",pm_tok_synthetic_02425,640,2,0,1,1,0,NONE
tx_legit_008871,usr_norm_0847,merch_razorpay_011,472.18,INR,2026-08-03T05:31:08+00:00,dev_fingerprint_1397,192.168.8.24,"Kolkata, IN",pm_tok_synthetic_01941,165,3,0,2,1,0,NONE
tx_legit_003319,usr_norm_1916,merch_razorpay_010,1329.72,INR,2026-08-03T05:33:44+00:00,dev_fingerprint_1011,192.168.199.124,"Pune, IN",pm_tok_synthetic_01898,259,2,0,1,1,0,NONE
tx_legit_001023,usr_norm_0766,merch_razorpay_020,308.26,INR,2026-08-03T05:35:52+00:00,dev_fingerprint_1118,192.168.241.98,"Hyderabad, IN",pm_tok_synthetic_00415,878,3,0,1,1,0,NONE
tx_legit_003779,usr_norm_1026,merch_razorpay_002,159.6,INR,2026-08-03T05:36:57+00:00,dev_fingerprint_0676,10.0.180.110,"Ahmedabad, IN",pm_tok_synthetic_00634,70,1,0,1,1,0,NONE
tx_legit_005188,usr_norm_1843,merch_razorpay_036,660.07,INR,2026-08-03T05:48:30+00:00,dev_fingerprint_1452,192.168.211.1,"Mumbai, IN",pm_tok_synthetic_00838,171,1,0,1,2,0,NONE
tx_legit_001212,usr_norm_0458,merch_razorpay_027,624.17,INR,2026-08-03T05:51:01+00:00,dev_fingerprint_0475,192.168.76.92,"Chennai, IN",pm_tok_synthetic_00311,378,1,0,1,1,0,NONE
tx_legit_006545,usr_norm_0440,merch_razorpay_048,372.93,INR,2026-08-03T05:53:07+00:00,dev_fingerprint_0462,192.168.54.175,"Kolkata, IN",pm_tok_synthetic_00330,699,1,0,1,2,0,NONE
tx_legit_005562,usr_norm_0194,merch_razorpay_010,751.91,INR,2026-08-03T05:53:37+00:00,dev_fingerprint_0897,192.168.142.76,"Hyderabad, IN",pm_tok_synthetic_00517,98,1,0,1,1,0,NONE
tx_legit_005352,usr_norm_0606,merch_razorpay_043,542.81,INR,2026-08-03T05:54:38+00:00,dev_fingerprint_0703,192.168.85.219,"Ahmedabad, IN",pm_tok_synthetic_00493,462,1,0,1,1,0,NONE
tx_legit_007679,usr_norm_1949,merch_razorpay_014,1077.84,INR,2026-08-03T05:55:34+00:00,dev_fingerprint_1071,192.168.142.38,"Chennai, IN",pm_tok_synthetic_01401,206,1,0,1,1,0,NONE
tx_legit_005344,usr_norm_1627,merch_razorpay_028,148.86,INR,2026-08-03T05:57:12+00:00,dev_fingerprint_0142,192.168.85.91,"Chennai, IN",pm_tok_synthetic_00445,731,1,0,1,1,0,NONE
tx_legit_001242,usr_norm_0377,merch_razorpay_041,116.5,INR,2026-08-03T06:00:35+00:00,dev_fingerprint_0090,192.168.7.12,"Mumbai, IN",pm_tok_synthetic_01797,269,2,0,1,1,0,NONE
tx_legit_002545,usr_norm_1337,merch_razorpay_037,189.11,INR,2026-08-03T06:01:23+00:00,dev_fingerprint_1555,192.168.119.106,"Ahmedabad, IN",pm_tok_synthetic_00790,51,1,0,1,2,0,NONE
tx_legit_003355,usr_norm_0694,merch_razorpay_022,523.33,INR,2026-08-03T06:06:35+00:00,dev_fingerprint_0185,192.168.232.9,"Ahmedabad, IN",pm_tok_synthetic_01246,876,1,0,1,3,0,NONE
tx_legit_007144,usr_norm_0155,merch_razorpay_034,281.5,INR,2026-08-03T06:07:56+00:00,dev_fingerprint_0227,10.0.103.211,"Delhi, IN",pm_tok_synthetic_02047,641,1,0,1,1,0,NONE
tx_legit_004366,usr_norm_1207,merch_razorpay_022,636.93,INR,2026-08-03T06:11:13+00:00,dev_fingerprint_0987,192.168.42.139,"Hyderabad, IN",pm_tok_synthetic_01056,99,1,0,1,1,0,NONE
tx_legit_006774,usr_norm_1911,merch_razorpay_041,1574.81,INR,2026-08-03T06:11:20+00:00,dev_fingerprint_0358,10.0.20.38,"Pune, IN",pm_tok_synthetic_01892,757,1,0,1,2,0,NONE
tx_legit_003602,usr_norm_1024,merch_razorpay_010,238.12,INR,2026-08-03T06:15:19+00:00,dev_fingerprint_1139,192.168.35.68,"Pune, IN",pm_tok_synthetic_00532,194,1,0,1,2,0,NONE
tx_legit_002983,usr_norm_0479,merch_razorpay_017,229.86,INR,2026-08-03T06:22:55+00:00,dev_fingerprint_0779,192.168.49.25,"Delhi, IN",pm_tok_synthetic_00568,305,2,0,1,1,0,NONE
tx_legit_005435,usr_norm_0466,merch_razorpay_036,2018.83,INR,2026-08-03T06:24:07+00:00,dev_fingerprint_0548,192.168.57.2,"Delhi, IN",pm_tok_synthetic_01556,758,2,0,1,2,0,NONE
tx_legit_008024,usr_norm_1626,merch_razorpay_010,275.04,INR,2026-08-03T06:24:45+00:00,dev_fingerprint_0911,192.168.252.166,"Chennai, IN",pm_tok_synthetic_01261,445,1,0,1,1,0,NONE
tx_legit_006000,usr_norm_1119,merch_razorpay_040,398.13,INR,2026-08-03T06:24:56+00:00,dev_fingerprint_1338,192.168.188.34,"Hyderabad, IN",pm_tok_synthetic_00318,559,1,0,1,1,0,NONE
tx_legit_002283,usr_norm_0218,merch_razorpay_010,241.2,INR,2026-08-03T06:27:27+00:00,dev_fingerprint_1177,10.0.180.6,"Pune, IN",pm_tok_synthetic_00513,354,1,0,1,2,0,NONE
tx_legit_008468,usr_norm_1965,merch_razorpay_030,162.7,INR,2026-08-03T06:43:30+00:00,dev_fingerprint_0712,192.168.99.231,"Mumbai, IN",pm_tok_synthetic_00657,542,1,0,1,1,0,NONE
tx_legit_000975,usr_norm_0163,merch_razorpay_001,1014.1,INR,2026-08-03T06:45:07+00:00,dev_fingerprint_0041,10.0.148.3,"Delhi, IN",pm_tok_synthetic_01925,74,1,0,2,3,0,NONE
tx_legit_002014,usr_norm_0235,merch_razorpay_000,311.2,INR,2026-08-03T06:45:58+00:00,dev_fingerprint_1265,10.0.129.119,"Hyderabad, IN",pm_tok_synthetic_00124,539,1,0,1,2,0,NONE
tx_legit_006203,usr_norm_0287,merch_razorpay_030,290.0,INR,2026-08-03T06:46:34+00:00,dev_fingerprint_1027,192.168.73.186,"Chennai, IN",pm_tok_synthetic_01931,898,1,0,1,1,0,NONE
tx_legit_003428,usr_norm_1544,merch_razorpay_028,497.32,INR,2026-08-03T06:51:20+00:00,dev_fingerprint_1725,192.168.140.10,"Ahmedabad, IN",pm_tok_synthetic_00792,31,1,0,1,1,0,NONE
tx_legit_008950,usr_norm_0882,merch_razorpay_003,622.95,INR,2026-08-03T06:51:58+00:00,dev_fingerprint_0937,192.168.177.52,"Mumbai, IN",pm_tok_synthetic_01295,762,1,0,1,3,0,NONE
tx_legit_001728,usr_norm_1963,merch_razorpay_001,335.13,INR,2026-08-03T06:59:24+00:00,dev_fingerprint_1373,192.168.131.30,"Pune, IN",pm_tok_synthetic_00119,122,1,1,1,1,0,NONE
tx_legit_005486,usr_norm_0397,merch_razorpay_008,166.51,INR,2026-08-03T07:01:55+00:00,dev_fingerprint_0759,192.168.98.153,"Pune, IN",pm_tok_synthetic_02193,771,1,0,1,1,0,NONE
tx_legit_006969,usr_norm_1149,merch_razorpay_002,836.12,INR,2026-08-03T07:05:36+00:00,dev_fingerprint_1228,192.168.148.50,"Chennai, IN",pm_tok_synthetic_02176,545,1,0,2,1,0,NONE
tx_legit_007585,usr_norm_1368,merch_razorpay_020,612.69,INR,2026-08-03T07:11:16+00:00,dev_fingerprint_0622,192.168.64.191,"Pune, IN",pm_tok_synthetic_00884,561,1,0,2,1,0,NONE
tx_legit_000823,usr_norm_1981,merch_razorpay_040,432.21,INR,2026-08-03T07:15:47+00:00,dev_fingerprint_0580,192.168.139.120,"Chennai, IN",pm_tok_synthetic_02459,783,1,0,1,3,0,NONE
tx_legit_005813,usr_norm_0909,merch_razorpay_016,2225.67,INR,2026-08-03T07:18:03+00:00,dev_fingerprint_0778,192.168.93.225,"Chennai, IN",pm_tok_synthetic_02241,288,1,0,1,1,0,NONE
tx_legit_009051,usr_norm_0706,merch_razorpay_014,518.02,INR,2026-08-03T07:20:47+00:00,dev_fingerprint_1200,192.168.3.171,"Pune, IN",pm_tok_synthetic_00307,52,1,0,1,1,0,NONE
tx_legit_001927,usr_norm_1868,merch_razorpay_030,235.35,INR,2026-08-03T07:28:54+00:00,dev_fingerprint_0532,192.168.31.242,"Kolkata, IN",pm_tok_synthetic_01983,410,2,0,1,1,0,NONE
tx_legit_003029,usr_norm_0759,merch_razorpay_022,2683.02,INR,2026-08-03T07:31:27+00:00,dev_fingerprint_0343,10.0.88.153,"Hyderabad, IN",pm_tok_synthetic_00363,871,1,0,1,1,0,NONE
tx_legit_000122,usr_norm_1563,merch_razorpay_011,528.22,INR,2026-08-03T07:38:23+00:00,dev_fingerprint_1403,192.168.50.103,"Hyderabad, IN",pm_tok_synthetic_01448,97,2,0,1,2,0,NONE
tx_legit_005725,usr_norm_1331,merch_razorpay_036,305.02,INR,2026-08-03T07:41:46+00:00,dev_fingerprint_0183,10.0.69.13,"Delhi, IN",pm_tok_synthetic_00645,541,2,0,2,1,0,NONE
tx_legit_004275,usr_norm_1370,merch_razorpay_044,513.03,INR,2026-08-03T07:45:02+00:00,dev_fingerprint_0789,192.168.141.26,"Bengaluru, IN",pm_tok_synthetic_00267,568,1,0,1,1,0,NONE
tx_legit_004261,usr_norm_0167,merch_razorpay_020,222.06,INR,2026-08-03T07:56:01+00:00,dev_fingerprint_1191,192.168.133.93,"Delhi, IN",pm_tok_synthetic_00440,166,1,1,1,2,0,NONE
tx_legit_007575,usr_norm_1479,merch_razorpay_003,797.96,INR,2026-08-03T07:58:54+00:00,dev_fingerprint_0335,192.168.4.249,"Hyderabad, IN",pm_tok_synthetic_00926,63,1,0,1,1,0,NONE
tx_legit_005520,usr_norm_0356,merch_razorpay_030,887.41,INR,2026-08-03T07:59:44+00:00,dev_fingerprint_0044,192.168.86.24,"Chennai, IN",pm_tok_synthetic_01042,866,3,0,1,1,0,NONE
tx_legit_002171,usr_norm_0370,merch_razorpay_005,456.07,INR,2026-08-03T08:14:58+00:00,dev_fingerprint_1089,192.168.78.104,"Hyderabad, IN",pm_tok_synthetic_00940,283,1,0,1,1,0,NONE
tx_fraud_000335,usr_fraud_reuseC_014,merch_razorpay_004,6391.11,INR,2026-08-03T08:20:22+00:00,dev_reuseC_014,198.51.100.190,"Kolkata, IN",pm_tok_stolen_C_001,0,6,1,5,6,1,PAYMENT_REF_REUSE
tx_legit_004096,usr_norm_1026,merch_razorpay_048,424.47,INR,2026-08-03T08:36:27+00:00,dev_fingerprint_1682,192.168.2.242,"Delhi, IN",pm_tok_synthetic_00634,70,1,0,1,4,0,NONE
tx_legit_004079,usr_norm_1515,merch_razorpay_033,1610.8,INR,2026-08-03T08:53:29+00:00,dev_fingerprint_1539,192.168.98.72,"Mumbai, IN",pm_tok_synthetic_02042,586,1,0,1,1,0,NONE
tx_legit_005825,usr_norm_1240,merch_razorpay_009,700.0,INR,2026-08-03T09:09:39+00:00,dev_fingerprint_1179,10.0.154.169,"Pune, IN",pm_tok_synthetic_00936,863,1,0,1,1,0,NONE
tx_fraud_000552,usr_fraud_anomD_071,merch_razorpay_049,85248.98,INR,2026-08-03T09:11:53+00:00,dev_anomD_071,192.0.2.129,Unknown / VPN Node,pm_tok_anomD_071,6,7,7,3,4,1,BEHAVIORAL_ANOMALY
tx_legit_009118,usr_norm_1063,merch_razorpay_040,848.58,INR,2026-08-03T09:17:22+00:00,dev_fingerprint_0576,192.168.236.154,"Ahmedabad, IN",pm_tok_synthetic_01792,420,1,0,1,1,0,NONE
tx_legit_007537,usr_norm_0163,merch_razorpay_021,585.6,INR,2026-08-03T09:17:53+00:00,dev_fingerprint_0041,192.168.231.246,"Ahmedabad, IN",pm_tok_synthetic_01925,74,1,0,1,1,0,NONE
tx_legit_000426,usr_norm_0713,merch_razorpay_012,843.39,INR,2026-08-03T09:20:19+00:00,dev_fingerprint_1667,10.0.238.59,"Chennai, IN",pm_tok_synthetic_00766,311,1,0,1,1,0,NONE
tx_legit_006828,usr_norm_0208,merch_razorpay_016,692.22,INR,2026-08-03T09:23:34+00:00,dev_fingerprint_0711,192.168.235.72,"Mumbai, IN",pm_tok_synthetic_00265,593,2,0,1,2,0,NONE
tx_legit_005300,usr_norm_0256,merch_razorpay_007,530.58,INR,2026-08-03T09:23:48+00:00,dev_fingerprint_1339,10.0.13.188,"Ahmedabad, IN",pm_tok_synthetic_01927,322,1,0,1,1,0,NONE
tx_legit_003708,usr_norm_0029,merch_razorpay_017,2841.0,INR,2026-08-03T09:30:28+00:00,dev_fingerprint_0851,192.168.212.253,"Mumbai, IN",pm_tok_synthetic_00389,350,2,1,1,2,0,NONE
tx_legit_007869,usr_norm_0013,merch_razorpay_042,853.35,INR,2026-08-03T09:34:42+00:00,dev_fingerprint_0918,192.168.169.126,"Delhi, IN",pm_tok_synthetic_01482,555,1,0,1,2,0,NONE
tx_legit_004884,usr_norm_0343,merch_razorpay_044,272.56,INR,2026-08-03T09:35:18+00:00,dev_fingerprint_1616,10.0.163.125,"Chennai, IN",pm_tok_synthetic_00894,810,1,0,1,2,0,NONE
tx_legit_001034,usr_norm_0788,merch_razorpay_044,209.09,INR,2026-08-03T09:40:12+00:00,dev_fingerprint_0542,192.168.17.99,"Hyderabad, IN",pm_tok_synthetic_02228,426,1,0,1,1,0,NONE
tx_legit_003982,usr_norm_1701,merch_razorpay_048,218.5,INR,2026-08-03T09:44:37+00:00,dev_fingerprint_0553,192.168.142.40,"Bengaluru, IN",pm_tok_synthetic_00402,291,2,0,1,4,0,NONE
tx_legit_001970,usr_norm_1364,merch_razorpay_003,845.67,INR,2026-08-03T09:46:24+00:00,dev_fingerprint_1308,192.168.143.57,"Pune, IN",pm_tok_synthetic_01478,601,1,0,1,2,0,NONE
tx_legit_007807,usr_norm_0657,merch_razorpay_038,393.68,INR,2026-08-03T09:50:18+00:00,dev_fingerprint_1042,192.168.71.63,"Bengaluru, IN",pm_tok_synthetic_00180,42,1,0,1,1,0,NONE
tx_legit_003758,usr_norm_1244,merch_razorpay_010,315.11,INR,2026-08-03T09:54:03+00:00,dev_fingerprint_1771,192.168.252.166,"Kolkata, IN",pm_tok_synthetic_01726,541,1,0,1,5,0,NONE
tx_legit_008542,usr_norm_1092,merch_razorpay_043,113.38,INR,2026-08-03T10:04:55+00:00,dev_fingerprint_0625,10.0.46.109,"Pune, IN",pm_tok_synthetic_02259,141,1,0,1,2,0,NONE
tx_legit_002535,usr_norm_0871,merch_razorpay_043,275.05,INR,2026-08-03T10:10:35+00:00,dev_fingerprint_0529,192.168.23.81,"Mumbai, IN",pm_tok_synthetic_02289,811,2,0,1,3,0,NONE
tx_legit_004803,usr_norm_1405,merch_razorpay_009,691.04,INR,2026-08-03T10:14:45+00:00,dev_fingerprint_0624,192.168.42.247,"Ahmedabad, IN",pm_tok_synthetic_00168,356,2,0,1,1,0,NONE
tx_legit_000916,usr_norm_0381,merch_razorpay_033,684.79,INR,2026-08-03T10:15:01+00:00,dev_fingerprint_1224,192.168.130.69,"Ahmedabad, IN",pm_tok_synthetic_00488,272,1,0,2,1,0,NONE
tx_legit_008524,usr_norm_0003,merch_razorpay_047,389.63,INR,2026-08-03T10:23:23+00:00,dev_fingerprint_1156,192.168.74.109,"Delhi, IN",pm_tok_synthetic_00281,879,1,0,1,2,0,NONE
tx_legit_000905,usr_norm_1106,merch_razorpay_041,552.97,INR,2026-08-03T10:23:51+00:00,dev_fingerprint_1257,192.168.153.192,"Pune, IN",pm_tok_synthetic_00679,805,1,0,1,2,0,NONE
tx_legit_001391,usr_norm_1446,merch_razorpay_002,175.53,INR,2026-08-03T10:40:00+00:00,dev_fingerprint_0180,192.168.64.224,"Mumbai, IN",pm_tok_synthetic_00814,542,3,1,1,1,0,NONE
tx_legit_006532,usr_norm_1447,merch_razorpay_037,439.32,INR,2026-08-03T10:40:26+00:00,dev_fingerprint_0937,192.168.212.188,"Ahmedabad, IN",pm_tok_synthetic_00088,70,4,0,1,1,0,NONE
tx_legit_002335,usr_norm_0940,merch_razorpay_024,494.16,INR,2026-08-03T10:44:27+00:00,dev_fingerprint_0326,10.0.75.197,"Kolkata, IN",pm_tok_synthetic_01704,634,1,0,1,3,0,NONE
tx_legit_007224,usr_norm_1253,merch_razorpay_027,420.51,INR,2026-08-03T10:48:49+00:00,dev_fingerprint_0040,10.0.125.107,"Chennai, IN",pm_tok_synthetic_00496,389,1,0,1,2,0,NONE
tx_legit_004585,usr_norm_1638,merch_razorpay_019,694.52,INR,2026-08-03T10:49:58+00:00,dev_fingerprint_1838,192.168.109.9,"Bengaluru, IN",pm_tok_synthetic_02090,443,1,0,1,4,0,NONE
tx_legit_000752,usr_norm_0544,merch_razorpay_021,2197.51,INR,2026-08-03T10:55:37+00:00,dev_fingerprint_0374,192.168.33.50,"Mumbai, IN",pm_tok_synthetic_00579,553,1,0,1,3,0,NONE
tx_legit_006915,usr_norm_0293,merch_razorpay_039,1175.87,INR,2026-08-03T10:56:14+00:00,dev_fingerprint_0991,192.168.139.215,"Bengaluru, IN",pm_tok_synthetic_01009,315,2,0,1,2,0,NONE
tx_legit_005496,usr_norm_1856,merch_razorpay_012,990.84,INR,2026-08-03T10:59:16+00:00,dev_fingerprint_0337,192.168.217.14,"Pune, IN",pm_tok_synthetic_01394,743,1,0,1,1,0,NONE
tx_legit_000847,usr_norm_1182,merch_razorpay_008,145.17,INR,2026-08-03T11:04:43+00:00,dev_fingerprint_1247,192.168.221.93,"Mumbai, IN",pm_tok_synthetic_01574,440,1,0,1,3,0,NONE
tx_legit_004807,usr_norm_0810,merch_razorpay_047,206.12,INR,2026-08-03T11:11:15+00:00,dev_fingerprint_1434,192.168.33.164,"Chennai, IN",pm_tok_synthetic_02406,565,1,0,2,4,0,NONE
tx_legit_001036,usr_norm_1811,merch_razorpay_048,876.44,INR,2026-08-03T11:20:09+00:00,dev_fingerprint_0604,192.168.31.191,"Pune, IN",pm_tok_synthetic_00642,838,1,0,1,1,0,NONE
tx_legit_005138,usr_norm_1266,merch_razorpay_041,537.1,INR,2026-08-03T11:21:05+00:00,dev_fingerprint_0743,192.168.182.41,"Delhi, IN",pm_tok_synthetic_02404,563,2,0,1,1,0,NONE
tx_legit_000186,usr_norm_0246,merch_razorpay_027,574.7,INR,2026-08-03T11:22:02+00:00,dev_fingerprint_0547,192.168.139.21,"Mumbai, IN",pm_tok_synthetic_00598,174,1,0,1,4,0,NONE
tx_legit_008569,usr_norm_0049,merch_razorpay_008,794.41,INR,2026-08-03T11:22:53+00:00,dev_fingerprint_0290,192.168.34.238,"Mumbai, IN",pm_tok_synthetic_00409,123,1,0,1,1,0,NONE
tx_legit_004702,usr_norm_0751,merch_razorpay_042,299.57,INR,2026-08-03T11:30:29+00:00,dev_fingerprint_1363,192.168.5.24,"Pune, IN",pm_tok_synthetic_00718,417,1,0,1,1,0,NONE
tx_legit_004206,usr_norm_0533,merch_razorpay_040,456.03,INR,2026-08-03T11:30:34+00:00,dev_fingerprint_1443,192.168.139.16,"Kolkata, IN",pm_tok_synthetic_00842,315,1,1,2,1,0,NONE
tx_legit_000407,usr_norm_0620,merch_razorpay_037,449.14,INR,2026-08-03T11:30:56+00:00,dev_fingerprint_1133,192.168.65.60,"Ahmedabad, IN",pm_tok_synthetic_02457,768,1,0,1,1,0,NONE
tx_legit_009110,usr_norm_0725,merch_razorpay_016,384.59,INR,2026-08-03T11:31:45+00:00,dev_fingerprint_1551,192.168.219.136,"Pune, IN",pm_tok_synthetic_00120,860,1,0,1,2,0,NONE
tx_fraud_000538,usr_fraud_anomD_057,merch_razorpay_029,77612.33,INR,2026-08-03T11:33:05+00:00,dev_anomD_057,192.0.2.222,Unknown / VPN Node,pm_tok_anomD_057,9,12,4,3,4,1,BEHAVIORAL_ANOMALY
tx_legit_008755,usr_norm_0294,merch_razorpay_038,937.63,INR,2026-08-03T11:35:13+00:00,dev_fingerprint_1142,192.168.221.11,"Bengaluru, IN",pm_tok_synthetic_00921,334,1,0,1,1,0,NONE
tx_legit_001663,usr_norm_1259,merch_razorpay_049,433.11,INR,2026-08-03T11:35:36+00:00,dev_fingerprint_1293,192.168.187.40,"Chennai, IN",pm_tok_synthetic_00593,201,1,0,1,1,0,NONE
tx_legit_007571,usr_norm_0376,merch_razorpay_049,274.12,INR,2026-08-03T11:38:12+00:00,dev_fingerprint_1440,192.168.251.213,"Mumbai, IN",pm_tok_synthetic_00199,280,1,0,1,3,0,NONE
tx_legit_005611,usr_norm_1447,merch_razorpay_048,596.04,INR,2026-08-03T11:43:31+00:00,dev_fingerprint_0937,192.168.212.188,"Pune, IN",pm_tok_synthetic_00088,70,1,0,1,2,0,NONE
tx_legit_006298,usr_norm_1604,merch_razorpay_017,111.45,INR,2026-08-03T11:44:32+00:00,dev_fingerprint_1430,192.168.193.100,"Bengaluru, IN",pm_tok_synthetic_00398,496,1,0,1,1,0,NONE
tx_legit_008642,usr_norm_1662,merch_razorpay_019,1335.17,INR,2026-08-03T11:45:23+00:00,dev_fingerprint_0989,192.168.69.148,"Pune, IN",pm_tok_synthetic_01509,145,1,0,1,3,0,NONE
tx_legit_002828,usr_norm_0405,merch_razorpay_047,519.07,INR,2026-08-03T11:45:32+00:00,dev_fingerprint_1424,10.0.94.12,"Chennai, IN",pm_tok_synthetic_00837,436,1,0,1,5,0,NONE
tx_legit_002265,usr_norm_0672,merch_razorpay_027,1954.33,INR,2026-08-03T11:47:30+00:00,dev_fingerprint_0400,192.168.119.106,"Kolkata, IN",pm_tok_synthetic_02238,808,1,0,1,1,0,NONE
tx_legit_003471,usr_norm_0352,merch_razorpay_000,963.35,INR,2026-08-03T11:48:23+00:00,dev_fingerprint_1946,192.168.223.168,"Pune, IN",pm_tok_synthetic_00973,494,2,0,1,1,0,NONE
tx_legit_007006,usr_norm_1451,merch_razorpay_019,737.99,INR,2026-08-03T11:49:40+00:00,dev_fingerprint_0720,192.168.182.112,"Kolkata, IN",pm_tok_synthetic_01238,271,1,0,2,1,0,NONE
tx_legit_007131,usr_norm_0294,merch_razorpay_047,521.39,INR,2026-08-03T11:56:35+00:00,dev_fingerprint_1142,192.168.221.11,"Bengaluru, IN",pm_tok_synthetic_00921,334,2,0,1,1,0,NONE
tx_legit_009172,usr_norm_0795,merch_razorpay_013,537.11,INR,2026-08-03T11:58:19+00:00,dev_fingerprint_1207,192.168.31.242,"Hyderabad, IN",pm_tok_synthetic_02267,92,1,0,2,1,0,NONE
tx_legit_006669,usr_norm_0155,merch_razorpay_003,674.27,INR,2026-08-03T11:59:47+00:00,dev_fingerprint_0227,192.168.12.84,"Delhi, IN",pm_tok_synthetic_02047,641,1,0,1,1,0,NONE
tx_legit_003206,usr_norm_1318,merch_razorpay_010,231.6,INR,2026-08-03T12:01:09+00:00,dev_fingerprint_1663,192.168.133.93,"Ahmedabad, IN",pm_tok_synthetic_00384,563,4,0,1,3,0,NONE
tx_legit_001977,usr_norm_0011,merch_razorpay_006,384.34,INR,2026-08-03T12:09:58+00:00,dev_fingerprint_1924,192.168.62.15,"Ahmedabad, IN",pm_tok_synthetic_01724,568,1,0,1,1,0,NONE
tx_legit_006718,usr_norm_1312,merch_razorpay_046,592.93,INR,2026-08-03T12:11:29+00:00,dev_fingerprint_0299,192.168.187.63,"Delhi, IN",pm_tok_synthetic_00426,824,1,0,1,1,0,NONE
tx_legit_007355,usr_norm_0041,merch_razorpay_000,585.77,INR,2026-08-03T12:12:38+00:00,dev_fingerprint_1567,192.168.156.252,"Kolkata, IN",pm_tok_synthetic_02278,406,1,1,1,2,0,NONE
tx_legit_000086,usr_norm_1736,merch_razorpay_016,173.47,INR,2026-08-03T12:25:28+00:00,dev_fingerprint_0987,10.0.178.174,"Ahmedabad, IN",pm_tok_synthetic_02323,578,2,0,1,1,0,NONE
tx_legit_000670,usr_norm_0148,merch_razorpay_011,314.85,INR,2026-08-03T12:38:42+00:00,dev_fingerprint_1444,192.168.219.229,"Hyderabad, IN",pm_tok_synthetic_01837,660,2,0,1,1,0,NONE
tx_legit_001617,usr_norm_0909,merch_razorpay_028,711.4,INR,2026-08-03T12:40:00+00:00,dev_fingerprint_0778,192.168.93.225,"Bengaluru, IN",pm_tok_synthetic_02241,288,4,0,1,3,0,NONE
tx_legit_005087,usr_norm_0997,merch_razorpay_036,934.51,INR,2026-08-03T12:40:21+00:00,dev_fingerprint_1976,192.168.223.193,"Hyderabad, IN",pm_tok_synthetic_01190,733,2,0,1,1,0,NONE
tx_legit_008711,usr_norm_0044,merch_razorpay_033,836.42,INR,2026-08-03T12:41:55+00:00,dev_fingerprint_1148,192.168.248.32,"Ahmedabad, IN",pm_tok_synthetic_02280,56,2,1,1,1,0,NONE
tx_legit_005921,usr_norm_1620,merch_razorpay_038,538.94,INR,2026-08-03T12:45:26+00:00,dev_fingerprint_1509,192.168.104.178,"Mumbai, IN",pm_tok_synthetic_01765,833,1,0,1,1,0,NONE
tx_legit_003573,usr_norm_1326,merch_razorpay_014,1530.03,INR,2026-08-03T12:49:56+00:00,dev_fingerprint_1296,192.168.213.233,"Delhi, IN",pm_tok_synthetic_01101,45,1,0,1,1,0,NONE
tx_fraud_000606,usr_fraud_anomD_125,merch_razorpay_019,40892.47,INR,2026-08-03T12:50:07+00:00,dev_anomD_125,192.0.2.79,Unknown / VPN Node,pm_tok_anomD_125,10,14,5,2,2,1,BEHAVIORAL_ANOMALY
tx_legit_000304,usr_norm_0786,merch_razorpay_013,253.13,INR,2026-08-03T12:53:12+00:00,dev_fingerprint_0969,10.0.99.114,"Kolkata, IN",pm_tok_synthetic_00473,345,1,0,1,3,0,NONE
tx_legit_001703,usr_norm_1221,merch_razorpay_036,124.68,INR,2026-08-03T12:57:06+00:00,dev_fingerprint_1358,192.168.13.67,"Kolkata, IN",pm_tok_synthetic_00027,812,2,0,1,2,0,NONE
tx_legit_005732,usr_norm_0433,merch_razorpay_039,203.67,INR,2026-08-03T12:58:19+00:00,dev_fingerprint_0587,10.0.243.253,"Pune, IN",pm_tok_synthetic_02057,862,1,0,1,1,0,NONE
tx_legit_001162,usr_norm_0831,merch_razorpay_023,151.48,INR,2026-08-03T12:58:20+00:00,dev_fingerprint_0637,192.168.235.72,"Delhi, IN",pm_tok_synthetic_02075,443,1,0,1,4,0,NONE
tx_legit_004864,usr_norm_1722,merch_razorpay_032,666.7,INR,2026-08-03T13:00:30+00:00,dev_fingerprint_0123,192.168.168.136,"Delhi, IN",pm_tok_synthetic_01084,212,1,0,3,1,0,NONE
tx_legit_007852,usr_norm_0661,merch_razorpay_001,190.01,INR,2026-08-03T13:02:45+00:00,dev_fingerprint_0659,192.168.68.34,"Kolkata, IN",pm_tok_synthetic_01704,767,1,0,1,1,0,NONE
tx_fraud_000524,usr_fraud_anomD_043,merch_razorpay_025,69553.98,INR,2026-08-03T13:05:15+00:00,dev_anomD_043,192.0.2.20,Unknown / VPN Node,pm_tok_anomD_043,8,7,7,1,2,1,BEHAVIORAL_ANOMALY
tx_legit_003837,usr_norm_1560,merch_razorpay_012,465.77,INR,2026-08-03T13:06:16+00:00,dev_fingerprint_0114,192.168.232.8,"Chennai, IN",pm_tok_synthetic_02134,336,1,0,1,3,0,NONE
tx_legit_005229,usr_norm_1441,merch_razorpay_040,183.41,INR,2026-08-03T13:18:04+00:00,dev_fingerprint_0795,192.168.62.45,"Kolkata, IN",pm_tok_synthetic_01111,708,1,0,1,1,0,NONE
tx_fraud_000508,usr_fraud_anomD_027,merch_razorpay_031,78416.66,INR,2026-08-03T13:23:12+00:00,dev_anomD_027,192.0.2.225,Unknown / VPN Node,pm_tok_anomD_027,3,7,3,2,1,1,BEHAVIORAL_ANOMALY
tx_legit_005805,usr_norm_1510,merch_razorpay_025,1127.87,INR,2026-08-03T13:23:17+00:00,dev_fingerprint_1350,192.168.109.177,"Delhi, IN",pm_tok_synthetic_00614,196,1,1,1,3,0,NONE
tx_legit_004907,usr_norm_1223,merch_razorpay_045,200.19,INR,2026-08-03T13:30:37+00:00,dev_fingerprint_0987,192.168.104.179,"Pune, IN",pm_tok_synthetic_01291,534,1,0,1,1,0,NONE
tx_legit_004673,usr_norm_0146,merch_razorpay_001,1144.18,INR,2026-08-03T13:35:25+00:00,dev_fingerprint_0299,192.168.43.68,"Ahmedabad, IN",pm_tok_synthetic_00156,323,1,1,1,1,0,NONE
tx_legit_002027,usr_norm_1594,merch_razorpay_015,356.23,INR,2026-08-03T13:35:51+00:00,dev_fingerprint_1789,192.168.111.91,"Mumbai, IN",pm_tok_synthetic_00291,348,1,0,1,3,0,NONE
tx_legit_004983,usr_norm_1756,merch_razorpay_009,416.18,INR,2026-08-03T13:48:59+00:00,dev_fingerprint_0289,192.168.7.22,"Delhi, IN",pm_tok_synthetic_00078,512,1,0,1,1,0,NONE
tx_legit_004861,usr_norm_0410,merch_razorpay_002,433.27,INR,2026-08-03T13:49:58+00:00,dev_fingerprint_0201,192.168.26.224,"Kolkata, IN",pm_tok_synthetic_01923,809,3,0,1,1,0,NONE
tx_legit_004059,usr_norm_1484,merch_razorpay_048,1100.53,INR,2026-08-03T13:54:50+00:00,dev_fingerprint_0505,192.168.253.144,"Chennai, IN",pm_tok_synthetic_01658,824,1,0,1,1,0,NONE
tx_legit_006442,usr_norm_1747,merch_razorpay_002,244.07,INR,2026-08-03T13:55:59+00:00,dev_fingerprint_1821,192.168.102.34,"Chennai, IN",pm_tok_synthetic_01615,428,2,0,1,1,0,NONE
tx_fraud_000589,usr_fraud_anomD_108,merch_razorpay_019,84261.36,INR,2026-08-03T13:56:09+00:00,dev_anomD_108,192.0.2.185,Unknown / VPN Node,pm_tok_anomD_108,7,11,3,1,2,1,BEHAVIORAL_ANOMALY
tx_legit_007328,usr_norm_1860,merch_razorpay_006,155.97,INR,2026-08-03T13:57:42+00:00,dev_fingerprint_0970,192.168.112.89,"Mumbai, IN",pm_tok_synthetic_01720,484,4,1,1,2,0,NONE
tx_legit_005902,usr_norm_0895,merch_razorpay_041,1321.9,INR,2026-08-03T14:00:38+00:00,dev_fingerprint_0264,192.168.76.112,"Delhi, IN",pm_tok_synthetic_01571,545,1,0,1,1,0,NONE
tx_legit_001958,usr_norm_0271,merch_razorpay_023,141.77,INR,2026-08-03T14:03:22+00:00,dev_fingerprint_1241,192.168.232.161,"Hyderabad, IN",pm_tok_synthetic_02111,173,1,0,1,4,0,NONE
tx_legit_000811,usr_norm_0282,merch_razorpay_030,500.63,INR,2026-08-03T14:12:33+00:00,dev_fingerprint_1476,192.168.71.12,"Pune, IN",pm_tok_synthetic_01557,181,2,0,2,1,0,NONE
tx_legit_008446,usr_norm_0981,merch_razorpay_049,308.16,INR,2026-08-03T14:21:51+00:00,dev_fingerprint_0692,10.0.19.223,"Hyderabad, IN",pm_tok_synthetic_01697,77,1,0,1,1,0,NONE
tx_legit_003111,usr_norm_0770,merch_razorpay_019,319.46,INR,2026-08-03T14:23:57+00:00,dev_fingerprint_0041,192.168.208.64,"Pune, IN",pm_tok_synthetic_01069,137,1,0,1,2,0,NONE
tx_legit_001017,usr_norm_1243,merch_razorpay_017,447.66,INR,2026-08-03T14:31:42+00:00,dev_fingerprint_0401,192.168.167.96,"Kolkata, IN",pm_tok_synthetic_00612,514,1,0,1,2,0,NONE
tx_legit_007870,usr_norm_0792,merch_razorpay_003,363.67,INR,2026-08-03T14:37:20+00:00,dev_fingerprint_0550,192.168.63.213,"Hyderabad, IN",pm_tok_synthetic_00252,184,1,0,1,1,0,NONE
tx_legit_000369,usr_norm_1222,merch_razorpay_048,253.03,INR,2026-08-03T14:40:53+00:00,dev_fingerprint_1982,192.168.227.107,"Delhi, IN",pm_tok_synthetic_02326,898,3,0,1,2,0,NONE
tx_legit_000741,usr_norm_0055,merch_razorpay_009,214.35,INR,2026-08-03T14:41:58+00:00,dev_fingerprint_0167,192.168.163.219,"Mumbai, IN",pm_tok_synthetic_01814,707,1,0,1,1,0,NONE
tx_legit_004331,usr_norm_0251,merch_razorpay_038,178.35,INR,2026-08-03T14:43:53+00:00,dev_fingerprint_1054,192.168.91.77,"Pune, IN",pm_tok_synthetic_02042,345,1,0,1,1,0,NONE
tx_legit_005960,usr_norm_1018,merch_razorpay_015,268.59,INR,2026-08-03T15:01:03+00:00,dev_fingerprint_1918,192.168.207.76,"Bengaluru, IN",pm_tok_synthetic_01506,803,2,0,1,3,0,NONE
tx_legit_005497,usr_norm_1563,merch_razorpay_046,411.11,INR,2026-08-03T15:02:33+00:00,dev_fingerprint_1403,192.168.50.103,"Delhi, IN",pm_tok_synthetic_01448,97,2,0,1,1,0,NONE
tx_legit_007785,usr_norm_0753,merch_razorpay_013,3410.85,INR,2026-08-03T15:02:44+00:00,dev_fingerprint_0363,192.168.222.132,"Hyderabad, IN",pm_tok_synthetic_00007,748,2,0,1,5,0,NONE
tx_legit_003578,usr_norm_1544,merch_razorpay_045,1168.62,INR,2026-08-03T15:20:32+00:00,dev_fingerprint_1451,192.168.140.10,"Hyderabad, IN",pm_tok_synthetic_00792,31,1,0,1,3,0,NONE
tx_legit_003668,usr_norm_1097,merch_razorpay_046,181.77,INR,2026-08-03T15:21:14+00:00,dev_fingerprint_1038,192.168.14.65,"Ahmedabad, IN",pm_tok_synthetic_00127,862,1,0,1,1,0,NONE
tx_legit_002524,usr_norm_0742,merch_razorpay_034,98.87,INR,2026-08-03T15:21:47+00:00,dev_fingerprint_0044,10.0.191.94,"Hyderabad, IN",pm_tok_synthetic_02402,751,2,0,1,2,0,NONE
tx_legit_007171,usr_norm_0717,merch_razorpay_041,1064.53,INR,2026-08-03T15:24:25+00:00,dev_fingerprint_1537,192.168.143.57,"Chennai, IN",pm_tok_synthetic_00359,316,1,0,1,3,0,NONE
tx_fraud_000411,usr_fraud_reuseC_010,merch_razorpay_022,10634.58,INR,2026-08-03T15:24:49+00:00,dev_reuseC_001,198.51.100.169,"Chennai, IN",pm_tok_stolen_C_002,4,5,2,3,2,1,PAYMENT_REF_REUSE
tx_legit_000564,usr_norm_1002,merch_razorpay_007,270.53,INR,2026-08-03T15:29:58+00:00,dev_fingerprint_0983,192.168.62.185,"Delhi, IN",pm_tok_synthetic_02337,713,1,0,1,1,0,NONE
tx_legit_005288,usr_norm_0023,merch_razorpay_036,935.73,INR,2026-08-03T15:32:38+00:00,dev_fingerprint_1458,192.168.57.52,"Hyderabad, IN",pm_tok_synthetic_01560,641,1,0,1,1,0,NONE
tx_legit_002607,usr_norm_0228,merch_razorpay_003,402.19,INR,2026-08-03T15:35:33+00:00,dev_fingerprint_0620,192.168.50.76,"Kolkata, IN",pm_tok_synthetic_02185,125,1,0,1,1,0,NONE
tx_legit_009188,usr_norm_1185,merch_razorpay_003,1193.33,INR,2026-08-03T15:36:27+00:00,dev_fingerprint_0358,192.168.145.243,"Chennai, IN",pm_tok_synthetic_02024,479,1,0,1,1,0,NONE
tx_legit_003050,usr_norm_0008,merch_razorpay_046,688.89,INR,2026-08-03T15:40:24+00:00,dev_fingerprint_0357,192.168.130.234,"Ahmedabad, IN",pm_tok_synthetic_00105,164,1,0,1,2,0,NONE
tx_legit_000018,usr_norm_1465,merch_razorpay_038,1659.07,INR,2026-08-03T15:41:52+00:00,dev_fingerprint_1156,192.168.248.58,"Mumbai, IN",pm_tok_synthetic_00647,355,1,0,1,1,0,NONE
tx_legit_000677,usr_norm_1652,merch_razorpay_027,3461.48,INR,2026-08-03T15:48:52+00:00,dev_fingerprint_0894,192.168.243.218,"Kolkata, IN",pm_tok_synthetic_00556,116,1,0,3,1,0,NONE
tx_legit_004032,usr_norm_1657,merch_razorpay_048,125.24,INR,2026-08-03T15:48:56+00:00,dev_fingerprint_0727,192.168.61.104,"Hyderabad, IN",pm_tok_synthetic_00761,464,2,0,1,2,0,NONE
tx_legit_003368,usr_norm_1078,merch_razorpay_037,421.79,INR,2026-08-03T15:51:21+00:00,dev_fingerprint_1124,192.168.150.243,"Pune, IN",pm_tok_synthetic_02251,104,2,0,1,1,0,NONE
tx_legit_004938,usr_norm_1735,merch_razorpay_011,236.55,INR,2026-08-03T16:03:58+00:00,dev_fingerprint_0462,192.168.58.36,"Ahmedabad, IN",pm_tok_synthetic_01574,735,1,0,1,2,0,NONE
tx_legit_003405,usr_norm_0352,merch_razorpay_032,300.16,INR,2026-08-03T16:08:53+00:00,dev_fingerprint_0912,192.168.223.168,"Ahmedabad, IN",pm_tok_synthetic_00227,494,1,0,1,1,0,NONE
tx_legit_006953,usr_norm_1969,merch_razorpay_034,182.85,INR,2026-08-03T16:11:10+00:00,dev_fingerprint_0444,192.168.105.86,"Mumbai, IN",pm_tok_synthetic_00784,318,1,0,1,1,0,NONE
tx_legit_009191,usr_norm_1819,merch_razorpay_036,467.36,INR,2026-08-03T16:18:11+00:00,dev_fingerprint_1211,192.168.243.10,"Kolkata, IN",pm_tok_synthetic_00610,617,1,0,1,1,0,NONE
tx_legit_006333,usr_norm_1854,merch_razorpay_012,301.38,INR,2026-08-03T16:25:58+00:00,dev_fingerprint_0937,192.168.29.40,"Delhi, IN",pm_tok_synthetic_00328,430,3,0,1,1,0,NONE
tx_legit_001555,usr_norm_0830,merch_razorpay_010,153.82,INR,2026-08-03T16:32:53+00:00,dev_fingerprint_0115,192.168.30.145,"Mumbai, IN",pm_tok_synthetic_00651,97,1,1,1,2,0,NONE
tx_legit_000880,usr_norm_1837,merch_razorpay_015,797.66,INR,2026-08-03T16:34:16+00:00,dev_fingerprint_0424,192.168.62.147,"Bengaluru, IN",pm_tok_synthetic_00331,665,1,0,1,1,0,NONE
tx_legit_002467,usr_norm_1523,merch_razorpay_046,217.65,INR,2026-08-03T16:41:57+00:00,dev_fingerprint_0297,192.168.3.231,"Ahmedabad, IN",pm_tok_synthetic_00132,713,2,0,2,4,0,NONE
tx_legit_000036,usr_norm_1986,merch_razorpay_046,635.79,INR,2026-08-03T16:42:10+00:00,dev_fingerprint_0026,192.168.151.170,"Delhi, IN",pm_tok_synthetic_02013,718,1,0,1,1,0,NONE
tx_legit_006540,usr_norm_0569,merch_razorpay_014,468.64,INR,2026-08-03T16:46:35+00:00,dev_fingerprint_0876,192.168.147.148,"Chennai, IN",pm_tok_synthetic_00570,833,1,0,1,1,0,NONE
tx_legit_004405,usr_norm_0315,merch_razorpay_035,998.97,INR,2026-08-03T16:47:43+00:00,dev_fingerprint_1868,192.168.14.53,"Chennai, IN",pm_tok_synthetic_01973,209,1,0,1,1,0,NONE
tx_legit_006773,usr_norm_1409,merch_razorpay_011,218.29,INR,2026-08-03T16:49:31+00:00,dev_fingerprint_1218,10.0.51.157,"Kolkata, IN",pm_tok_synthetic_02067,122,1,0,2,1,0,NONE
tx_legit_001682,usr_norm_0322,merch_razorpay_009,251.16,INR,2026-08-03T16:50:26+00:00,dev_fingerprint_1032,192.168.193.100,"Bengaluru, IN",pm_tok_synthetic_01117,227,2,0,1,1,0,NONE
tx_legit_008219,usr_norm_0238,merch_razorpay_008,468.01,INR,2026-08-03T16:51:43+00:00,dev_fingerprint_1402,192.168.19.117,"Mumbai, IN",pm_tok_synthetic_01218,494,1,1,1,2,0,NONE
tx_legit_002157,usr_norm_0558,merch_razorpay_049,808.18,INR,2026-08-03T16:51:57+00:00,dev_fingerprint_0460,192.168.176.154,"Chennai, IN",pm_tok_synthetic_01182,202,3,0,1,2,0,NONE
tx_legit_001599,usr_norm_1068,merch_razorpay_009,1220.16,INR,2026-08-03T16:52:47+00:00,dev_fingerprint_1493,192.168.98.116,"Ahmedabad, IN",pm_tok_synthetic_01528,41,1,0,1,1,0,NONE
tx_legit_006178,usr_norm_0426,merch_razorpay_011,511.61,INR,2026-08-03T16:55:22+00:00,dev_fingerprint_1291,192.168.159.21,"Kolkata, IN",pm_tok_synthetic_00278,754,1,0,1,1,0,NONE
tx_legit_002838,usr_norm_0675,merch_razorpay_009,339.9,INR,2026-08-03T16:55:30+00:00,dev_fingerprint_1302,192.168.96.111,"Delhi, IN",pm_tok_synthetic_00039,373,1,0,1,1,0,NONE
tx_legit_002953,usr_norm_0805,merch_razorpay_047,241.31,INR,2026-08-03T16:59:30+00:00,dev_fingerprint_1284,192.168.133.116,"Ahmedabad, IN",pm_tok_synthetic_02437,294,1,0,1,3,0,NONE
tx_legit_006904,usr_norm_0190,merch_razorpay_014,527.19,INR,2026-08-03T17:03:38+00:00,dev_fingerprint_0890,192.168.232.233,"Hyderabad, IN",pm_tok_synthetic_00234,106,2,0,1,1,0,NONE
tx_legit_004359,usr_norm_0151,merch_razorpay_001,191.16,INR,2026-08-03T17:07:47+00:00,dev_fingerprint_1489,192.168.124.71,"Kolkata, IN",pm_tok_synthetic_02161,463,1,0,2,1,0,NONE
tx_legit_004244,usr_norm_0326,merch_razorpay_019,705.15,INR,2026-08-03T17:12:03+00:00,dev_fingerprint_0604,10.0.246.107,"Ahmedabad, IN",pm_tok_synthetic_00791,209,1,0,1,3,0,NONE
tx_legit_008135,usr_norm_1614,merch_razorpay_042,305.94,INR,2026-08-03T17:15:01+00:00,dev_fingerprint_1462,192.168.203.211,"Delhi, IN",pm_tok_synthetic_00438,363,1,0,2,2,0,NONE
tx_legit_000357,usr_norm_0756,merch_razorpay_008,263.39,INR,2026-08-03T17:18:02+00:00,dev_fingerprint_1252,10.0.40.181,"Bengaluru, IN",pm_tok_synthetic_02316,136,1,0,1,3,0,NONE
tx_legit_000910,usr_norm_1589,merch_razorpay_020,322.69,INR,2026-08-03T17:18:10+00:00,dev_fingerprint_0305,192.168.232.9,"Hyderabad, IN",pm_tok_synthetic_01120,147,1,1,2,2,0,NONE
tx_legit_007475,usr_norm_0832,merch_razorpay_028,495.1,INR,2026-08-03T17:31:16+00:00,dev_fingerprint_0277,10.0.144.68,"Pune, IN",pm_tok_synthetic_02147,612,1,0,1,4,0,NONE
tx_legit_001038,usr_norm_1384,merch_razorpay_030,1137.0,INR,2026-08-03T17:31:19+00:00,dev_fingerprint_0813,192.168.164.29,"Delhi, IN",pm_tok_synthetic_00141,321,1,0,2,1,0,NONE
tx_legit_004576,usr_norm_0746,merch_razorpay_029,195.77,INR,2026-08-03T17:36:03+00:00,dev_fingerprint_0206,192.168.165.131,"Pune, IN",pm_tok_synthetic_01236,360,1,0,1,1,0,NONE
tx_legit_000158,usr_norm_1647,merch_razorpay_046,283.5,INR,2026-08-03T17:37:51+00:00,dev_fingerprint_0385,192.168.134.248,"Bengaluru, IN",pm_tok_synthetic_01575,893,1,1,1,1,0,NONE
tx_legit_003104,usr_norm_1912,merch_razorpay_022,429.21,INR,2026-08-03T17:38:50+00:00,dev_fingerprint_1163,192.168.214.40,"Bengaluru, IN",pm_tok_synthetic_00560,234,3,0,1,1,0,NONE
tx_legit_008733,usr_norm_1546,merch_razorpay_013,300.9,INR,2026-08-03T17:40:31+00:00,dev_fingerprint_0241,192.168.114.195,"Chennai, IN",pm_tok_synthetic_00849,848,1,0,2,1,0,NONE
tx_legit_000482,usr_norm_1164,merch_razorpay_016,393.4,INR,2026-08-03T17:44:36+00:00,dev_fingerprint_0741,192.168.185.68,"Delhi, IN",pm_tok_synthetic_00633,466,1,0,1,1,0,NONE
tx_legit_007873,usr_norm_0244,merch_razorpay_041,453.84,INR,2026-08-03T17:49:19+00:00,dev_fingerprint_0758,192.168.30.145,"Chennai, IN",pm_tok_synthetic_02300,138,1,0,1,3,0,NONE
tx_legit_006739,usr_norm_0065,merch_razorpay_019,260.58,INR,2026-08-03T18:00:06+00:00,dev_fingerprint_0881,192.168.173.168,"Delhi, IN",pm_tok_synthetic_00529,419,1,0,2,1,0,NONE
tx_legit_005164,usr_norm_1187,merch_razorpay_009,935.09,INR,2026-08-03T18:05:10+00:00,dev_fingerprint_0398,192.168.97.21,"Mumbai, IN",pm_tok_synthetic_02455,552,1,0,1,1,0,NONE
tx_fraud_000518,usr_fraud_anomD_037,merch_razorpay_013,42153.74,INR,2026-08-03T18:06:50+00:00,dev_anomD_037,192.0.2.126,Unknown / VPN Node,pm_tok_anomD_037,7,7,3,1,2,1,BEHAVIORAL_ANOMALY
tx_legit_007477,usr_norm_0517,merch_razorpay_026,1618.16,INR,2026-08-03T18:11:09+00:00,dev_fingerprint_0706,10.0.194.81,"Kolkata, IN",pm_tok_synthetic_01535,137,1,0,1,2,0,NONE
tx_legit_004070,usr_norm_0788,merch_razorpay_004,582.49,INR,2026-08-03T18:19:08+00:00,dev_fingerprint_0542,192.168.17.99,"Bengaluru, IN",pm_tok_synthetic_02228,426,3,0,1,2,0,NONE
tx_legit_001805,usr_norm_1465,merch_razorpay_019,604.79,INR,2026-08-03T18:21:44+00:00,dev_fingerprint_1156,192.168.248.58,"Chennai, IN",pm_tok_synthetic_00647,355,1,0,2,1,0,NONE
tx_fraud_000340,usr_fraud_reuseC_019,merch_razorpay_045,15954.02,INR,2026-08-03T18:21:49+00:00,dev_reuseC_014,198.51.100.182,"Ahmedabad, IN",pm_tok_stolen_C_001,4,5,2,5,5,1,PAYMENT_REF_REUSE
tx_legit_004684,usr_norm_0670,merch_razorpay_047,1741.6,INR,2026-08-03T18:22:07+00:00,dev_fingerprint_1686,192.168.193.240,"Ahmedabad, IN",pm_tok_synthetic_01900,407,1,1,1,2,0,NONE
tx_legit_008431,usr_norm_1703,merch_razorpay_049,291.3,INR,2026-08-03T18:25:07+00:00,dev_fingerprint_1382,192.168.4.142,"Mumbai, IN",pm_tok_synthetic_00990,781,2,0,1,3,0,NONE
tx_legit_001989,usr_norm_1184,merch_razorpay_020,322.79,INR,2026-08-03T18:26:34+00:00,dev_fingerprint_1457,192.168.177.95,"Hyderabad, IN",pm_tok_synthetic_02447,88,1,0,3,5,0,NONE
tx_legit_002799,usr_norm_1966,merch_razorpay_040,552.45,INR,2026-08-03T18:31:30+00:00,dev_fingerprint_1749,192.168.73.252,"Delhi, IN",pm_tok_synthetic_00990,547,4,0,2,3,0,NONE
tx_legit_004575,usr_norm_0632,merch_razorpay_030,101.29,INR,2026-08-03T18:32:25+00:00,dev_fingerprint_0028,192.168.170.27,"Mumbai, IN",pm_tok_synthetic_00883,70,1,0,1,1,0,NONE
tx_legit_008746,usr_norm_0224,merch_razorpay_013,2728.44,INR,2026-08-03T18:36:32+00:00,dev_fingerprint_0337,10.0.1.235,"Pune, IN",pm_tok_synthetic_01321,756,1,0,1,2,0,NONE
tx_legit_006142,usr_norm_1407,merch_razorpay_004,644.73,INR,2026-08-03T18:37:56+00:00,dev_fingerprint_1028,192.168.7.24,"Ahmedabad, IN",pm_tok_synthetic_00904,186,1,1,1,1,0,NONE
tx_legit_000144,usr_norm_0759,merch_razorpay_015,677.85,INR,2026-08-03T18:41:28+00:00,dev_fingerprint_0343,192.168.19.148,"Pune, IN",pm_tok_synthetic_00363,871,3,0,1,1,0,NONE
tx_legit_008310,usr_norm_1494,merch_razorpay_014,1016.73,INR,2026-08-03T18:45:09+00:00,dev_fingerprint_0602,192.168.73.252,"Ahmedabad, IN",pm_tok_synthetic_00223,736,3,0,1,1,0,NONE
tx_legit_003493,usr_norm_1176,merch_razorpay_001,189.46,INR,2026-08-03T18:51:36+00:00,dev_fingerprint_0693,192.168.248.152,"Bengaluru, IN",pm_tok_synthetic_02255,658,1,0,1,1,0,NONE
tx_legit_000461,usr_norm_0942,merch_razorpay_010,580.14,INR,2026-08-03T19:02:44+00:00,dev_fingerprint_0897,192.168.64.50,"Mumbai, IN",pm_tok_synthetic_01555,827,2,0,1,1,0,NONE
tx_legit_007102,usr_norm_1635,merch_razorpay_004,186.09,INR,2026-08-03T19:15:40+00:00,dev_fingerprint_1395,192.168.191.250,"Hyderabad, IN",pm_tok_synthetic_01296,336,1,0,1,1,0,NONE
tx_legit_008315,usr_norm_0258,merch_razorpay_041,159.7,INR,2026-08-03T19:30:05+00:00,dev_fingerprint_0274,192.168.74.199,"Chennai, IN",pm_tok_synthetic_01083,774,1,0,1,1,0,NONE
tx_legit_004027,usr_norm_1038,merch_razorpay_028,329.96,INR,2026-08-03T19:31:01+00:00,dev_fingerprint_1369,192.168.28.153,"Delhi, IN",pm_tok_synthetic_01825,276,1,0,1,2,0,NONE
tx_legit_001746,usr_norm_1817,merch_razorpay_001,468.82,INR,2026-08-03T19:36:41+00:00,dev_fingerprint_1639,10.0.68.152,"Ahmedabad, IN",pm_tok_synthetic_01010,283,2,0,1,2,0,NONE
tx_legit_006883,usr_norm_0344,merch_razorpay_048,306.24,INR,2026-08-03T19:40:49+00:00,dev_fingerprint_0506,192.168.69.212,"Kolkata, IN",pm_tok_synthetic_02440,836,1,0,1,1,0,NONE
tx_legit_003487,usr_norm_0180,merch_razorpay_048,857.73,INR,2026-08-03T19:41:00+00:00,dev_fingerprint_0694,192.168.248.32,"Mumbai, IN",pm_tok_synthetic_00765,538,2,0,1,1,0,NONE
tx_legit_007630,usr_norm_0604,merch_razorpay_049,302.43,INR,2026-08-03T19:43:33+00:00,dev_fingerprint_1215,192.168.61.104,"Pune, IN",pm_tok_synthetic_02127,726,1,0,1,4,0,NONE
tx_legit_007478,usr_norm_1446,merch_razorpay_041,517.77,INR,2026-08-03T19:44:59+00:00,dev_fingerprint_1661,192.168.64.224,"Hyderabad, IN",pm_tok_synthetic_00814,542,1,0,1,1,0,NONE
tx_legit_004227,usr_norm_0859,merch_razorpay_024,198.8,INR,2026-08-03T19:48:17+00:00,dev_fingerprint_1343,10.0.119.251,"Bengaluru, IN",pm_tok_synthetic_01223,222,4,0,1,1,0,NONE
tx_fraud_000419,usr_fraud_reuseC_018,merch_razorpay_007,16174.88,INR,2026-08-03T19:49:38+00:00,dev_reuseC_007,198.51.100.159,"Chennai, IN",pm_tok_stolen_C_005,4,7,2,3,2,1,PAYMENT_REF_REUSE
tx_legit_004247,usr_norm_0906,merch_razorpay_027,1459.02,INR,2026-08-03T19:58:53+00:00,dev_fingerprint_0099,192.168.95.122,"Delhi, IN",pm_tok_synthetic_00196,707,2,0,1,1,0,NONE
tx_legit_000906,usr_norm_0997,merch_razorpay_012,110.04,INR,2026-08-03T20:05:37+00:00,dev_fingerprint_0429,192.168.223.193,"Mumbai, IN",pm_tok_synthetic_01190,733,1,0,1,1,0,NONE
tx_legit_008794,usr_norm_1139,merch_razorpay_003,240.56,INR,2026-08-03T20:06:05+00:00,dev_fingerprint_0986,192.168.25.169,"Pune, IN",pm_tok_synthetic_00898,880,1,0,1,1,0,NONE
tx_legit_004683,usr_norm_0407,merch_razorpay_021,1184.8,INR,2026-08-03T20:19:16+00:00,dev_fingerprint_0579,10.0.9.6,"Ahmedabad, IN",pm_tok_synthetic_01909,576,2,0,1,1,0,NONE
tx_legit_002856,usr_norm_0048,merch_razorpay_014,359.25,INR,2026-08-03T20:20:27+00:00,dev_fingerprint_1159,192.168.161.55,"Delhi, IN",pm_tok_synthetic_01641,101,1,1,1,5,0,NONE
tx_legit_006584,usr_norm_0701,merch_razorpay_044,221.43,INR,2026-08-03T20:25:17+00:00,dev_fingerprint_1126,192.168.239.90,"Pune, IN",pm_tok_synthetic_00387,503,1,0,1,1,0,NONE
tx_legit_009104,usr_norm_0270,merch_razorpay_021,806.63,INR,2026-08-03T20:27:01+00:00,dev_fingerprint_0970,192.168.95.43,"Chennai, IN",pm_tok_synthetic_01871,182,1,0,1,1,0,NONE
tx_legit_004264,usr_norm_1296,merch_razorpay_005,337.95,INR,2026-08-03T20:29:08+00:00,dev_fingerprint_0774,192.168.41.15,"Hyderabad, IN",pm_tok_synthetic_01077,111,1,0,1,1,0,NONE
tx_legit_001006,usr_norm_1812,merch_razorpay_032,213.73,INR,2026-08-03T20:29:32+00:00,dev_fingerprint_1306,192.168.244.191,"Kolkata, IN",pm_tok_synthetic_00696,621,2,0,1,1,0,NONE
tx_legit_007572,usr_norm_0836,merch_razorpay_044,897.48,INR,2026-08-03T20:31:21+00:00,dev_fingerprint_1563,192.168.222.103,"Mumbai, IN",pm_tok_synthetic_01122,407,1,0,1,1,0,NONE
tx_legit_003753,usr_norm_0583,merch_razorpay_028,790.58,INR,2026-08-03T20:31:28+00:00,dev_fingerprint_1548,192.168.4.142,"Hyderabad, IN",pm_tok_synthetic_01139,741,1,0,1,2,0,NONE
tx_legit_002165,usr_norm_1262,merch_razorpay_033,301.01,INR,2026-08-03T20:33:54+00:00,dev_fingerprint_0146,192.168.68.192,"Pune, IN",pm_tok_synthetic_00663,381,1,0,1,2,0,NONE
tx_legit_001466,usr_norm_0046,merch_razorpay_024,633.76,INR,2026-08-03T20:35:33+00:00,dev_fingerprint_0369,192.168.68.130,"Kolkata, IN",pm_tok_synthetic_01265,377,2,0,1,2,0,NONE
tx_legit_001275,usr_norm_0082,merch_razorpay_006,930.42,INR,2026-08-03T20:44:00+00:00,dev_fingerprint_0210,192.168.167.96,"Mumbai, IN",pm_tok_synthetic_01048,232,1,2,1,1,0,NONE
tx_legit_000978,usr_norm_0971,merch_razorpay_007,652.13,INR,2026-08-03T20:49:20+00:00,dev_fingerprint_1467,192.168.196.54,"Hyderabad, IN",pm_tok_synthetic_01488,763,1,0,1,1,0,NONE
tx_legit_005510,usr_norm_1943,merch_razorpay_013,103.64,INR,2026-08-03T20:50:29+00:00,dev_fingerprint_1412,192.168.163.181,"Delhi, IN",pm_tok_synthetic_02153,896,1,0,2,3,0,NONE
tx_legit_009011,usr_norm_0223,merch_razorpay_048,506.56,INR,2026-08-03T20:51:03+00:00,dev_fingerprint_0254,10.0.253.65,"Bengaluru, IN",pm_tok_synthetic_00626,341,1,0,1,2,0,NONE
tx_legit_002140,usr_norm_0829,merch_razorpay_014,436.67,INR,2026-08-03T20:51:26+00:00,dev_fingerprint_0992,10.0.122.64,"Hyderabad, IN",pm_tok_synthetic_02115,412,1,0,1,1,0,NONE
tx_legit_008850,usr_norm_1107,merch_razorpay_027,371.24,INR,2026-08-03T21:03:50+00:00,dev_fingerprint_1052,192.168.247.55,"Bengaluru, IN",pm_tok_synthetic_01827,193,1,0,1,2,0,NONE
tx_legit_005329,usr_norm_1156,merch_razorpay_047,315.78,INR,2026-08-03T21:05:13+00:00,dev_fingerprint_1206,192.168.217.113,"Ahmedabad, IN",pm_tok_synthetic_02359,130,1,0,1,2,0,NONE
tx_legit_007975,usr_norm_1512,merch_razorpay_016,360.43,INR,2026-08-03T21:13:21+00:00,dev_fingerprint_0630,192.168.222.42,"Bengaluru, IN",pm_tok_synthetic_01827,325,1,0,1,2,0,NONE
tx_legit_007417,usr_norm_0692,merch_razorpay_003,429.07,INR,2026-08-03T21:13:37+00:00,dev_fingerprint_1097,192.168.138.176,"Delhi, IN",pm_tok_synthetic_00850,492,2,1,1,1,0,NONE
tx_legit_006032,usr_norm_1561,merch_razorpay_045,436.62,INR,2026-08-03T21:17:12+00:00,dev_fingerprint_1157,192.168.23.81,"Kolkata, IN",pm_tok_synthetic_01292,598,1,0,1,1,0,NONE
tx_legit_003872,usr_norm_1012,merch_razorpay_028,277.92,INR,2026-08-03T21:19:39+00:00,dev_fingerprint_1602,192.168.212.188,"Hyderabad, IN",pm_tok_synthetic_01257,273,2,0,1,1,0,NONE
tx_legit_009054,usr_norm_0610,merch_razorpay_000,1725.17,INR,2026-08-03T21:26:28+00:00,dev_fingerprint_0612,192.168.43.68,"Chennai, IN",pm_tok_synthetic_01567,822,1,0,1,1,0,NONE
tx_legit_001060,usr_norm_0531,merch_razorpay_025,460.63,INR,2026-08-03T21:28:52+00:00,dev_fingerprint_0059,192.168.114.195,"Delhi, IN",pm_tok_synthetic_00808,490,1,0,1,1,0,NONE
tx_legit_007461,usr_norm_1052,merch_razorpay_017,245.41,INR,2026-08-03T21:29:20+00:00,dev_fingerprint_0940,192.168.27.220,"Delhi, IN",pm_tok_synthetic_01358,68,1,0,1,1,0,NONE
tx_legit_001520,usr_norm_0782,merch_razorpay_016,288.41,INR,2026-08-03T21:30:53+00:00,dev_fingerprint_0111,192.168.172.51,"Hyderabad, IN",pm_tok_synthetic_00015,467,2,0,1,1,0,NONE
tx_legit_002241,usr_norm_1031,merch_razorpay_012,2507.85,INR,2026-08-03T21:32:06+00:00,dev_fingerprint_0376,192.168.247.192,"Delhi, IN",pm_tok_synthetic_00279,835,1,0,1,3,0,NONE
tx_fraud_000619,usr_fraud_anomD_138,merch_razorpay_046,76897.83,INR,2026-08-03T21:35:46+00:00,dev_anomD_138,192.0.2.99,Unknown / VPN Node,pm_tok_anomD_138,2,13,3,2,2,1,BEHAVIORAL_ANOMALY
tx_legit_004885,usr_norm_1192,merch_razorpay_040,672.94,INR,2026-08-03T21:37:33+00:00,dev_fingerprint_1371,10.0.2.90,"Mumbai, IN",pm_tok_synthetic_01446,630,3,0,1,2,0,NONE
tx_fraud_000590,usr_fraud_anomD_109,merch_razorpay_035,88198.19,INR,2026-08-03T21:41:57+00:00,dev_anomD_109,192.0.2.243,Unknown / VPN Node,pm_tok_anomD_109,7,10,4,1,2,1,BEHAVIORAL_ANOMALY
tx_legit_002015,usr_norm_0949,merch_razorpay_027,635.22,INR,2026-08-03T21:43:15+00:00,dev_fingerprint_1371,192.168.169.102,"Ahmedabad, IN",pm_tok_synthetic_01385,561,2,0,1,2,0,NONE
tx_legit_008282,usr_norm_1820,merch_razorpay_005,811.26,INR,2026-08-03T21:44:40+00:00,dev_fingerprint_0010,192.168.109.57,"Ahmedabad, IN",pm_tok_synthetic_00181,71,2,0,1,2,0,NONE
tx_legit_003230,usr_norm_0173,merch_razorpay_002,457.13,INR,2026-08-03T21:46:12+00:00,dev_fingerprint_0408,192.168.163.49,"Mumbai, IN",pm_tok_synthetic_00171,353,2,0,1,3,0,NONE
tx_legit_002023,usr_norm_1563,merch_razorpay_033,995.99,INR,2026-08-03T21:56:08+00:00,dev_fingerprint_1403,10.0.138.249,"Delhi, IN",pm_tok_synthetic_01448,97,1,0,1,2,0,NONE
tx_legit_006535,usr_norm_0531,merch_razorpay_023,801.33,INR,2026-08-03T22:00:24+00:00,dev_fingerprint_1949,10.0.61.166,"Delhi, IN",pm_tok_synthetic_00808,490,1,0,1,2,0,NONE
tx_legit_001388,usr_norm_0270,merch_razorpay_020,321.18,INR,2026-08-03T22:01:44+00:00,dev_fingerprint_0970,192.168.95.43,"Bengaluru, IN",pm_tok_synthetic_01871,182,1,0,1,1,0,NONE
tx_legit_002247,usr_norm_0213,merch_razorpay_005,442.62,INR,2026-08-03T22:03:41+00:00,dev_fingerprint_1011,192.168.24.98,"Mumbai, IN",pm_tok_synthetic_01478,597,1,0,1,1,0,NONE
tx_legit_009038,usr_norm_0405,merch_razorpay_018,913.56,INR,2026-08-03T22:04:25+00:00,dev_fingerprint_1424,10.0.241.179,"Bengaluru, IN",pm_tok_synthetic_00837,436,1,0,1,3,0,NONE
tx_legit_002906,usr_norm_0700,merch_razorpay_043,861.31,INR,2026-08-03T22:06:24+00:00,dev_fingerprint_0828,192.168.206.120,"Pune, IN",pm_tok_synthetic_01852,599,2,0,2,1,0,NONE
tx_legit_000078,usr_norm_0867,merch_razorpay_029,614.47,INR,2026-08-03T22:06:32+00:00,dev_fingerprint_1784,192.168.14.39,"Chennai, IN",pm_tok_synthetic_01948,717,3,0,1,2,0,NONE
tx_legit_006338,usr_norm_0489,merch_razorpay_013,884.7,INR,2026-08-03T22:24:30+00:00,dev_fingerprint_1333,192.168.248.32,"Bengaluru, IN",pm_tok_synthetic_02434,169,1,0,1,1,0,NONE
tx_legit_007986,usr_norm_1115,merch_razorpay_036,262.81,INR,2026-08-03T22:28:09+00:00,dev_fingerprint_1441,10.0.72.53,"Bengaluru, IN",pm_tok_synthetic_02135,678,1,0,1,1,0,NONE
tx_legit_005524,usr_norm_0144,merch_razorpay_030,140.7,INR,2026-08-03T22:31:47+00:00,dev_fingerprint_1996,192.168.153.18,"Delhi, IN",pm_tok_synthetic_00115,356,1,0,1,2,0,NONE
tx_legit_007775,usr_norm_1814,merch_razorpay_041,262.11,INR,2026-08-03T22:36:42+00:00,dev_fingerprint_0843,192.168.174.140,"Chennai, IN",pm_tok_synthetic_02137,530,1,0,1,1,0,NONE
tx_legit_004131,usr_norm_0404,merch_razorpay_032,1241.25,INR,2026-08-03T22:45:55+00:00,dev_fingerprint_0240,192.168.205.62,"Ahmedabad, IN",pm_tok_synthetic_01961,278,1,1,1,2,0,NONE
tx_legit_003965,usr_norm_0438,merch_razorpay_030,241.72,INR,2026-08-03T22:47:17+00:00,dev_fingerprint_1623,192.168.144.138,"Chennai, IN",pm_tok_synthetic_01528,445,3,0,1,1,0,NONE
tx_legit_004762,usr_norm_0000,merch_razorpay_043,534.33,INR,2026-08-03T22:49:37+00:00,dev_fingerprint_0187,192.168.41.1,"Ahmedabad, IN",pm_tok_synthetic_00868,687,2,0,1,3,0,NONE
tx_legit_005907,usr_norm_0498,merch_razorpay_028,932.39,INR,2026-08-03T22:50:29+00:00,dev_fingerprint_1489,192.168.150.243,"Delhi, IN",pm_tok_synthetic_00858,478,1,0,1,1,0,NONE
tx_legit_008031,usr_norm_1268,merch_razorpay_035,320.24,INR,2026-08-03T22:54:05+00:00,dev_fingerprint_1701,192.168.207.79,"Bengaluru, IN",pm_tok_synthetic_00961,707,1,0,1,2,0,NONE
tx_legit_002974,usr_norm_1790,merch_razorpay_029,966.84,INR,2026-08-03T23:06:10+00:00,dev_fingerprint_1320,192.168.171.236,"Mumbai, IN",pm_tok_synthetic_01167,244,1,0,1,1,0,NONE
tx_legit_001738,usr_norm_1129,merch_razorpay_022,605.71,INR,2026-08-03T23:13:20+00:00,dev_fingerprint_1685,192.168.43.216,"Ahmedabad, IN",pm_tok_synthetic_01961,520,1,0,1,2,0,NONE
tx_legit_003341,usr_norm_0043,merch_razorpay_046,306.44,INR,2026-08-03T23:16:53+00:00,dev_fingerprint_1802,192.168.4.185,"Hyderabad, IN",pm_tok_synthetic_01757,895,1,0,1,1,0,NONE
tx_legit_001319,usr_norm_0099,merch_razorpay_040,242.13,INR,2026-08-03T23:21:45+00:00,dev_fingerprint_0126,192.168.36.39,"Mumbai, IN",pm_tok_synthetic_00423,860,1,0,1,1,0,NONE
tx_legit_000638,usr_norm_1684,merch_razorpay_012,294.41,INR,2026-08-03T23:23:26+00:00,dev_fingerprint_0359,192.168.77.239,"Hyderabad, IN",pm_tok_synthetic_00967,526,1,0,1,1,0,NONE
tx_legit_007506,usr_norm_1928,merch_razorpay_000,468.93,INR,2026-08-03T23:27:03+00:00,dev_fingerprint_0944,192.168.13.234,"Hyderabad, IN",pm_tok_synthetic_00554,395,1,0,1,3,0,NONE
tx_legit_004922,usr_norm_1779,merch_razorpay_026,97.98,INR,2026-08-03T23:34:29+00:00,dev_fingerprint_0489,192.168.235.157,"Pune, IN",pm_tok_synthetic_00714,655,1,0,1,2,0,NONE
tx_legit_007352,usr_norm_0557,merch_razorpay_022,335.78,INR,2026-08-03T23:37:01+00:00,dev_fingerprint_1738,192.168.150.142,"Pune, IN",pm_tok_synthetic_00133,311,1,0,1,2,0,NONE
tx_legit_000659,usr_norm_0754,merch_razorpay_017,673.7,INR,2026-08-03T23:41:15+00:00,dev_fingerprint_1173,192.168.204.189,"Pune, IN",pm_tok_synthetic_02324,63,1,0,1,2,0,NONE
tx_legit_003920,usr_norm_1352,merch_razorpay_030,439.99,INR,2026-08-03T23:41:43+00:00,dev_fingerprint_0793,10.0.155.100,"Mumbai, IN",pm_tok_synthetic_02146,729,1,0,2,1,0,NONE
tx_legit_002945,usr_norm_1539,merch_razorpay_026,507.38,INR,2026-08-03T23:42:39+00:00,dev_fingerprint_0648,192.168.3.171,"Chennai, IN",pm_tok_synthetic_02273,618,1,0,2,1,0,NONE
tx_legit_007641,usr_norm_1002,merch_razorpay_013,677.69,INR,2026-08-03T23:47:21+00:00,dev_fingerprint_0983,192.168.62.185,"Bengaluru, IN",pm_tok_synthetic_02337,713,1,0,1,1,0,NONE
tx_legit_000506,usr_norm_1688,merch_razorpay_043,360.35,INR,2026-08-03T23:47:31+00:00,dev_fingerprint_0845,192.168.203.219,"Chennai, IN",pm_tok_synthetic_01569,273,1,0,1,2,0,NONE
tx_legit_001294,usr_norm_0099,merch_razorpay_023,480.68,INR,2026-08-03T23:59:43+00:00,dev_fingerprint_0126,192.168.36.39,"Hyderabad, IN",pm_tok_synthetic_00423,860,1,0,1,1,0,NONE
tx_legit_007730,usr_norm_1609,merch_razorpay_020,385.17,INR,2026-08-04T00:00:08+00:00,dev_fingerprint_0665,192.168.181.55,"Delhi, IN",pm_tok_synthetic_01996,60,1,0,1,4,0,NONE
tx_legit_008023,usr_norm_0254,merch_razorpay_042,1323.48,INR,2026-08-04T00:17:54+00:00,dev_fingerprint_1194,192.168.148.49,"Bengaluru, IN",pm_tok_synthetic_00199,81,1,0,1,1,0,NONE
tx_legit_002853,usr_norm_1644,merch_razorpay_040,1996.85,INR,2026-08-04T00:21:06+00:00,dev_fingerprint_1280,192.168.222.189,"Bengaluru, IN",pm_tok_synthetic_01567,445,2,0,1,1,0,NONE
tx_legit_003361,usr_norm_1099,merch_razorpay_033,598.78,INR,2026-08-04T00:30:36+00:00,dev_fingerprint_1208,192.168.248.15,"Pune, IN",pm_tok_synthetic_00150,594,1,0,1,1,0,NONE
tx_legit_002702,usr_norm_0076,merch_razorpay_011,948.34,INR,2026-08-04T00:30:46+00:00,dev_fingerprint_0892,192.168.5.24,"Pune, IN",pm_tok_synthetic_01640,566,1,2,1,1,0,NONE
tx_legit_005766,usr_norm_0915,merch_razorpay_036,1012.01,INR,2026-08-04T00:37:21+00:00,dev_fingerprint_1472,192.168.4.182,"Ahmedabad, IN",pm_tok_synthetic_00482,319,3,0,1,1,0,NONE
tx_legit_005810,usr_norm_0007,merch_razorpay_037,229.72,INR,2026-08-04T00:37:55+00:00,dev_fingerprint_0266,10.0.155.171,"Ahmedabad, IN",pm_tok_synthetic_01026,847,1,2,1,1,0,NONE
tx_legit_004599,usr_norm_1034,merch_razorpay_040,269.73,INR,2026-08-04T00:39:17+00:00,dev_fingerprint_0453,192.168.205.59,"Kolkata, IN",pm_tok_synthetic_00873,709,1,0,1,1,0,NONE
tx_legit_000935,usr_norm_0003,merch_razorpay_039,766.02,INR,2026-08-04T00:45:24+00:00,dev_fingerprint_1783,192.168.74.109,"Delhi, IN",pm_tok_synthetic_00281,879,1,0,1,1,0,NONE
tx_legit_007128,usr_norm_1951,merch_razorpay_025,780.94,INR,2026-08-04T00:45:34+00:00,dev_fingerprint_0242,10.0.232.97,"Chennai, IN",pm_tok_synthetic_00397,740,1,0,1,1,0,NONE
tx_legit_007808,usr_norm_1996,merch_razorpay_002,249.93,INR,2026-08-04T00:52:50+00:00,dev_fingerprint_0974,10.0.69.58,"Chennai, IN",pm_tok_synthetic_02470,444,1,0,1,1,0,NONE
tx_legit_001512,usr_norm_0829,merch_razorpay_046,333.68,INR,2026-08-04T00:52:57+00:00,dev_fingerprint_0992,10.0.81.123,"Kolkata, IN",pm_tok_synthetic_02115,412,3,0,2,1,0,NONE
tx_legit_006612,usr_norm_0607,merch_razorpay_005,418.36,INR,2026-08-04T00:55:26+00:00,dev_fingerprint_1421,192.168.251.195,"Hyderabad, IN",pm_tok_synthetic_01956,102,1,0,1,2,0,NONE
tx_legit_007850,usr_norm_1405,merch_razorpay_041,467.42,INR,2026-08-04T00:57:10+00:00,dev_fingerprint_0624,192.168.42.247,"Delhi, IN",pm_tok_synthetic_00168,356,2,0,1,2,0,NONE
tx_legit_001913,usr_norm_1862,merch_razorpay_035,734.87,INR,2026-08-04T01:08:54+00:00,dev_fingerprint_0128,192.168.88.72,"Ahmedabad, IN",pm_tok_synthetic_00951,884,1,0,1,1,0,NONE
tx_legit_000605,usr_norm_1472,merch_razorpay_002,351.01,INR,2026-08-04T01:09:55+00:00,dev_fingerprint_0053,192.168.63.117,"Chennai, IN",pm_tok_synthetic_01869,650,1,0,2,3,0,NONE
tx_legit_005677,usr_norm_0583,merch_razorpay_031,189.73,INR,2026-08-04T01:19:26+00:00,dev_fingerprint_1055,192.168.4.142,"Hyderabad, IN",pm_tok_synthetic_01139,741,1,0,1,1,0,NONE
tx_legit_008741,usr_norm_1886,merch_razorpay_025,1204.03,INR,2026-08-04T01:26:52+00:00,dev_fingerprint_0905,192.168.252.216,"Ahmedabad, IN",pm_tok_synthetic_00460,779,4,0,1,2,0,NONE
tx_legit_007279,usr_norm_0803,merch_razorpay_025,271.49,INR,2026-08-04T01:31:50+00:00,dev_fingerprint_0394,192.168.62.15,"Delhi, IN",pm_tok_synthetic_00174,463,1,1,1,1,0,NONE
tx_legit_008647,usr_norm_0012,merch_razorpay_022,903.53,INR,2026-08-04T01:40:09+00:00,dev_fingerprint_0232,10.0.187.105,"Hyderabad, IN",pm_tok_synthetic_00260,517,1,0,1,1,0,NONE
tx_legit_000882,usr_norm_0357,merch_razorpay_042,468.67,INR,2026-08-04T01:42:01+00:00,dev_fingerprint_0006,192.168.162.156,"Kolkata, IN",pm_tok_synthetic_00892,622,1,0,1,1,0,NONE
tx_legit_000639,usr_norm_1868,merch_razorpay_048,999.75,INR,2026-08-04T01:42:45+00:00,dev_fingerprint_0532,192.168.31.242,"Chennai, IN",pm_tok_synthetic_01983,410,2,0,1,1,0,NONE
tx_legit_008149,usr_norm_0936,merch_razorpay_016,380.92,INR,2026-08-04T01:48:23+00:00,dev_fingerprint_0819,192.168.72.9,"Hyderabad, IN",pm_tok_synthetic_01869,308,1,0,1,2,0,NONE
tx_legit_004071,usr_norm_0788,merch_razorpay_010,628.91,INR,2026-08-04T01:50:17+00:00,dev_fingerprint_0542,192.168.17.99,"Kolkata, IN",pm_tok_synthetic_02228,426,1,0,1,1,0,NONE
tx_legit_000769,usr_norm_0809,merch_razorpay_036,387.87,INR,2026-08-04T01:52:40+00:00,dev_fingerprint_0938,10.0.193.135,"Bengaluru, IN",pm_tok_synthetic_00050,835,1,0,3,1,0,NONE
tx_legit_001821,usr_norm_1931,merch_razorpay_010,219.79,INR,2026-08-04T01:57:02+00:00,dev_fingerprint_0593,192.168.214.95,"Bengaluru, IN",pm_tok_synthetic_02169,684,1,0,1,1,0,NONE
tx_legit_008170,usr_norm_0296,merch_razorpay_018,357.11,INR,2026-08-04T01:58:09+00:00,dev_fingerprint_1443,192.168.7.22,"Hyderabad, IN",pm_tok_synthetic_01298,521,1,0,1,1,0,NONE
tx_legit_001232,usr_norm_0898,merch_razorpay_002,763.88,INR,2026-08-04T02:02:10+00:00,dev_fingerprint_1490,10.0.208.24,"Mumbai, IN",pm_tok_synthetic_02442,566,1,1,1,2,0,NONE
tx_legit_004068,usr_norm_1023,merch_razorpay_017,423.8,INR,2026-08-04T02:03:23+00:00,dev_fingerprint_0772,192.168.12.170,"Kolkata, IN",pm_tok_synthetic_01755,315,1,1,2,2,0,NONE
tx_legit_007409,usr_norm_0332,merch_razorpay_042,741.12,INR,2026-08-04T02:07:31+00:00,dev_fingerprint_0914,192.168.119.243,"Kolkata, IN",pm_tok_synthetic_01093,367,2,0,1,1,0,NONE
tx_legit_003379,usr_norm_0833,merch_razorpay_020,402.57,INR,2026-08-04T02:11:34+00:00,dev_fingerprint_0059,192.168.120.222,"Bengaluru, IN",pm_tok_synthetic_00789,882,1,0,2,2,0,NONE
tx_legit_003236,usr_norm_1224,merch_razorpay_013,1973.16,INR,2026-08-04T02:13:07+00:00,dev_fingerprint_1176,192.168.98.147,"Kolkata, IN",pm_tok_synthetic_01125,532,2,0,1,1,0,NONE
tx_legit_005898,usr_norm_1118,merch_razorpay_024,716.12,INR,2026-08-04T02:13:31+00:00,dev_fingerprint_1338,192.168.158.146,"Delhi, IN",pm_tok_synthetic_01496,631,1,0,1,2,0,NONE
tx_fraud_000404,usr_fraud_reuseC_003,merch_razorpay_039,9553.15,INR,2026-08-04T02:21:48+00:00,dev_reuseC_016,198.51.100.152,"Delhi, IN",pm_tok_stolen_C_005,1,4,0,2,6,1,PAYMENT_REF_REUSE
tx_legit_001379,usr_norm_1479,merch_razorpay_023,432.01,INR,2026-08-04T02:28:34+00:00,dev_fingerprint_0335,192.168.4.249,"Pune, IN",pm_tok_synthetic_00926,63,1,0,1,2,0,NONE
tx_legit_000931,usr_norm_0288,merch_razorpay_004,284.8,INR,2026-08-04T02:31:23+00:00,dev_fingerprint_1489,192.168.176.84,"Hyderabad, IN",pm_tok_synthetic_00565,561,1,0,1,1,0,NONE
tx_legit_005410,usr_norm_0924,merch_razorpay_004,825.24,INR,2026-08-04T02:35:41+00:00,dev_fingerprint_1175,192.168.221.117,"Kolkata, IN",pm_tok_synthetic_02023,182,1,0,1,2,0,NONE
tx_legit_002844,usr_norm_0922,merch_razorpay_011,235.58,INR,2026-08-04T02:35:52+00:00,dev_fingerprint_0480,192.168.71.63,"Chennai, IN",pm_tok_synthetic_00052,717,1,0,1,1,0,NONE
tx_legit_005762,usr_norm_0778,merch_razorpay_049,652.6,INR,2026-08-04T02:37:57+00:00,dev_fingerprint_1427,192.168.46.188,"Kolkata, IN",pm_tok_synthetic_02212,301,4,0,1,1,0,NONE
tx_legit_003280,usr_norm_0260,merch_razorpay_002,1080.87,INR,2026-08-04T02:38:30+00:00,dev_fingerprint_0092,192.168.51.38,"Hyderabad, IN",pm_tok_synthetic_00209,613,1,0,1,1,0,NONE
tx_legit_002835,usr_norm_0272,merch_razorpay_016,188.05,INR,2026-08-04T02:39:05+00:00,dev_fingerprint_0671,192.168.211.164,"Hyderabad, IN",pm_tok_synthetic_01304,196,1,0,1,3,0,NONE
tx_legit_000914,usr_norm_1099,merch_razorpay_030,109.02,INR,2026-08-04T02:40:08+00:00,dev_fingerprint_1208,192.168.248.15,"Delhi, IN",pm_tok_synthetic_00150,594,1,0,1,4,0,NONE
tx_legit_003587,usr_norm_0982,merch_razorpay_034,338.24,INR,2026-08-04T02:51:58+00:00,dev_fingerprint_1296,192.168.204.15,"Kolkata, IN",pm_tok_synthetic_02411,156,1,0,1,1,0,NONE
tx_legit_006840,usr_norm_0468,merch_razorpay_036,978.47,INR,2026-08-04T02:56:04+00:00,dev_fingerprint_0738,192.168.185.68,"Bengaluru, IN",pm_tok_synthetic_00374,35,1,0,1,1,0,NONE
tx_legit_004487,usr_norm_0798,merch_razorpay_000,661.64,INR,2026-08-04T02:56:22+00:00,dev_fingerprint_1664,192.168.57.70,"Mumbai, IN",pm_tok_synthetic_01224,110,1,0,1,1,0,NONE
tx_legit_004669,usr_norm_1880,merch_razorpay_043,300.66,INR,2026-08-04T02:59:40+00:00,dev_fingerprint_0051,192.168.218.197,"Delhi, IN",pm_tok_synthetic_02211,816,1,0,2,1,0,NONE
tx_legit_000288,usr_norm_1655,merch_razorpay_011,836.9,INR,2026-08-04T02:59:46+00:00,dev_fingerprint_1907,192.168.17.107,"Kolkata, IN",pm_tok_synthetic_02086,464,1,0,1,2,0,NONE
tx_legit_006779,usr_norm_1964,merch_razorpay_039,671.57,INR,2026-08-04T03:00:21+00:00,dev_fingerprint_0298,192.168.223.98,"Kolkata, IN",pm_tok_synthetic_01136,623,1,0,1,1,0,NONE
tx_legit_002661,usr_norm_0292,merch_razorpay_007,1088.83,INR,2026-08-04T03:03:44+00:00,dev_fingerprint_1118,192.168.66.12,"Ahmedabad, IN",pm_tok_synthetic_01082,654,2,0,1,1,0,NONE
tx_legit_000131,usr_norm_0508,merch_razorpay_024,176.54,INR,2026-08-04T03:17:02+00:00,dev_fingerprint_0508,192.168.161.55,"Pune, IN",pm_tok_synthetic_01454,200,2,0,1,2,0,NONE
tx_legit_002434,usr_norm_1944,merch_razorpay_021,429.89,INR,2026-08-04T03:17:56+00:00,dev_fingerprint_1914,192.168.209.126,"Delhi, IN",pm_tok_synthetic_02257,749,2,0,1,1,0,NONE
tx_legit_001938,usr_norm_1902,merch_razorpay_009,96.37,INR,2026-08-04T03:29:22+00:00,dev_fingerprint_0909,192.168.74.113,"Mumbai, IN",pm_tok_synthetic_01702,852,1,0,1,2,0,NONE
tx_legit_001947,usr_norm_1928,merch_razorpay_010,287.3,INR,2026-08-04T03:33:41+00:00,dev_fingerprint_0944,192.168.13.234,"Kolkata, IN",pm_tok_synthetic_00554,395,1,0,2,1,0,NONE
tx_legit_007108,usr_norm_0177,merch_razorpay_047,122.05,INR,2026-08-04T03:33:55+00:00,dev_fingerprint_0097,10.0.54.203,"Kolkata, IN",pm_tok_synthetic_01359,309,1,0,2,1,0,NONE
tx_legit_002857,usr_norm_0425,merch_razorpay_045,322.84,INR,2026-08-04T03:40:55+00:00,dev_fingerprint_0013,192.168.168.177,"Chennai, IN",pm_tok_synthetic_00563,892,1,0,1,1,0,NONE
tx_legit_007427,usr_norm_1284,merch_razorpay_041,294.72,INR,2026-08-04T03:52:21+00:00,dev_fingerprint_0711,192.168.43.216,"Pune, IN",pm_tok_synthetic_02210,262,1,0,3,1,0,NONE
tx_legit_001801,usr_norm_1442,merch_razorpay_018,345.67,INR,2026-08-04T04:05:37+00:00,dev_fingerprint_1351,192.168.190.189,"Ahmedabad, IN",pm_tok_synthetic_00441,49,1,0,1,1,0,NONE
tx_legit_002735,usr_norm_0191,merch_razorpay_025,197.04,INR,2026-08-04T04:06:50+00:00,dev_fingerprint_1374,192.168.162.176,"Kolkata, IN",pm_tok_synthetic_01663,402,1,0,1,2,0,NONE
tx_legit_005931,usr_norm_0959,merch_razorpay_019,349.04,INR,2026-08-04T04:08:23+00:00,dev_fingerprint_0775,192.168.63.252,"Hyderabad, IN",pm_tok_synthetic_02304,110,1,0,1,1,0,NONE
tx_legit_004806,usr_norm_1572,merch_razorpay_007,257.32,INR,2026-08-04T04:11:10+00:00,dev_fingerprint_1821,192.168.27.91,"Kolkata, IN",pm_tok_synthetic_00716,144,2,0,1,1,0,NONE
tx_legit_004492,usr_norm_1070,merch_razorpay_004,663.56,INR,2026-08-04T04:18:32+00:00,dev_fingerprint_1658,192.168.59.198,"Bengaluru, IN",pm_tok_synthetic_00020,616,1,0,1,2,0,NONE
tx_legit_008108,usr_norm_0898,merch_razorpay_031,312.36,INR,2026-08-04T04:19:58+00:00,dev_fingerprint_1490,10.0.55.71,"Delhi, IN",pm_tok_synthetic_02442,566,1,0,1,1,0,NONE
tx_legit_008961,usr_norm_1040,merch_razorpay_005,632.0,INR,2026-08-04T04:21:36+00:00,dev_fingerprint_1397,192.168.91.57,"Chennai, IN",pm_tok_synthetic_01314,420,1,0,1,1,0,NONE
tx_legit_001750,usr_norm_1009,merch_razorpay_000,1012.72,INR,2026-08-04T04:32:51+00:00,dev_fingerprint_0127,192.168.70.129,"Mumbai, IN",pm_tok_synthetic_01208,238,1,0,1,1,0,NONE
tx_legit_005471,usr_norm_1984,merch_razorpay_021,402.27,INR,2026-08-04T04:38:50+00:00,dev_fingerprint_0386,192.168.174.140,"Bengaluru, IN",pm_tok_synthetic_00285,891,2,0,1,4,0,NONE
tx_legit_000091,usr_norm_1420,merch_razorpay_028,260.4,INR,2026-08-04T04:39:04+00:00,dev_fingerprint_0880,192.168.220.121,"Mumbai, IN",pm_tok_synthetic_02359,121,1,0,1,2,0,NONE
tx_legit_003524,usr_norm_0340,merch_razorpay_015,431.23,INR,2026-08-04T04:40:10+00:00,dev_fingerprint_0979,192.168.59.151,"Chennai, IN",pm_tok_synthetic_01863,795,3,0,1,1,0,NONE
tx_legit_007911,usr_norm_1907,merch_razorpay_033,7696.98,INR,2026-08-04T04:41:41+00:00,dev_fingerprint_0972,192.168.28.61,"Kolkata, IN",pm_tok_synthetic_02151,373,2,1,1,1,0,NONE
tx_legit_008350,usr_norm_1270,merch_razorpay_039,561.05,INR,2026-08-04T04:42:57+00:00,dev_fingerprint_0341,192.168.210.244,"Mumbai, IN",pm_tok_synthetic_00421,127,1,0,1,1,0,NONE
tx_fraud_000509,usr_fraud_anomD_028,merch_razorpay_031,47611.39,INR,2026-08-04T04:43:01+00:00,dev_anomD_028,192.0.2.205,Unknown / VPN Node,pm_tok_anomD_028,3,9,3,3,4,1,BEHAVIORAL_ANOMALY
tx_legit_007550,usr_norm_1486,merch_razorpay_020,942.94,INR,2026-08-04T04:50:06+00:00,dev_fingerprint_0640,10.0.181.25,"Delhi, IN",pm_tok_synthetic_02342,638,1,0,1,2,0,NONE
tx_legit_008323,usr_norm_1956,merch_razorpay_013,276.28,INR,2026-08-04T04:58:53+00:00,dev_fingerprint_0883,192.168.75.253,"Mumbai, IN",pm_tok_synthetic_00804,140,1,0,1,1,0,NONE
tx_legit_004446,usr_norm_0056,merch_razorpay_047,539.99,INR,2026-08-04T05:12:19+00:00,dev_fingerprint_0868,192.168.7.233,"Kolkata, IN",pm_tok_synthetic_02486,482,1,0,1,1,0,NONE
tx_legit_007678,usr_norm_0291,merch_razorpay_047,651.32,INR,2026-08-04T05:13:29+00:00,dev_fingerprint_0354,10.0.103.13,"Delhi, IN",pm_tok_synthetic_02183,380,1,0,1,1,0,NONE
tx_legit_003430,usr_norm_1785,merch_razorpay_029,138.54,INR,2026-08-04T05:18:23+00:00,dev_fingerprint_1105,192.168.246.167,"Chennai, IN",pm_tok_synthetic_00898,505,1,0,1,2,0,NONE
tx_legit_004430,usr_norm_1754,merch_razorpay_005,881.83,INR,2026-08-04T05:20:59+00:00,dev_fingerprint_1388,192.168.76.180,"Mumbai, IN",pm_tok_synthetic_02197,182,1,0,2,2,0,NONE
tx_legit_007913,usr_norm_1209,merch_razorpay_015,129.42,INR,2026-08-04T05:23:57+00:00,dev_fingerprint_1436,10.0.198.251,"Mumbai, IN",pm_tok_synthetic_01293,452,1,0,1,2,0,NONE
tx_legit_003911,usr_norm_1223,merch_razorpay_029,367.61,INR,2026-08-04T05:28:28+00:00,dev_fingerprint_0987,10.0.191.180,"Ahmedabad, IN",pm_tok_synthetic_01291,534,1,0,1,1,0,NONE
tx_legit_008567,usr_norm_1275,merch_razorpay_049,154.88,INR,2026-08-04T05:30:08+00:00,dev_fingerprint_0469,192.168.55.130,"Bengaluru, IN",pm_tok_synthetic_01163,483,3,0,1,3,0,NONE
tx_legit_003064,usr_norm_1118,merch_razorpay_032,618.38,INR,2026-08-04T05:31:32+00:00,dev_fingerprint_1338,10.0.254.222,"Chennai, IN",pm_tok_synthetic_01496,631,1,0,2,3,0,NONE
tx_legit_006743,usr_norm_0930,merch_razorpay_012,149.91,INR,2026-08-04T05:33:49+00:00,dev_fingerprint_0737,192.168.248.152,"Hyderabad, IN",pm_tok_synthetic_01280,466,1,0,1,4,0,NONE
tx_legit_003262,usr_norm_0258,merch_razorpay_027,364.08,INR,2026-08-04T05:40:45+00:00,dev_fingerprint_0274,192.168.74.199,"Hyderabad, IN",pm_tok_synthetic_01083,774,3,0,1,1,0,NONE
tx_legit_008517,usr_norm_1726,merch_razorpay_049,629.87,INR,2026-08-04T05:40:46+00:00,dev_fingerprint_0883,192.168.129.236,"Kolkata, IN",pm_tok_synthetic_00435,482,1,0,1,1,0,NONE
tx_legit_002210,usr_norm_1009,merch_razorpay_008,563.81,INR,2026-08-04T05:42:04+00:00,dev_fingerprint_0127,10.0.113.35,"Mumbai, IN",pm_tok_synthetic_01208,238,1,0,1,1,0,NONE
tx_legit_004932,usr_norm_0622,merch_razorpay_004,1690.98,INR,2026-08-04T05:46:54+00:00,dev_fingerprint_1348,192.168.145.222,"Bengaluru, IN",pm_tok_synthetic_01235,240,1,0,1,1,0,NONE
tx_legit_000574,usr_norm_0600,merch_razorpay_011,432.48,INR,2026-08-04T05:48:11+00:00,dev_fingerprint_0811,192.168.126.27,"Hyderabad, IN",pm_tok_synthetic_01251,773,1,0,1,2,0,NONE
tx_legit_006174,usr_norm_0533,merch_razorpay_009,566.65,INR,2026-08-04T05:55:36+00:00,dev_fingerprint_1443,10.0.173.104,"Kolkata, IN",pm_tok_synthetic_00886,315,1,0,2,1,0,NONE
tx_legit_007666,usr_norm_0987,merch_razorpay_013,324.65,INR,2026-08-04T05:57:40+00:00,dev_fingerprint_1041,192.168.124.89,"Chennai, IN",pm_tok_synthetic_00725,738,1,0,1,1,0,NONE
tx_legit_002281,usr_norm_0658,merch_razorpay_029,1420.79,INR,2026-08-04T05:58:31+00:00,dev_fingerprint_1728,192.168.72.117,"Hyderabad, IN",pm_tok_synthetic_01932,402,2,0,1,4,0,NONE
tx_legit_005485,usr_norm_1616,merch_razorpay_002,767.82,INR,2026-08-04T06:03:10+00:00,dev_fingerprint_0618,192.168.152.177,"Mumbai, IN",pm_tok_synthetic_01888,440,1,0,1,1,0,NONE
tx_legit_002202,usr_norm_1696,merch_razorpay_032,556.92,INR,2026-08-04T06:07:45+00:00,dev_fingerprint_0024,192.168.227.177,"Ahmedabad, IN",pm_tok_synthetic_01838,421,1,0,1,1,0,NONE
tx_legit_000578,usr_norm_0947,merch_razorpay_015,978.01,INR,2026-08-04T06:08:48+00:00,dev_fingerprint_0643,192.168.7.144,"Delhi, IN",pm_tok_synthetic_02149,815,4,0,1,1,0,NONE
tx_legit_000421,usr_norm_1049,merch_razorpay_020,333.03,INR,2026-08-04T06:11:17+00:00,dev_fingerprint_0868,192.168.232.8,"Ahmedabad, IN",pm_tok_synthetic_02065,240,1,0,3,2,0,NONE
tx_legit_001102,usr_norm_1835,merch_razorpay_024,107.0,INR,2026-08-04T06:13:40+00:00,dev_fingerprint_0607,192.168.171.136,"Hyderabad, IN",pm_tok_synthetic_01105,744,1,0,1,1,0,NONE
tx_legit_001133,usr_norm_0020,merch_razorpay_042,858.38,INR,2026-08-04T06:27:19+00:00,dev_fingerprint_0908,10.0.75.77,"Ahmedabad, IN",pm_tok_synthetic_00330,359,3,0,1,1,0,NONE
tx_legit_002680,usr_norm_0486,merch_razorpay_042,447.35,INR,2026-08-04T06:30:22+00:00,dev_fingerprint_0277,192.168.227.224,"Hyderabad, IN",pm_tok_synthetic_00027,435,1,0,3,1,0,NONE
tx_legit_004541,usr_norm_0591,merch_razorpay_021,241.33,INR,2026-08-04T06:38:13+00:00,dev_fingerprint_0267,192.168.72.226,"Mumbai, IN",pm_tok_synthetic_01987,837,2,0,1,3,0,NONE
tx_legit_002040,usr_norm_0383,merch_razorpay_024,468.37,INR,2026-08-04T06:53:25+00:00,dev_fingerprint_1067,10.0.31.11,"Mumbai, IN",pm_tok_synthetic_01693,337,1,0,1,4,0,NONE
tx_legit_001633,usr_norm_1248,merch_razorpay_017,791.61,INR,2026-08-04T06:53:57+00:00,dev_fingerprint_0815,192.168.227.138,"Mumbai, IN",pm_tok_synthetic_00669,91,1,0,1,4,0,NONE
tx_legit_001948,usr_norm_0240,merch_razorpay_014,1320.26,INR,2026-08-04T07:13:46+00:00,dev_fingerprint_0900,192.168.198.227,"Kolkata, IN",pm_tok_synthetic_01983,505,1,0,1,1,0,NONE
tx_legit_006936,usr_norm_0325,merch_razorpay_040,141.15,INR,2026-08-04T07:19:01+00:00,dev_fingerprint_0381,192.168.167.180,"Hyderabad, IN",pm_tok_synthetic_01380,839,1,0,1,1,0,NONE
tx_legit_008803,usr_norm_1660,merch_razorpay_018,571.25,INR,2026-08-04T07:19:08+00:00,dev_fingerprint_0841,192.168.138.32,"Delhi, IN",pm_tok_synthetic_02237,620,2,0,1,2,0,NONE
tx_legit_008484,usr_norm_1703,merch_razorpay_022,366.37,INR,2026-08-04T07:31:42+00:00,dev_fingerprint_1382,192.168.4.142,"Bengaluru, IN",pm_tok_synthetic_00990,781,1,0,1,1,0,NONE
tx_legit_003605,usr_norm_0208,merch_razorpay_039,709.0,INR,2026-08-04T07:33:25+00:00,dev_fingerprint_0711,192.168.235.72,"Bengaluru, IN",pm_tok_synthetic_00265,593,1,0,1,1,0,NONE
tx_legit_003385,usr_norm_0737,merch_razorpay_041,294.91,INR,2026-08-04T07:33:56+00:00,dev_fingerprint_1004,192.168.221.93,"Hyderabad, IN",pm_tok_synthetic_00369,87,1,2,1,1,0,NONE
tx_legit_001581,usr_norm_1850,merch_razorpay_044,589.37,INR,2026-08-04T07:40:13+00:00,dev_fingerprint_0995,192.168.21.121,"Chennai, IN",pm_tok_synthetic_02157,879,1,0,1,2,0,NONE
tx_legit_004615,usr_norm_0286,merch_razorpay_014,350.37,INR,2026-08-04T07:42:27+00:00,dev_fingerprint_0845,192.168.70.129,"Chennai, IN",pm_tok_synthetic_00835,450,1,0,1,1,0,NONE
tx_legit_003443,usr_norm_0446,merch_razorpay_043,374.33,INR,2026-08-04T07:43:58+00:00,dev_fingerprint_0195,192.168.80.202,"Mumbai, IN",pm_tok_synthetic_02163,73,2,0,1,1,0,NONE
tx_legit_008876,usr_norm_1528,merch_razorpay_006,175.55,INR,2026-08-04T08:01:30+00:00,dev_fingerprint_1653,10.0.238.210,"Hyderabad, IN",pm_tok_synthetic_01865,797,1,0,1,1,0,NONE
tx_legit_008559,usr_norm_0609,merch_razorpay_024,446.84,INR,2026-08-04T08:07:19+00:00,dev_fingerprint_0209,192.168.76.112,"Pune, IN",pm_tok_synthetic_01283,406,1,1,1,2,0,NONE
tx_legit_000902,usr_norm_1192,merch_razorpay_000,551.8,INR,2026-08-04T08:08:22+00:00,dev_fingerprint_1371,192.168.163.159,"Kolkata, IN",pm_tok_synthetic_01660,630,1,0,1,1,0,NONE
tx_legit_004170,usr_norm_1488,merch_razorpay_016,473.67,INR,2026-08-04T08:13:43+00:00,dev_fingerprint_0223,192.168.60.99,"Hyderabad, IN",pm_tok_synthetic_01871,876,1,0,1,1,0,NONE
tx_legit_006614,usr_norm_0602,merch_razorpay_006,463.22,INR,2026-08-04T08:15:33+00:00,dev_fingerprint_1342,192.168.17.99,"Bengaluru, IN",pm_tok_synthetic_00389,31,1,0,1,1,0,NONE
tx_legit_005461,usr_norm_0727,merch_razorpay_033,1281.82,INR,2026-08-04T08:16:01+00:00,dev_fingerprint_0732,192.168.226.35,"Delhi, IN",pm_tok_synthetic_02392,268,2,0,1,2,0,NONE
tx_legit_003836,usr_norm_1852,merch_razorpay_012,2002.7,INR,2026-08-04T08:19:29+00:00,dev_fingerprint_1632,192.168.76.84,"Kolkata, IN",pm_tok_synthetic_01197,492,1,0,1,1,0,NONE
tx_legit_003367,usr_norm_0441,merch_razorpay_010,475.79,INR,2026-08-04T08:20:40+00:00,dev_fingerprint_1330,192.168.70.107,"Pune, IN",pm_tok_synthetic_00129,125,1,2,1,1,0,NONE
tx_legit_002794,usr_norm_0340,merch_razorpay_041,262.33,INR,2026-08-04T08:30:03+00:00,dev_fingerprint_0979,192.168.59.151,"Kolkata, IN",pm_tok_synthetic_01863,795,1,1,1,1,0,NONE
tx_legit_001526,usr_norm_0267,merch_razorpay_038,632.86,INR,2026-08-04T08:34:01+00:00,dev_fingerprint_0295,192.168.222.103,"Ahmedabad, IN",pm_tok_synthetic_02467,551,1,0,1,1,0,NONE
tx_legit_001943,usr_norm_0767,merch_razorpay_047,130.94,INR,2026-08-04T08:36:41+00:00,dev_fingerprint_0981,192.168.99.60,"Hyderabad, IN",pm_tok_synthetic_02367,696,4,0,1,3,0,NONE
tx_legit_001744,usr_norm_0423,merch_razorpay_040,101.13,INR,2026-08-04T08:37:45+00:00,dev_fingerprint_0120,10.0.60.195,"Kolkata, IN",pm_tok_synthetic_00138,889,2,0,2,1,0,NONE
tx_legit_001336,usr_norm_1009,merch_razorpay_021,682.54,INR,2026-08-04T08:40:25+00:00,dev_fingerprint_0127,192.168.70.129,"Mumbai, IN",pm_tok_synthetic_01208,238,1,0,1,1,0,NONE
tx_legit_004797,usr_norm_1173,merch_razorpay_028,208.46,INR,2026-08-04T08:54:57+00:00,dev_fingerprint_0243,192.168.182.41,"Mumbai, IN",pm_tok_synthetic_00941,487,1,0,2,3,0,NONE
tx_legit_005591,usr_norm_1292,merch_razorpay_023,432.61,INR,2026-08-04T08:58:06+00:00,dev_fingerprint_0473,192.168.203.211,"Pune, IN",pm_tok_synthetic_00029,591,1,0,1,2,0,NONE
tx_legit_006856,usr_norm_1759,merch_razorpay_040,335.0,INR,2026-08-04T09:04:12+00:00,dev_fingerprint_1295,192.168.54.172,"Ahmedabad, IN",pm_tok_synthetic_01258,870,2,0,1,3,0,NONE
tx_legit_007438,usr_norm_0461,merch_razorpay_010,719.76,INR,2026-08-04T09:11:17+00:00,dev_fingerprint_0922,192.168.35.222,"Hyderabad, IN",pm_tok_synthetic_00934,394,1,0,1,1,0,NONE
tx_legit_007564,usr_norm_1261,merch_razorpay_033,1133.38,INR,2026-08-04T09:27:19+00:00,dev_fingerprint_1292,192.168.73.252,"Mumbai, IN",pm_tok_synthetic_02341,444,2,0,1,1,0,NONE
tx_legit_006563,usr_norm_0933,merch_razorpay_040,916.61,INR,2026-08-04T09:36:17+00:00,dev_fingerprint_0732,192.168.166.11,"Delhi, IN",pm_tok_synthetic_01792,666,1,0,1,2,0,NONE
tx_legit_002459,usr_norm_1095,merch_razorpay_021,708.71,INR,2026-08-04T09:43:54+00:00,dev_fingerprint_0402,192.168.241.225,"Ahmedabad, IN",pm_tok_synthetic_00679,774,4,0,1,1,0,NONE
tx_legit_001742,usr_norm_1759,merch_razorpay_038,595.55,INR,2026-08-04T09:49:49+00:00,dev_fingerprint_1295,192.168.54.172,"Mumbai, IN",pm_tok_synthetic_01258,870,1,0,1,1,0,NONE
tx_fraud_000366,usr_fraud_reuseC_005,merch_razorpay_005,11705.08,INR,2026-08-04T09:53:15+00:00,dev_reuseC_017,198.51.100.168,"Delhi, IN",pm_tok_stolen_C_002,3,3,1,5,5,1,PAYMENT_REF_REUSE
tx_legit_003822,usr_norm_0608,merch_razorpay_043,378.89,INR,2026-08-04T09:56:40+00:00,dev_fingerprint_0468,192.168.111.202,"Kolkata, IN",pm_tok_synthetic_00365,778,2,0,1,1,0,NONE
tx_legit_008418,usr_norm_1135,merch_razorpay_022,325.9,INR,2026-08-04T10:06:15+00:00,dev_fingerprint_0528,192.168.206.143,"Ahmedabad, IN",pm_tok_synthetic_00737,559,2,0,1,1,0,NONE
tx_legit_004285,usr_norm_1105,merch_razorpay_001,1238.24,INR,2026-08-04T10:07:58+00:00,dev_fingerprint_1028,192.168.56.60,"Kolkata, IN",pm_tok_synthetic_00978,898,1,0,1,1,0,NONE
tx_legit_004195,usr_norm_0210,merch_razorpay_047,1433.05,INR,2026-08-04T10:08:54+00:00,dev_fingerprint_1457,192.168.235.72,"Ahmedabad, IN",pm_tok_synthetic_00713,842,1,0,3,1,0,NONE
tx_legit_000478,usr_norm_1672,merch_razorpay_044,117.3,INR,2026-08-04T10:10:00+00:00,dev_fingerprint_0722,192.168.158.105,"Kolkata, IN",pm_tok_synthetic_01206,326,1,0,2,1,0,NONE
tx_legit_006197,usr_norm_1212,merch_razorpay_002,1333.1,INR,2026-08-04T10:10:11+00:00,dev_fingerprint_0588,192.168.120.136,"Ahmedabad, IN",pm_tok_synthetic_01634,719,2,0,1,2,0,NONE
tx_legit_009040,usr_norm_1823,merch_razorpay_004,317.15,INR,2026-08-04T10:22:47+00:00,dev_fingerprint_1426,192.168.228.195,"Hyderabad, IN",pm_tok_synthetic_00401,493,1,0,1,2,0,NONE
tx_legit_006353,usr_norm_0296,merch_razorpay_047,361.28,INR,2026-08-04T10:26:19+00:00,dev_fingerprint_1815,192.168.7.22,"Pune, IN",pm_tok_synthetic_01298,521,1,0,1,1,0,NONE
tx_legit_005924,usr_norm_0285,merch_razorpay_029,671.47,INR,2026-08-04T10:28:10+00:00,dev_fingerprint_0903,192.168.189.237,"Ahmedabad, IN",pm_tok_synthetic_01715,185,1,0,1,2,0,NONE
tx_legit_005843,usr_norm_0158,merch_razorpay_009,577.09,INR,2026-08-04T10:28:41+00:00,dev_fingerprint_0879,192.168.7.190,"Kolkata, IN",pm_tok_synthetic_01445,276,2,0,1,1,0,NONE
tx_legit_004373,usr_norm_1773,merch_razorpay_019,466.22,INR,2026-08-04T10:29:31+00:00,dev_fingerprint_0323,192.168.57.115,"Delhi, IN",pm_tok_synthetic_01994,112,1,0,1,5,0,NONE
tx_legit_006792,usr_norm_0733,merch_razorpay_014,417.57,INR,2026-08-04T10:31:42+00:00,dev_fingerprint_1428,192.168.185.241,"Kolkata, IN",pm_tok_synthetic_02423,58,1,0,1,1,0,NONE
tx_legit_006355,usr_norm_1289,merch_razorpay_039,526.86,INR,2026-08-04T10:34:57+00:00,dev_fingerprint_1857,192.168.109.9,"Pune, IN",pm_tok_synthetic_02014,803,1,0,1,1,0,NONE
tx_legit_001141,usr_norm_1551,merch_razorpay_044,2356.39,INR,2026-08-04T10:42:02+00:00,dev_fingerprint_0138,192.168.239.61,"Pune, IN",pm_tok_synthetic_00600,548,1,0,1,1,0,NONE
tx_legit_004553,usr_norm_0803,merch_razorpay_003,1846.66,INR,2026-08-04T10:45:31+00:00,dev_fingerprint_0394,192.168.62.15,"Hyderabad, IN",pm_tok_synthetic_00174,463,1,1,1,4,0,NONE
tx_legit_004787,usr_norm_0780,merch_razorpay_046,645.62,INR,2026-08-04T10:49:19+00:00,dev_fingerprint_0196,10.0.92.179,"Mumbai, IN",pm_tok_synthetic_01609,615,1,0,1,1,0,NONE
tx_legit_001579,usr_norm_1298,merch_razorpay_041,1191.95,INR,2026-08-04T10:57:41+00:00,dev_fingerprint_1526,192.168.4.185,"Chennai, IN",pm_tok_synthetic_01113,321,1,0,1,1,0,NONE
tx_legit_000543,usr_norm_0197,merch_razorpay_007,91.34,INR,2026-08-04T11:06:45+00:00,dev_fingerprint_1597,192.168.57.2,"Hyderabad, IN",pm_tok_synthetic_01842,409,1,0,1,3,0,NONE
tx_legit_005545,usr_norm_0266,merch_razorpay_046,110.61,INR,2026-08-04T11:07:11+00:00,dev_fingerprint_0694,10.0.105.163,"Ahmedabad, IN",pm_tok_synthetic_01497,803,1,1,3,3,0,NONE
tx_legit_002861,usr_norm_1930,merch_razorpay_019,386.92,INR,2026-08-04T11:10:16+00:00,dev_fingerprint_0859,192.168.19.148,"Mumbai, IN",pm_tok_synthetic_01458,79,1,0,2,1,0,NONE
tx_legit_000645,usr_norm_1004,merch_razorpay_014,521.9,INR,2026-08-04T11:13:41+00:00,dev_fingerprint_0865,192.168.37.105,"Bengaluru, IN",pm_tok_synthetic_00052,565,1,0,1,2,0,NONE
tx_legit_005068,usr_norm_0787,merch_razorpay_029,1735.61,INR,2026-08-04T11:15:58+00:00,dev_fingerprint_0814,192.168.108.138,"Chennai, IN",pm_tok_synthetic_02003,706,1,0,1,1,0,NONE
tx_legit_006472,usr_norm_0345,merch_razorpay_045,542.3,INR,2026-08-04T11:18:42+00:00,dev_fingerprint_1662,192.168.149.7,"Chennai, IN",pm_tok_synthetic_01829,570,1,0,1,1,0,NONE
tx_legit_003632,usr_norm_0653,merch_razorpay_024,193.5,INR,2026-08-04T11:18:44+00:00,dev_fingerprint_0737,192.168.44.137,"Delhi, IN",pm_tok_synthetic_02046,610,1,0,2,1,0,NONE
tx_legit_004525,usr_norm_1407,merch_razorpay_039,309.66,INR,2026-08-04T11:19:55+00:00,dev_fingerprint_1028,192.168.7.24,"Hyderabad, IN",pm_tok_synthetic_00904,186,2,0,1,1,0,NONE
tx_legit_001397,usr_norm_1814,merch_razorpay_013,229.92,INR,2026-08-04T11:26:29+00:00,dev_fingerprint_0843,192.168.174.140,"Mumbai, IN",pm_tok_synthetic_02137,530,2,0,1,1,0,NONE
tx_legit_008275,usr_norm_1335,merch_razorpay_020,1344.34,INR,2026-08-04T11:28:18+00:00,dev_fingerprint_0219,192.168.207.79,"Pune, IN",pm_tok_synthetic_01998,268,1,0,1,2,0,NONE
tx_legit_007344,usr_norm_1600,merch_razorpay_001,782.32,INR,2026-08-04T11:32:11+00:00,dev_fingerprint_1289,10.0.241.254,"Hyderabad, IN",pm_tok_synthetic_01826,661,1,0,1,1,0,NONE
tx_legit_004029,usr_norm_1236,merch_razorpay_016,1599.55,INR,2026-08-04T11:38:31+00:00,dev_fingerprint_0702,192.168.81.170,"Mumbai, IN",pm_tok_synthetic_00753,540,1,0,1,1,0,NONE
tx_legit_004521,usr_norm_0917,merch_razorpay_011,353.63,INR,2026-08-04T11:41:59+00:00,dev_fingerprint_0406,192.168.124.71,"Ahmedabad, IN",pm_tok_synthetic_00818,826,4,0,1,1,0,NONE
tx_legit_006949,usr_norm_1637,merch_razorpay_016,205.93,INR,2026-08-04T11:46:05+00:00,dev_fingerprint_1554,10.0.67.229,"Kolkata, IN",pm_tok_synthetic_01410,121,2,0,1,2,0,NONE
tx_legit_006016,usr_norm_1423,merch_razorpay_011,341.13,INR,2026-08-04T11:49:19+00:00,dev_fingerprint_0705,192.168.95.122,"Pune, IN",pm_tok_synthetic_00099,818,3,0,1,1,0,NONE
tx_legit_008039,usr_norm_1379,merch_razorpay_032,474.78,INR,2026-08-04T11:52:18+00:00,dev_fingerprint_0664,192.168.21.157,"Delhi, IN",pm_tok_synthetic_01522,452,3,0,1,1,0,NONE
tx_legit_006972,usr_norm_1350,merch_razorpay_011,1290.82,INR,2026-08-04T11:53:23+00:00,dev_fingerprint_0745,192.168.77.215,"Ahmedabad, IN",pm_tok_synthetic_00978,358,1,0,1,2,0,NONE
tx_legit_005508,usr_norm_1848,merch_razorpay_049,965.01,INR,2026-08-04T11:56:45+00:00,dev_fingerprint_1393,10.0.129.182,"Pune, IN",pm_tok_synthetic_01135,85,1,0,1,4,0,NONE
tx_legit_001238,usr_norm_0930,merch_razorpay_000,631.94,INR,2026-08-04T12:00:17+00:00,dev_fingerprint_0737,192.168.248.152,"Delhi, IN",pm_tok_synthetic_01280,466,1,0,1,1,0,NONE
tx_legit_004048,usr_norm_1098,merch_razorpay_031,236.49,INR,2026-08-04T12:02:47+00:00,dev_fingerprint_1191,192.168.226.71,"Hyderabad, IN",pm_tok_synthetic_01659,817,1,2,1,1,0,NONE
tx_legit_006377,usr_norm_1318,merch_razorpay_045,891.01,INR,2026-08-04T12:23:35+00:00,dev_fingerprint_0943,192.168.133.93,"Ahmedabad, IN",pm_tok_synthetic_00384,563,2,0,1,1,0,NONE
tx_legit_004437,usr_norm_1726,merch_razorpay_037,859.72,INR,2026-08-04T12:34:17+00:00,dev_fingerprint_0883,192.168.129.236,"Delhi, IN",pm_tok_synthetic_00435,482,1,0,1,2,0,NONE
tx_legit_009066,usr_norm_1595,merch_razorpay_023,644.1,INR,2026-08-04T12:35:43+00:00,dev_fingerprint_1255,192.168.161.25,"Kolkata, IN",pm_tok_synthetic_01387,583,1,0,1,4,0,NONE
tx_legit_000807,usr_norm_0031,merch_razorpay_033,716.42,INR,2026-08-04T12:38:27+00:00,dev_fingerprint_0312,192.168.113.32,"Bengaluru, IN",pm_tok_synthetic_01942,98,1,0,1,1,0,NONE
tx_legit_008728,usr_norm_1168,merch_razorpay_027,187.43,INR,2026-08-04T12:39:08+00:00,dev_fingerprint_0417,192.168.2.229,"Chennai, IN",pm_tok_synthetic_02261,832,1,0,1,1,0,NONE
tx_fraud_000507,usr_fraud_anomD_026,merch_razorpay_006,92952.69,INR,2026-08-04T12:41:49+00:00,dev_anomD_026,192.0.2.146,Unknown / VPN Node,pm_tok_anomD_026,2,11,3,1,2,1,BEHAVIORAL_ANOMALY
tx_legit_002989,usr_norm_0270,merch_razorpay_024,248.8,INR,2026-08-04T12:53:18+00:00,dev_fingerprint_0970,10.0.172.98,"Mumbai, IN",pm_tok_synthetic_01871,182,1,1,2,2,0,NONE
tx_legit_007322,usr_norm_0802,merch_razorpay_018,590.49,INR,2026-08-04T12:55:03+00:00,dev_fingerprint_0919,192.168.120.222,"Mumbai, IN",pm_tok_synthetic_00684,246,1,0,1,2,0,NONE
tx_legit_007030,usr_norm_1438,merch_razorpay_028,726.82,INR,2026-08-04T12:58:10+00:00,dev_fingerprint_0523,192.168.25.169,"Mumbai, IN",pm_tok_synthetic_00246,320,1,0,2,1,0,NONE
tx_legit_008977,usr_norm_0049,merch_razorpay_027,266.76,INR,2026-08-04T12:59:37+00:00,dev_fingerprint_0290,192.168.34.238,"Mumbai, IN",pm_tok_synthetic_00125,123,1,0,1,1,0,NONE
tx_legit_005246,usr_norm_0649,merch_razorpay_029,823.97,INR,2026-08-04T12:59:56+00:00,dev_fingerprint_0241,192.168.107.88,"Hyderabad, IN",pm_tok_synthetic_00120,373,1,2,1,1,0,NONE
tx_legit_006351,usr_norm_0569,merch_razorpay_022,465.68,INR,2026-08-04T13:00:06+00:00,dev_fingerprint_0876,192.168.147.148,"Ahmedabad, IN",pm_tok_synthetic_01901,833,1,0,2,2,0,NONE
tx_legit_008710,usr_norm_1759,merch_razorpay_008,334.51,INR,2026-08-04T13:00:35+00:00,dev_fingerprint_1295,192.168.54.172,"Delhi, IN",pm_tok_synthetic_01258,870,1,0,3,1,0,NONE
tx_legit_004376,usr_norm_1663,merch_razorpay_008,152.4,INR,2026-08-04T13:03:24+00:00,dev_fingerprint_1188,192.168.43.216,"Hyderabad, IN",pm_tok_synthetic_00327,175,1,0,1,1,0,NONE
tx_legit_004379,usr_norm_0757,merch_razorpay_027,1690.49,INR,2026-08-04T13:21:38+00:00,dev_fingerprint_1016,192.168.238.139,"Ahmedabad, IN",pm_tok_synthetic_01356,793,2,0,1,2,0,NONE
tx_legit_001140,usr_norm_1267,merch_razorpay_031,485.96,INR,2026-08-04T13:22:15+00:00,dev_fingerprint_0922,192.168.2.229,"Ahmedabad, IN",pm_tok_synthetic_00685,218,1,1,1,1,0,NONE
tx_legit_004317,usr_norm_1885,merch_razorpay_049,273.97,INR,2026-08-04T13:38:47+00:00,dev_fingerprint_0301,192.168.247.10,"Chennai, IN",pm_tok_synthetic_02315,776,1,0,1,3,0,NONE
tx_legit_002450,usr_norm_1967,merch_razorpay_015,121.68,INR,2026-08-04T13:48:39+00:00,dev_fingerprint_1167,10.0.33.150,"Pune, IN",pm_tok_synthetic_00405,869,1,0,1,1,0,NONE
tx_legit_002826,usr_norm_0004,merch_razorpay_013,771.25,INR,2026-08-04T14:01:32+00:00,dev_fingerprint_1135,10.0.227.192,"Hyderabad, IN",pm_tok_synthetic_02401,251,1,0,1,1,0,NONE
tx_legit_008638,usr_norm_0644,merch_razorpay_040,316.62,INR,2026-08-04T14:05:08+00:00,dev_fingerprint_0633,192.168.9.60,"Delhi, IN",pm_tok_synthetic_00719,152,2,0,1,2,0,NONE
tx_fraud_000624,usr_fraud_anomD_143,merch_razorpay_040,85925.57,INR,2026-08-04T14:05:08+00:00,dev_anomD_143,192.0.2.50,Unknown / VPN Node,pm_tok_anomD_143,8,10,5,1,3,1,BEHAVIORAL_ANOMALY
tx_legit_000337,usr_norm_0069,merch_razorpay_041,364.37,INR,2026-08-04T14:05:18+00:00,dev_fingerprint_0038,192.168.108.100,"Kolkata, IN",pm_tok_synthetic_00318,350,1,0,1,1,0,NONE
tx_legit_001261,usr_norm_1690,merch_razorpay_046,487.96,INR,2026-08-04T14:06:55+00:00,dev_fingerprint_1183,192.168.14.49,"Mumbai, IN",pm_tok_synthetic_01413,85,4,1,1,1,0,NONE
tx_legit_005842,usr_norm_1248,merch_razorpay_037,368.66,INR,2026-08-04T14:06:59+00:00,dev_fingerprint_0815,192.168.227.138,"Pune, IN",pm_tok_synthetic_00669,91,1,0,1,1,0,NONE
tx_legit_003391,usr_norm_1161,merch_razorpay_005,289.85,INR,2026-08-04T14:12:04+00:00,dev_fingerprint_0014,192.168.153.180,"Delhi, IN",pm_tok_synthetic_02140,150,1,0,1,2,0,NONE
tx_legit_000417,usr_norm_0114,merch_razorpay_018,371.0,INR,2026-08-04T14:12:11+00:00,dev_fingerprint_1144,192.168.174.192,"Bengaluru, IN",pm_tok_synthetic_01345,862,1,0,1,1,0,NONE
tx_legit_003979,usr_norm_1181,merch_razorpay_012,2489.8,INR,2026-08-04T14:15:10+00:00,dev_fingerprint_0538,192.168.21.218,"Chennai, IN",pm_tok_synthetic_01518,111,1,1,1,1,0,NONE
tx_legit_006528,usr_norm_0808,merch_razorpay_004,224.21,INR,2026-08-04T14:24:37+00:00,dev_fingerprint_0667,192.168.174.140,"Mumbai, IN",pm_tok_synthetic_01131,562,1,0,1,1,0,NONE
tx_legit_002353,usr_norm_0566,merch_razorpay_030,315.09,INR,2026-08-04T14:31:28+00:00,dev_fingerprint_0178,192.168.67.193,"Delhi, IN",pm_tok_synthetic_00480,824,1,0,1,1,0,NONE
tx_legit_005250,usr_norm_1742,merch_razorpay_011,455.29,INR,2026-08-04T14:33:26+00:00,dev_fingerprint_0786,192.168.62.45,"Delhi, IN",pm_tok_synthetic_00782,336,2,0,1,1,0,NONE
tx_legit_000617,usr_norm_0112,merch_razorpay_024,85.38,INR,2026-08-04T14:40:44+00:00,dev_fingerprint_1840,10.0.36.179,"Delhi, IN",pm_tok_synthetic_01605,162,3,0,1,2,0,NONE
tx_legit_002846,usr_norm_0296,merch_razorpay_045,251.63,INR,2026-08-04T14:41:39+00:00,dev_fingerprint_1443,192.168.7.22,"Chennai, IN",pm_tok_synthetic_01298,521,1,0,1,1,0,NONE
tx_legit_005425,usr_norm_1915,merch_razorpay_024,1053.86,INR,2026-08-04T14:42:11+00:00,dev_fingerprint_0618,192.168.178.77,"Ahmedabad, IN",pm_tok_synthetic_02397,341,1,0,1,1,0,NONE
tx_legit_007676,usr_norm_1388,merch_razorpay_000,514.26,INR,2026-08-04T14:42:56+00:00,dev_fingerprint_1412,192.168.125.224,"Delhi, IN",pm_tok_synthetic_01130,596,2,0,1,1,0,NONE
tx_legit_000088,usr_norm_0685,merch_razorpay_047,1334.68,INR,2026-08-04T14:43:45+00:00,dev_fingerprint_1356,192.168.56.114,"Hyderabad, IN",pm_tok_synthetic_00535,272,2,0,1,1,0,NONE
tx_legit_002599,usr_norm_0538,merch_razorpay_036,879.51,INR,2026-08-04T14:45:18+00:00,dev_fingerprint_1308,192.168.7.46,"Delhi, IN",pm_tok_synthetic_02445,427,2,0,2,2,0,NONE
tx_legit_006898,usr_norm_0733,merch_razorpay_014,315.56,INR,2026-08-04T14:48:06+00:00,dev_fingerprint_1428,192.168.185.241,"Kolkata, IN",pm_tok_synthetic_02423,58,1,0,1,1,0,NONE
tx_legit_003107,usr_norm_1989,merch_razorpay_034,873.04,INR,2026-08-04T14:50:08+00:00,dev_fingerprint_0293,192.168.163.159,"Chennai, IN",pm_tok_synthetic_01640,741,2,0,1,1,0,NONE
tx_legit_004031,usr_norm_1131,merch_razorpay_032,566.92,INR,2026-08-04T14:52:26+00:00,dev_fingerprint_0841,192.168.88.72,"Hyderabad, IN",pm_tok_synthetic_00998,74,2,0,1,2,0,NONE
tx_legit_006418,usr_norm_1920,merch_razorpay_007,1126.73,INR,2026-08-04T14:56:45+00:00,dev_fingerprint_0367,192.168.119.47,"Delhi, IN",pm_tok_synthetic_01002,59,2,1,1,3,0,NONE
tx_legit_007153,usr_norm_1402,merch_razorpay_046,194.36,INR,2026-08-04T15:03:10+00:00,dev_fingerprint_0246,192.168.92.148,"Chennai, IN",pm_tok_synthetic_00928,795,4,0,1,3,0,NONE
tx_legit_002649,usr_norm_0153,merch_razorpay_001,880.22,INR,2026-08-04T15:05:21+00:00,dev_fingerprint_0616,192.168.126.5,"Bengaluru, IN",pm_tok_synthetic_00195,274,2,0,1,1,0,NONE
tx_legit_004274,usr_norm_0326,merch_razorpay_035,233.3,INR,2026-08-04T15:06:58+00:00,dev_fingerprint_0604,192.168.193.119,"Ahmedabad, IN",pm_tok_synthetic_00791,209,1,0,2,2,0,NONE
tx_legit_005261,usr_norm_0674,merch_razorpay_035,1456.47,INR,2026-08-04T15:07:24+00:00,dev_fingerprint_0048,192.168.150.145,"Ahmedabad, IN",pm_tok_synthetic_02218,384,1,0,1,3,0,NONE
tx_legit_004721,usr_norm_1377,merch_razorpay_002,259.49,INR,2026-08-04T15:14:10+00:00,dev_fingerprint_0323,192.168.213.161,"Pune, IN",pm_tok_synthetic_02457,483,1,0,3,2,0,NONE
tx_legit_004166,usr_norm_1264,merch_razorpay_041,566.23,INR,2026-08-04T15:18:50+00:00,dev_fingerprint_0596,10.0.113.233,"Mumbai, IN",pm_tok_synthetic_01095,649,2,0,1,1,0,NONE
tx_legit_002885,usr_norm_0879,merch_razorpay_023,799.46,INR,2026-08-04T15:23:38+00:00,dev_fingerprint_0781,192.168.97.102,"Hyderabad, IN",pm_tok_synthetic_01222,453,2,0,1,4,0,NONE
tx_legit_007048,usr_norm_1769,merch_razorpay_049,356.84,INR,2026-08-04T15:25:10+00:00,dev_fingerprint_0850,192.168.207.105,"Ahmedabad, IN",pm_tok_synthetic_01515,596,1,1,1,1,0,NONE
tx_legit_002303,usr_norm_0216,merch_razorpay_036,201.82,INR,2026-08-04T15:28:54+00:00,dev_fingerprint_0633,10.0.25.106,"Chennai, IN",pm_tok_synthetic_01960,568,1,1,1,1,0,NONE
tx_legit_007723,usr_norm_1765,merch_razorpay_032,354.12,INR,2026-08-04T15:29:21+00:00,dev_fingerprint_1401,192.168.67.88,"Pune, IN",pm_tok_synthetic_02235,170,1,2,1,3,0,NONE
tx_legit_006747,usr_norm_0273,merch_razorpay_049,509.69,INR,2026-08-04T15:33:54+00:00,dev_fingerprint_0804,192.168.46.78,"Ahmedabad, IN",pm_tok_synthetic_01225,637,1,0,1,1,0,NONE
tx_legit_003362,usr_norm_0344,merch_razorpay_042,947.17,INR,2026-08-04T15:34:07+00:00,dev_fingerprint_0506,192.168.69.212,"Chennai, IN",pm_tok_synthetic_02440,836,3,0,1,1,0,NONE
tx_legit_005033,usr_norm_1194,merch_razorpay_027,399.28,INR,2026-08-04T15:38:01+00:00,dev_fingerprint_1441,192.168.55.234,"Mumbai, IN",pm_tok_synthetic_00369,592,2,0,1,1,0,NONE
tx_legit_002081,usr_norm_0384,merch_razorpay_008,2617.73,INR,2026-08-04T15:39:03+00:00,dev_fingerprint_0563,192.168.143.57,"Bengaluru, IN",pm_tok_synthetic_02280,635,1,0,2,2,0,NONE
tx_legit_000993,usr_norm_1412,merch_razorpay_013,246.02,INR,2026-08-04T15:42:41+00:00,dev_fingerprint_0169,192.168.57.70,"Delhi, IN",pm_tok_synthetic_02340,793,1,0,1,1,0,NONE
tx_legit_001115,usr_norm_0556,merch_razorpay_015,1467.49,INR,2026-08-04T15:46:58+00:00,dev_fingerprint_0342,10.0.191.199,"Mumbai, IN",pm_tok_synthetic_02315,61,1,0,1,1,0,NONE
tx_legit_000726,usr_norm_1896,merch_razorpay_036,1406.68,INR,2026-08-04T15:48:14+00:00,dev_fingerprint_1235,192.168.138.244,"Hyderabad, IN",pm_tok_synthetic_02095,87,1,0,1,1,0,NONE
tx_legit_001557,usr_norm_1629,merch_razorpay_038,286.18,INR,2026-08-04T15:56:14+00:00,dev_fingerprint_1012,192.168.153.203,"Delhi, IN",pm_tok_synthetic_00251,122,1,0,1,2,0,NONE
tx_legit_003433,usr_norm_1007,merch_razorpay_045,1094.89,INR,2026-08-04T15:57:49+00:00,dev_fingerprint_1636,192.168.105.24,"Kolkata, IN",pm_tok_synthetic_00659,323,1,1,2,1,0,NONE
tx_legit_002295,usr_norm_0071,merch_razorpay_004,129.55,INR,2026-08-04T16:01:45+00:00,dev_fingerprint_1453,192.168.145.243,"Pune, IN",pm_tok_synthetic_01710,326,2,0,2,1,0,NONE
tx_legit_005224,usr_norm_0477,merch_razorpay_024,985.3,INR,2026-08-04T16:01:52+00:00,dev_fingerprint_0173,192.168.23.81,"Hyderabad, IN",pm_tok_synthetic_02291,278,1,0,1,4,0,NONE
tx_legit_006226,usr_norm_1591,merch_razorpay_029,432.65,INR,2026-08-04T16:01:58+00:00,dev_fingerprint_0209,192.168.179.246,"Delhi, IN",pm_tok_synthetic_02222,388,1,0,1,3,0,NONE
tx_legit_005903,usr_norm_1700,merch_razorpay_016,1118.49,INR,2026-08-04T16:04:10+00:00,dev_fingerprint_1335,192.168.41.19,"Hyderabad, IN",pm_tok_synthetic_01116,373,1,0,2,2,0,NONE
tx_legit_003597,usr_norm_0328,merch_razorpay_018,819.56,INR,2026-08-04T16:20:26+00:00,dev_fingerprint_0875,10.0.182.154,"Chennai, IN",pm_tok_synthetic_01343,118,1,0,2,1,0,NONE
tx_legit_004896,usr_norm_1521,merch_razorpay_043,179.06,INR,2026-08-04T16:29:15+00:00,dev_fingerprint_0425,192.168.95.91,"Chennai, IN",pm_tok_synthetic_00757,181,2,0,1,1,0,NONE
tx_legit_007735,usr_norm_1590,merch_razorpay_012,208.17,INR,2026-08-04T16:30:18+00:00,dev_fingerprint_1673,192.168.168.26,"Mumbai, IN",pm_tok_synthetic_02292,556,1,0,1,2,0,NONE
tx_legit_001458,usr_norm_0343,merch_razorpay_021,1071.42,INR,2026-08-04T16:31:07+00:00,dev_fingerprint_1100,192.168.85.223,"Mumbai, IN",pm_tok_synthetic_00894,810,2,1,1,1,0,NONE
tx_legit_005592,usr_norm_0026,merch_razorpay_012,656.47,INR,2026-08-04T16:33:38+00:00,dev_fingerprint_1437,192.168.51.40,"Pune, IN",pm_tok_synthetic_02258,768,1,1,1,1,0,NONE
tx_legit_006004,usr_norm_1806,merch_razorpay_002,406.9,INR,2026-08-04T16:36:06+00:00,dev_fingerprint_1862,10.0.19.73,"Ahmedabad, IN",pm_tok_synthetic_01104,237,2,0,1,4,0,NONE
tx_legit_006542,usr_norm_0011,merch_razorpay_035,290.38,INR,2026-08-04T16:37:42+00:00,dev_fingerprint_1672,192.168.62.15,"Bengaluru, IN",pm_tok_synthetic_01724,568,4,1,1,2,0,NONE
tx_legit_002121,usr_norm_0419,merch_razorpay_001,309.1,INR,2026-08-04T16:38:21+00:00,dev_fingerprint_1000,192.168.61.219,"Pune, IN",pm_tok_synthetic_02009,501,1,0,1,1,0,NONE
tx_legit_005579,usr_norm_1929,merch_razorpay_011,217.39,INR,2026-08-04T16:39:00+00:00,dev_fingerprint_0334,192.168.166.19,"Hyderabad, IN",pm_tok_synthetic_01116,399,2,1,1,1,0,NONE
tx_legit_003839,usr_norm_1221,merch_razorpay_032,1012.5,INR,2026-08-04T16:42:32+00:00,dev_fingerprint_1657,192.168.13.67,"Ahmedabad, IN",pm_tok_synthetic_00027,812,1,0,1,2,0,NONE
tx_legit_008722,usr_norm_1572,merch_razorpay_026,581.23,INR,2026-08-04T16:42:42+00:00,dev_fingerprint_1075,192.168.27.91,"Delhi, IN",pm_tok_synthetic_00008,144,1,0,1,3,0,NONE
tx_legit_007435,usr_norm_0029,merch_razorpay_046,455.74,INR,2026-08-04T16:51:15+00:00,dev_fingerprint_0851,192.168.212.253,"Delhi, IN",pm_tok_synthetic_00389,350,2,0,1,2,0,NONE
tx_legit_003312,usr_norm_1399,merch_razorpay_005,150.73,INR,2026-08-04T16:53:32+00:00,dev_fingerprint_1496,192.168.37.105,"Delhi, IN",pm_tok_synthetic_02360,420,1,0,1,4,0,NONE
tx_legit_001962,usr_norm_0417,merch_razorpay_019,308.39,INR,2026-08-04T17:07:08+00:00,dev_fingerprint_1166,192.168.114.43,"Pune, IN",pm_tok_synthetic_01006,541,1,0,1,3,0,NONE
tx_legit_000040,usr_norm_0162,merch_razorpay_015,380.73,INR,2026-08-04T17:10:00+00:00,dev_fingerprint_1744,192.168.252.179,"Kolkata, IN",pm_tok_synthetic_01230,597,2,0,1,1,0,NONE
tx_legit_001026,usr_norm_0807,merch_razorpay_026,889.28,INR,2026-08-04T17:13:55+00:00,dev_fingerprint_0794,192.168.167.70,"Kolkata, IN",pm_tok_synthetic_01627,595,3,0,1,5,0,NONE
tx_legit_000009,usr_norm_1728,merch_razorpay_036,430.9,INR,2026-08-04T17:19:02+00:00,dev_fingerprint_0149,192.168.225.184,"Ahmedabad, IN",pm_tok_synthetic_02340,775,1,0,1,1,0,NONE
tx_fraud_000560,usr_fraud_anomD_079,merch_razorpay_012,39163.01,INR,2026-08-04T17:19:07+00:00,dev_anomD_079,192.0.2.244,Unknown / VPN Node,pm_tok_anomD_079,5,7,3,3,2,1,BEHAVIORAL_ANOMALY
tx_fraud_000477,usr_fraud_reuseC_016,merch_razorpay_006,9113.88,INR,2026-08-04T17:27:50+00:00,dev_reuseC_020,198.51.100.166,"Kolkata, IN",pm_tok_stolen_C_004,1,5,1,2,6,1,PAYMENT_REF_REUSE
tx_legit_001389,usr_norm_1096,merch_razorpay_011,1724.26,INR,2026-08-04T17:28:31+00:00,dev_fingerprint_0154,192.168.161.25,"Mumbai, IN",pm_tok_synthetic_00076,899,2,0,1,2,0,NONE
tx_legit_000300,usr_norm_0898,merch_razorpay_041,344.35,INR,2026-08-04T17:28:58+00:00,dev_fingerprint_1490,192.168.156.156,"Hyderabad, IN",pm_tok_synthetic_02442,566,1,1,1,2,0,NONE
tx_legit_008263,usr_norm_1385,merch_razorpay_025,1335.91,INR,2026-08-04T17:37:57+00:00,dev_fingerprint_1220,192.168.57.115,"Hyderabad, IN",pm_tok_synthetic_02120,168,2,0,1,1,0,NONE
tx_legit_002297,usr_norm_0866,merch_razorpay_026,333.09,INR,2026-08-04T17:38:51+00:00,dev_fingerprint_1487,192.168.249.24,"Bengaluru, IN",pm_tok_synthetic_00910,732,1,1,1,1,0,NONE
tx_legit_001059,usr_norm_0118,merch_razorpay_031,394.52,INR,2026-08-04T17:40:54+00:00,dev_fingerprint_0369,192.168.100.117,"Pune, IN",pm_tok_synthetic_00877,379,1,0,1,2,0,NONE
tx_legit_005847,usr_norm_1434,merch_razorpay_049,1245.9,INR,2026-08-04T17:46:59+00:00,dev_fingerprint_1071,192.168.105.24,"Pune, IN",pm_tok_synthetic_01059,591,2,0,1,1,0,NONE
tx_legit_003103,usr_norm_1567,merch_razorpay_023,618.95,INR,2026-08-04T17:49:10+00:00,dev_fingerprint_0383,192.168.142.136,"Delhi, IN",pm_tok_synthetic_00478,831,1,0,1,1,0,NONE
tx_legit_006934,usr_norm_0735,merch_razorpay_040,791.7,INR,2026-08-04T17:53:43+00:00,dev_fingerprint_1154,192.168.194.187,"Bengaluru, IN",pm_tok_synthetic_02306,222,1,0,2,1,0,NONE
tx_legit_002419,usr_norm_0669,merch_razorpay_011,143.24,INR,2026-08-04T18:00:59+00:00,dev_fingerprint_0597,192.168.63.213,"Kolkata, IN",pm_tok_synthetic_01244,787,4,0,1,1,0,NONE
tx_legit_001584,usr_norm_0112,merch_razorpay_022,609.68,INR,2026-08-04T18:06:54+00:00,dev_fingerprint_1343,192.168.59.247,"Kolkata, IN",pm_tok_synthetic_01605,162,1,0,1,1,0,NONE
tx_legit_003376,usr_norm_0582,merch_razorpay_019,662.77,INR,2026-08-04T18:07:03+00:00,dev_fingerprint_1297,192.168.98.99,"Ahmedabad, IN",pm_tok_synthetic_00381,442,3,2,1,1,0,NONE
tx_legit_001181,usr_norm_0445,merch_razorpay_047,1369.74,INR,2026-08-04T18:09:43+00:00,dev_fingerprint_1857,192.168.153.203,"Chennai, IN",pm_tok_synthetic_01356,609,1,1,1,1,0,NONE
tx_legit_000311,usr_norm_1463,merch_razorpay_022,593.32,INR,2026-08-04T18:16:11+00:00,dev_fingerprint_1999,192.168.78.180,"Mumbai, IN",pm_tok_synthetic_02145,168,1,0,1,1,0,NONE
tx_legit_008532,usr_norm_0892,merch_razorpay_028,196.64,INR,2026-08-04T18:19:14+00:00,dev_fingerprint_1087,10.0.167.50,"Delhi, IN",pm_tok_synthetic_00073,722,1,0,1,3,0,NONE
tx_legit_006741,usr_norm_1234,merch_razorpay_008,765.65,INR,2026-08-04T18:21:59+00:00,dev_fingerprint_0531,10.0.140.133,"Hyderabad, IN",pm_tok_synthetic_02246,299,1,0,1,1,0,NONE
tx_legit_005170,usr_norm_1390,merch_razorpay_020,815.3,INR,2026-08-04T18:28:11+00:00,dev_fingerprint_0316,192.168.65.249,"Chennai, IN",pm_tok_synthetic_00154,501,1,0,1,1,0,NONE
tx_legit_003776,usr_norm_1379,merch_razorpay_045,264.76,INR,2026-08-04T18:30:30+00:00,dev_fingerprint_0664,192.168.21.157,"Bengaluru, IN",pm_tok_synthetic_01522,452,1,0,1,1,0,NONE
tx_legit_003014,usr_norm_0643,merch_razorpay_041,194.21,INR,2026-08-04T18:42:01+00:00,dev_fingerprint_0928,10.0.23.248,"Kolkata, IN",pm_tok_synthetic_02493,86,1,1,2,3,0,NONE
tx_legit_007381,usr_norm_0022,merch_razorpay_014,287.39,INR,2026-08-04T18:48:32+00:00,dev_fingerprint_0563,192.168.223.193,"Pune, IN",pm_tok_synthetic_02397,591,1,0,3,1,0,NONE
tx_legit_003147,usr_norm_1259,merch_razorpay_040,589.86,INR,2026-08-04T18:51:47+00:00,dev_fingerprint_1293,192.168.187.40,"Ahmedabad, IN",pm_tok_synthetic_00593,201,2,0,1,1,0,NONE
tx_legit_000042,usr_norm_0642,merch_razorpay_039,789.87,INR,2026-08-04T19:08:00+00:00,dev_fingerprint_0500,192.168.13.221,"Chennai, IN",pm_tok_synthetic_01779,148,1,0,2,1,0,NONE
tx_legit_008385,usr_norm_0899,merch_razorpay_036,1584.44,INR,2026-08-04T19:09:17+00:00,dev_fingerprint_0691,192.168.213.233,"Kolkata, IN",pm_tok_synthetic_00548,380,2,0,1,5,0,NONE
tx_legit_008347,usr_norm_1219,merch_razorpay_032,1491.26,INR,2026-08-04T19:10:41+00:00,dev_fingerprint_0511,192.168.12.84,"Pune, IN",pm_tok_synthetic_01458,189,1,0,2,1,0,NONE
tx_legit_007290,usr_norm_0202,merch_razorpay_009,596.19,INR,2026-08-04T19:10:47+00:00,dev_fingerprint_1689,192.168.114.173,"Pune, IN",pm_tok_synthetic_02300,150,1,0,1,1,0,NONE
tx_legit_008206,usr_norm_0438,merch_razorpay_023,579.2,INR,2026-08-04T19:22:21+00:00,dev_fingerprint_0812,192.168.144.138,"Chennai, IN",pm_tok_synthetic_01528,445,2,0,1,3,0,NONE
tx_legit_003448,usr_norm_0243,merch_razorpay_045,646.88,INR,2026-08-04T19:28:14+00:00,dev_fingerprint_0707,192.168.243.218,"Delhi, IN",pm_tok_synthetic_01633,163,2,0,1,2,0,NONE
tx_legit_008757,usr_norm_1383,merch_razorpay_024,282.11,INR,2026-08-04T19:31:36+00:00,dev_fingerprint_0520,192.168.190.189,"Ahmedabad, IN",pm_tok_synthetic_01853,488,1,0,1,1,0,NONE
tx_legit_006065,usr_norm_0948,merch_razorpay_019,768.85,INR,2026-08-04T19:32:00+00:00,dev_fingerprint_1180,192.168.10.117,"Mumbai, IN",pm_tok_synthetic_02314,259,1,0,1,1,0,NONE
tx_legit_002191,usr_norm_0532,merch_razorpay_011,2665.98,INR,2026-08-04T19:33:13+00:00,dev_fingerprint_1212,192.168.244.194,"Delhi, IN",pm_tok_synthetic_01592,34,1,0,1,1,0,NONE
tx_legit_003662,usr_norm_1562,merch_razorpay_016,363.16,INR,2026-08-04T19:35:46+00:00,dev_fingerprint_1097,192.168.2.195,"Hyderabad, IN",pm_tok_synthetic_00853,621,1,0,1,4,0,NONE
tx_legit_003695,usr_norm_0737,merch_razorpay_032,356.52,INR,2026-08-04T19:41:17+00:00,dev_fingerprint_1004,192.168.221.93,"Ahmedabad, IN",pm_tok_synthetic_00369,87,1,0,1,2,0,NONE
tx_legit_002585,usr_norm_0150,merch_razorpay_019,117.72,INR,2026-08-04T19:43:31+00:00,dev_fingerprint_0524,192.168.192.81,"Delhi, IN",pm_tok_synthetic_00612,591,1,0,1,1,0,NONE
tx_legit_003444,usr_norm_0260,merch_razorpay_047,305.97,INR,2026-08-04T19:44:02+00:00,dev_fingerprint_0092,192.168.51.38,"Chennai, IN",pm_tok_synthetic_00209,613,1,0,2,1,0,NONE
tx_legit_008389,usr_norm_0152,merch_razorpay_039,1828.11,INR,2026-08-04T19:45:43+00:00,dev_fingerprint_0227,192.168.77.215,"Bengaluru, IN",pm_tok_synthetic_01180,273,1,1,1,1,0,NONE
tx_fraud_000479,usr_fraud_reuseC_018,merch_razorpay_021,20373.08,INR,2026-08-04T19:49:39+00:00,dev_reuseC_013,198.51.100.180,"Hyderabad, IN",pm_tok_stolen_C_005,3,3,0,3,4,1,PAYMENT_REF_REUSE
tx_legit_004442,usr_norm_0426,merch_razorpay_012,285.34,INR,2026-08-04T19:50:47+00:00,dev_fingerprint_1291,192.168.159.21,"Bengaluru, IN",pm_tok_synthetic_00278,754,1,0,1,1,0,NONE
tx_legit_007145,usr_norm_0071,merch_razorpay_046,610.71,INR,2026-08-04T19:55:24+00:00,dev_fingerprint_1453,192.168.145.243,"Chennai, IN",pm_tok_synthetic_01710,326,1,0,1,1,0,NONE
tx_legit_007349,usr_norm_0713,merch_razorpay_012,302.83,INR,2026-08-04T20:00:43+00:00,dev_fingerprint_0724,10.0.63.41,"Delhi, IN",pm_tok_synthetic_00766,311,1,0,1,2,0,NONE
tx_legit_001145,usr_norm_0394,merch_razorpay_022,326.83,INR,2026-08-04T20:06:15+00:00,dev_fingerprint_1518,192.168.33.33,"Mumbai, IN",pm_tok_synthetic_01590,278,1,0,1,2,0,NONE
tx_legit_000861,usr_norm_1755,merch_razorpay_049,303.01,INR,2026-08-04T20:07:59+00:00,dev_fingerprint_1186,192.168.150.145,"Kolkata, IN",pm_tok_synthetic_00295,67,1,0,1,2,0,NONE
tx_legit_006161,usr_norm_1938,merch_razorpay_008,639.24,INR,2026-08-04T20:08:53+00:00,dev_fingerprint_1709,192.168.51.184,"Chennai, IN",pm_tok_synthetic_00560,560,2,0,1,4,0,NONE
tx_legit_006176,usr_norm_0113,merch_razorpay_037,456.55,INR,2026-08-04T20:10:41+00:00,dev_fingerprint_1218,192.168.167.114,"Delhi, IN",pm_tok_synthetic_00347,347,1,0,1,1,0,NONE
tx_legit_002117,usr_norm_1583,merch_razorpay_036,158.58,INR,2026-08-04T20:15:15+00:00,dev_fingerprint_0956,192.168.185.197,"Mumbai, IN",pm_tok_synthetic_00188,135,3,0,1,4,0,NONE
tx_legit_008235,usr_norm_0294,merch_razorpay_045,217.92,INR,2026-08-04T20:16:16+00:00,dev_fingerprint_1142,192.168.221.11,"Delhi, IN",pm_tok_synthetic_00921,334,1,0,1,3,0,NONE
tx_legit_007566,usr_norm_1741,merch_razorpay_030,217.26,INR,2026-08-04T20:18:21+00:00,dev_fingerprint_0415,192.168.252.166,"Mumbai, IN",pm_tok_synthetic_02271,70,1,0,1,2,0,NONE
tx_legit_007895,usr_norm_0895,merch_razorpay_023,354.19,INR,2026-08-04T20:18:59+00:00,dev_fingerprint_0264,192.168.76.112,"Chennai, IN",pm_tok_synthetic_01571,545,1,0,1,1,0,NONE
tx_legit_002709,usr_norm_0883,merch_razorpay_043,625.33,INR,2026-08-04T20:22:31+00:00,dev_fingerprint_1923,192.168.222.39,"Bengaluru, IN",pm_tok_synthetic_00331,529,1,0,1,1,0,NONE
tx_legit_007101,usr_norm_1678,merch_razorpay_000,897.35,INR,2026-08-04T20:25:03+00:00,dev_fingerprint_1506,192.168.103.93,"Ahmedabad, IN",pm_tok_synthetic_00519,547,3,0,1,4,0,NONE
tx_legit_008921,usr_norm_0492,merch_razorpay_043,632.91,INR,2026-08-04T20:26:21+00:00,dev_fingerprint_0815,192.168.252.176,"Pune, IN",pm_tok_synthetic_01307,328,1,0,1,2,0,NONE
tx_legit_005393,usr_norm_1926,merch_razorpay_032,315.75,INR,2026-08-04T20:31:08+00:00,dev_fingerprint_1178,192.168.151.72,"Bengaluru, IN",pm_tok_synthetic_01063,196,1,0,1,1,0,NONE
tx_legit_006568,usr_norm_1901,merch_razorpay_038,648.32,INR,2026-08-04T20:31:43+00:00,dev_fingerprint_1148,192.168.29.40,"Pune, IN",pm_tok_synthetic_00883,775,1,0,1,1,0,NONE
tx_legit_004251,usr_norm_0704,merch_razorpay_014,1741.67,INR,2026-08-04T20:33:22+00:00,dev_fingerprint_0405,10.0.134.28,"Hyderabad, IN",pm_tok_synthetic_01640,411,1,0,1,2,0,NONE
tx_legit_006367,usr_norm_0745,merch_razorpay_005,400.69,INR,2026-08-04T20:33:48+00:00,dev_fingerprint_0765,192.168.69.148,"Ahmedabad, IN",pm_tok_synthetic_01620,630,1,1,1,3,0,NONE
tx_legit_001756,usr_norm_0905,merch_razorpay_032,742.29,INR,2026-08-04T20:35:26+00:00,dev_fingerprint_1311,192.168.181.78,"Chennai, IN",pm_tok_synthetic_02190,668,1,0,1,1,0,NONE
tx_legit_004389,usr_norm_0352,merch_razorpay_037,1611.12,INR,2026-08-04T20:42:30+00:00,dev_fingerprint_0912,10.0.165.216,"Ahmedabad, IN",pm_tok_synthetic_00227,494,2,0,1,1,0,NONE
tx_legit_008029,usr_norm_0739,merch_razorpay_004,991.0,INR,2026-08-04T20:45:34+00:00,dev_fingerprint_1078,192.168.8.100,"Pune, IN",pm_tok_synthetic_00002,369,1,0,1,2,0,NONE
tx_legit_005499,usr_norm_0869,merch_razorpay_018,380.87,INR,2026-08-04T20:46:03+00:00,dev_fingerprint_0348,192.168.38.63,"Delhi, IN",pm_tok_synthetic_02286,215,4,0,1,1,0,NONE
tx_legit_000748,usr_norm_0172,merch_razorpay_015,464.39,INR,2026-08-04T20:51:57+00:00,dev_fingerprint_0600,192.168.1.253,"Mumbai, IN",pm_tok_synthetic_00179,840,3,0,1,4,0,NONE
tx_legit_002613,usr_norm_0036,merch_razorpay_025,269.9,INR,2026-08-04T20:53:27+00:00,dev_fingerprint_0250,10.0.47.243,"Chennai, IN",pm_tok_synthetic_01448,711,1,0,1,2,0,NONE
tx_legit_008945,usr_norm_1578,merch_razorpay_018,962.62,INR,2026-08-04T20:58:02+00:00,dev_fingerprint_0201,192.168.228.195,"Pune, IN",pm_tok_synthetic_02114,722,2,0,2,1,0,NONE
tx_legit_000977,usr_norm_1369,merch_razorpay_047,270.86,INR,2026-08-04T20:59:50+00:00,dev_fingerprint_0198,192.168.197.165,"Bengaluru, IN",pm_tok_synthetic_00946,574,1,1,1,3,0,NONE
tx_legit_006384,usr_norm_1116,merch_razorpay_041,720.58,INR,2026-08-04T21:06:35+00:00,dev_fingerprint_0560,192.168.178.77,"Bengaluru, IN",pm_tok_synthetic_01078,622,1,0,1,2,0,NONE
tx_legit_001257,usr_norm_1532,merch_razorpay_019,76.74,INR,2026-08-04T21:07:04+00:00,dev_fingerprint_1940,192.168.59.211,"Mumbai, IN",pm_tok_synthetic_01199,512,4,0,1,2,0,NONE
tx_legit_008666,usr_norm_1737,merch_razorpay_032,237.59,INR,2026-08-04T21:08:05+00:00,dev_fingerprint_0735,192.168.222.18,"Hyderabad, IN",pm_tok_synthetic_01240,440,1,0,3,1,0,NONE
tx_legit_005431,usr_norm_0388,merch_razorpay_037,1295.43,INR,2026-08-04T21:10:39+00:00,dev_fingerprint_1426,192.168.28.200,"Hyderabad, IN",pm_tok_synthetic_01672,182,1,0,1,3,0,NONE
tx_fraud_000555,usr_fraud_anomD_074,merch_razorpay_003,57246.54,INR,2026-08-04T21:13:32+00:00,dev_anomD_074,192.0.2.222,Unknown / VPN Node,pm_tok_anomD_074,3,16,5,2,2,1,BEHAVIORAL_ANOMALY
tx_legit_006831,usr_norm_0426,merch_razorpay_037,576.66,INR,2026-08-04T21:22:37+00:00,dev_fingerprint_1291,10.0.25.96,"Bengaluru, IN",pm_tok_synthetic_00278,754,1,0,1,1,0,NONE
tx_legit_006360,usr_norm_1653,merch_razorpay_012,245.98,INR,2026-08-04T21:23:47+00:00,dev_fingerprint_0281,10.0.169.186,"Hyderabad, IN",pm_tok_synthetic_01703,496,1,0,1,1,0,NONE
tx_legit_001371,usr_norm_1072,merch_razorpay_045,373.73,INR,2026-08-04T21:29:40+00:00,dev_fingerprint_0174,192.168.105.250,"Pune, IN",pm_tok_synthetic_00860,796,1,0,3,2,0,NONE
tx_legit_004036,usr_norm_0389,merch_razorpay_042,275.46,INR,2026-08-04T21:29:52+00:00,dev_fingerprint_0614,10.0.111.28,"Pune, IN",pm_tok_synthetic_00753,802,1,1,1,3,0,NONE
tx_legit_009086,usr_norm_1406,merch_razorpay_005,845.44,INR,2026-08-04T21:39:58+00:00,dev_fingerprint_1105,192.168.240.23,"Delhi, IN",pm_tok_synthetic_00612,364,1,0,1,1,0,NONE
tx_legit_008430,usr_norm_1025,merch_razorpay_017,298.26,INR,2026-08-04T21:41:50+00:00,dev_fingerprint_1196,192.168.223.98,"Kolkata, IN",pm_tok_synthetic_01044,35,2,0,1,3,0,NONE
tx_legit_008533,usr_norm_1685,merch_razorpay_016,363.46,INR,2026-08-04T21:44:07+00:00,dev_fingerprint_0370,192.168.247.10,"Ahmedabad, IN",pm_tok_synthetic_02160,63,1,0,1,1,0,NONE
tx_legit_009090,usr_norm_0833,merch_razorpay_035,210.3,INR,2026-08-04T21:51:02+00:00,dev_fingerprint_0059,192.168.120.222,"Kolkata, IN",pm_tok_synthetic_00789,882,1,0,1,1,0,NONE
tx_legit_002252,usr_norm_0193,merch_razorpay_042,956.1,INR,2026-08-04T21:52:52+00:00,dev_fingerprint_0292,192.168.234.150,"Hyderabad, IN",pm_tok_synthetic_02488,724,1,0,1,1,0,NONE
tx_legit_005504,usr_norm_0735,merch_razorpay_005,1190.08,INR,2026-08-04T22:07:00+00:00,dev_fingerprint_1154,192.168.194.187,"Kolkata, IN",pm_tok_synthetic_02306,222,1,0,1,1,0,NONE
tx_legit_000816,usr_norm_1313,merch_razorpay_000,267.61,INR,2026-08-04T22:13:16+00:00,dev_fingerprint_0803,10.0.24.30,"Delhi, IN",pm_tok_synthetic_02224,511,1,0,1,3,0,NONE
tx_legit_004638,usr_norm_0387,merch_razorpay_017,448.85,INR,2026-08-04T22:13:19+00:00,dev_fingerprint_1374,192.168.1.78,"Delhi, IN",pm_tok_synthetic_02148,356,1,0,1,1,0,NONE
tx_legit_003232,usr_norm_1824,merch_razorpay_031,215.27,INR,2026-08-04T22:13:45+00:00,dev_fingerprint_1014,192.168.77.118,"Pune, IN",pm_tok_synthetic_00153,601,3,0,2,1,0,NONE
tx_legit_007356,usr_norm_0741,merch_razorpay_017,266.13,INR,2026-08-04T22:14:27+00:00,dev_fingerprint_1468,192.168.26.16,"Bengaluru, IN",pm_tok_synthetic_01325,90,1,0,1,2,0,NONE
tx_legit_002688,usr_norm_0014,merch_razorpay_049,364.56,INR,2026-08-04T22:15:51+00:00,dev_fingerprint_1215,192.168.196.46,"Hyderabad, IN",pm_tok_synthetic_01851,545,1,0,1,1,0,NONE
tx_legit_001384,usr_norm_1156,merch_razorpay_041,312.4,INR,2026-08-04T22:20:34+00:00,dev_fingerprint_1206,192.168.217.113,"Chennai, IN",pm_tok_synthetic_02359,130,1,0,1,1,0,NONE
tx_legit_005605,usr_norm_1797,merch_razorpay_043,352.98,INR,2026-08-04T22:26:20+00:00,dev_fingerprint_0667,192.168.246.179,"Delhi, IN",pm_tok_synthetic_00814,795,1,0,1,2,0,NONE
tx_legit_001106,usr_norm_1817,merch_razorpay_026,1960.28,INR,2026-08-04T22:42:02+00:00,dev_fingerprint_1780,10.0.47.189,"Ahmedabad, IN",pm_tok_synthetic_01010,283,1,0,1,2,0,NONE
tx_legit_008116,usr_norm_1878,merch_razorpay_027,315.14,INR,2026-08-04T22:43:04+00:00,dev_fingerprint_0302,192.168.76.142,"Chennai, IN",pm_tok_synthetic_01836,582,1,0,1,1,0,NONE
tx_legit_004692,usr_norm_1820,merch_razorpay_008,605.23,INR,2026-08-04T22:43:10+00:00,dev_fingerprint_0010,192.168.109.57,"Ahmedabad, IN",pm_tok_synthetic_00181,71,2,0,1,1,0,NONE
tx_legit_004569,usr_norm_0541,merch_razorpay_044,594.12,INR,2026-08-04T22:48:57+00:00,dev_fingerprint_1616,192.168.160.178,"Ahmedabad, IN",pm_tok_synthetic_00790,659,1,0,1,3,0,NONE
tx_legit_003568,usr_norm_0306,merch_razorpay_016,514.2,INR,2026-08-04T22:55:45+00:00,dev_fingerprint_0496,192.168.54.172,"Delhi, IN",pm_tok_synthetic_02175,261,1,0,1,1,0,NONE
tx_legit_001773,usr_norm_0247,merch_razorpay_025,176.74,INR,2026-08-04T23:13:03+00:00,dev_fingerprint_0198,192.168.54.172,"Chennai, IN",pm_tok_synthetic_01188,423,3,2,2,1,0,NONE
tx_legit_000957,usr_norm_0456,merch_razorpay_014,317.15,INR,2026-08-04T23:20:43+00:00,dev_fingerprint_0286,192.168.106.12,"Hyderabad, IN",pm_tok_synthetic_00321,542,3,0,1,1,0,NONE
tx_legit_008964,usr_norm_0722,merch_razorpay_012,972.02,INR,2026-08-04T23:22:40+00:00,dev_fingerprint_1115,10.0.77.241,"Kolkata, IN",pm_tok_synthetic_01985,382,2,0,1,1,0,NONE
tx_legit_003690,usr_norm_0985,merch_razorpay_009,356.42,INR,2026-08-04T23:23:39+00:00,dev_fingerprint_1086,192.168.160.194,"Ahmedabad, IN",pm_tok_synthetic_00198,596,4,0,1,1,0,NONE
tx_legit_001628,usr_norm_0151,merch_razorpay_035,1090.88,INR,2026-08-04T23:25:16+00:00,dev_fingerprint_1489,192.168.124.71,"Chennai, IN",pm_tok_synthetic_02161,463,1,0,1,1,0,NONE
tx_legit_001936,usr_norm_0470,merch_razorpay_017,1261.03,INR,2026-08-04T23:25:16+00:00,dev_fingerprint_0552,10.0.5.162,"Chennai, IN",pm_tok_synthetic_00542,119,2,0,1,1,0,NONE
tx_legit_000974,usr_norm_0445,merch_razorpay_048,790.74,INR,2026-08-04T23:26:20+00:00,dev_fingerprint_0888,192.168.153.203,"Kolkata, IN",pm_tok_synthetic_01356,609,1,0,3,2,0,NONE
tx_legit_000568,usr_norm_0451,merch_razorpay_027,452.96,INR,2026-08-04T23:32:00+00:00,dev_fingerprint_0644,192.168.57.115,"Kolkata, IN",pm_tok_synthetic_00848,631,1,0,1,3,0,NONE
tx_legit_000732,usr_norm_1799,merch_razorpay_040,293.73,INR,2026-08-04T23:32:54+00:00,dev_fingerprint_0225,192.168.210.236,"Kolkata, IN",pm_tok_synthetic_00932,130,2,0,1,1,0,NONE
tx_legit_004191,usr_norm_1886,merch_razorpay_045,267.67,INR,2026-08-04T23:34:51+00:00,dev_fingerprint_0905,192.168.252.216,"Delhi, IN",pm_tok_synthetic_00460,779,1,0,1,4,0,NONE
tx_legit_008437,usr_norm_0509,merch_razorpay_035,479.92,INR,2026-08-04T23:43:35+00:00,dev_fingerprint_1325,192.168.73.252,"Hyderabad, IN",pm_tok_synthetic_00181,606,2,0,1,3,0,NONE
tx_legit_001846,usr_norm_1452,merch_razorpay_002,2044.46,INR,2026-08-04T23:46:09+00:00,dev_fingerprint_1026,192.168.217.14,"Ahmedabad, IN",pm_tok_synthetic_00253,670,1,1,1,2,0,NONE
tx_legit_007959,usr_norm_0986,merch_razorpay_002,312.79,INR,2026-08-04T23:46:17+00:00,dev_fingerprint_0886,192.168.76.92,"Hyderabad, IN",pm_tok_synthetic_02396,524,1,0,1,1,0,NONE
tx_legit_008457,usr_norm_0809,merch_razorpay_020,659.21,INR,2026-08-04T23:49:00+00:00,dev_fingerprint_0938,192.168.248.58,"Ahmedabad, IN",pm_tok_synthetic_00050,835,1,0,2,1,0,NONE
tx_legit_001002,usr_norm_0295,merch_razorpay_011,969.33,INR,2026-08-04T23:51:56+00:00,dev_fingerprint_0591,192.168.69.148,"Hyderabad, IN",pm_tok_synthetic_00849,736,1,0,2,2,0,NONE
tx_legit_008331,usr_norm_0514,merch_razorpay_013,490.69,INR,2026-08-04T23:52:37+00:00,dev_fingerprint_1684,192.168.120.177,"Bengaluru, IN",pm_tok_synthetic_02356,256,1,0,1,1,0,NONE
tx_legit_007567,usr_norm_1378,merch_razorpay_011,687.88,INR,2026-08-04T23:53:22+00:00,dev_fingerprint_0721,192.168.34.202,"Hyderabad, IN",pm_tok_synthetic_01290,593,1,0,1,2,0,NONE
tx_legit_005675,usr_norm_1596,merch_razorpay_046,369.0,INR,2026-08-04T23:54:26+00:00,dev_fingerprint_0908,192.168.54.172,"Mumbai, IN",pm_tok_synthetic_00532,59,1,0,1,2,0,NONE
tx_legit_006399,usr_norm_0029,merch_razorpay_012,504.66,INR,2026-08-05T00:01:00+00:00,dev_fingerprint_0851,192.168.212.253,"Delhi, IN",pm_tok_synthetic_00389,350,1,0,1,3,0,NONE
tx_legit_001789,usr_norm_1816,merch_razorpay_034,524.96,INR,2026-08-05T00:06:26+00:00,dev_fingerprint_0947,192.168.71.12,"Hyderabad, IN",pm_tok_synthetic_00059,777,1,0,2,2,0,NONE
tx_legit_002179,usr_norm_1086,merch_razorpay_042,913.95,INR,2026-08-05T00:10:40+00:00,dev_fingerprint_1786,192.168.116.63,"Chennai, IN",pm_tok_synthetic_01492,857,1,0,1,1,0,NONE
tx_legit_003726,usr_norm_0439,merch_razorpay_001,279.31,INR,2026-08-05T00:19:45+00:00,dev_fingerprint_0940,192.168.240.23,"Kolkata, IN",pm_tok_synthetic_00996,743,1,0,1,3,0,NONE
tx_legit_001889,usr_norm_0925,merch_razorpay_042,804.51,INR,2026-08-05T00:21:38+00:00,dev_fingerprint_0184,192.168.115.138,"Kolkata, IN",pm_tok_synthetic_02095,106,1,0,1,2,0,NONE
tx_fraud_000445,usr_fraud_reuseC_004,merch_razorpay_046,10564.19,INR,2026-08-05T00:23:12+00:00,dev_reuseC_025,198.51.100.153,"Bengaluru, IN",pm_tok_stolen_C_005,2,7,1,2,5,1,PAYMENT_REF_REUSE
tx_legit_005557,usr_norm_1591,merch_razorpay_001,153.83,INR,2026-08-05T00:26:02+00:00,dev_fingerprint_0209,192.168.179.246,"Mumbai, IN",pm_tok_synthetic_02222,388,1,0,1,1,0,NONE
tx_legit_001925,usr_norm_1402,merch_razorpay_006,275.77,INR,2026-08-05T00:29:40+00:00,dev_fingerprint_0246,192.168.92.148,"Pune, IN",pm_tok_synthetic_00928,795,1,0,3,1,0,NONE
tx_legit_007889,usr_norm_0115,merch_razorpay_029,446.68,INR,2026-08-05T00:35:40+00:00,dev_fingerprint_0261,192.168.19.176,"Ahmedabad, IN",pm_tok_synthetic_02156,125,1,0,1,1,0,NONE
tx_legit_003813,usr_norm_1343,merch_razorpay_021,578.55,INR,2026-08-05T00:36:26+00:00,dev_fingerprint_0662,192.168.223.139,"Pune, IN",pm_tok_synthetic_01918,311,2,0,1,3,0,NONE
tx_legit_004302,usr_norm_1492,merch_razorpay_012,610.73,INR,2026-08-05T00:43:38+00:00,dev_fingerprint_0596,192.168.64.216,"Delhi, IN",pm_tok_synthetic_01630,341,3,0,2,1,0,NONE
tx_legit_008475,usr_norm_0859,merch_razorpay_039,85.21,INR,2026-08-05T00:44:38+00:00,dev_fingerprint_1343,192.168.112.163,"Ahmedabad, IN",pm_tok_synthetic_00341,222,2,0,2,2,0,NONE
tx_legit_005739,usr_norm_0479,merch_razorpay_003,590.78,INR,2026-08-05T00:46:08+00:00,dev_fingerprint_0779,192.168.49.25,"Mumbai, IN",pm_tok_synthetic_00568,305,2,0,1,1,0,NONE
tx_legit_007711,usr_norm_1496,merch_razorpay_029,885.63,INR,2026-08-05T00:47:09+00:00,dev_fingerprint_1589,192.168.60.99,"Pune, IN",pm_tok_synthetic_00370,769,3,0,1,2,0,NONE
tx_legit_000497,usr_norm_0614,merch_razorpay_042,1114.29,INR,2026-08-05T00:47:12+00:00,dev_fingerprint_1479,10.0.29.240,"Hyderabad, IN",pm_tok_synthetic_00620,451,1,2,1,2,0,NONE
tx_legit_006586,usr_norm_0543,merch_razorpay_034,493.56,INR,2026-08-05T00:53:48+00:00,dev_fingerprint_0241,192.168.102.34,"Mumbai, IN",pm_tok_synthetic_01250,149,1,0,2,2,0,NONE
tx_legit_001382,usr_norm_1602,merch_razorpay_010,794.77,INR,2026-08-05T01:08:46+00:00,dev_fingerprint_1914,192.168.249.24,"Bengaluru, IN",pm_tok_synthetic_02185,110,1,0,1,2,0,NONE
tx_legit_002150,usr_norm_1957,merch_razorpay_027,873.07,INR,2026-08-05T01:18:47+00:00,dev_fingerprint_0067,192.168.234.208,"Bengaluru, IN",pm_tok_synthetic_02103,637,1,0,1,1,0,NONE
tx_legit_005185,usr_norm_0624,merch_razorpay_011,582.84,INR,2026-08-05T01:22:04+00:00,dev_fingerprint_0802,192.168.79.94,"Delhi, IN",pm_tok_synthetic_00223,832,1,0,1,1,0,NONE
tx_legit_008172,usr_norm_0550,merch_razorpay_037,178.9,INR,2026-08-05T01:25:02+00:00,dev_fingerprint_1922,192.168.86.201,"Chennai, IN",pm_tok_synthetic_01847,664,2,0,1,1,0,NONE
tx_legit_003300,usr_norm_1767,merch_razorpay_046,260.04,INR,2026-08-05T01:28:02+00:00,dev_fingerprint_0093,192.168.170.149,"Kolkata, IN",pm_tok_synthetic_00710,373,1,0,1,1,0,NONE
tx_legit_004293,usr_norm_0438,merch_razorpay_029,528.12,INR,2026-08-05T01:33:02+00:00,dev_fingerprint_0812,192.168.144.138,"Hyderabad, IN",pm_tok_synthetic_01528,445,1,0,1,2,0,NONE
tx_legit_003531,usr_norm_0178,merch_razorpay_012,525.64,INR,2026-08-05T01:41:52+00:00,dev_fingerprint_0254,192.168.247.10,"Delhi, IN",pm_tok_synthetic_01507,477,1,0,2,2,0,NONE
tx_legit_005245,usr_norm_0563,merch_razorpay_011,339.87,INR,2026-08-05T01:53:01+00:00,dev_fingerprint_1472,10.0.197.251,"Mumbai, IN",pm_tok_synthetic_02237,253,1,0,3,3,0,NONE
tx_legit_000105,usr_norm_0447,merch_razorpay_023,528.54,INR,2026-08-05T01:53:59+00:00,dev_fingerprint_0470,10.0.147.41,"Chennai, IN",pm_tok_synthetic_02321,516,1,0,1,1,0,NONE
tx_legit_002543,usr_norm_0142,merch_razorpay_012,273.8,INR,2026-08-05T01:54:41+00:00,dev_fingerprint_0849,10.0.100.149,"Kolkata, IN",pm_tok_synthetic_01623,544,1,1,2,2,0,NONE
tx_legit_008969,usr_norm_1698,merch_razorpay_043,640.02,INR,2026-08-05T01:59:58+00:00,dev_fingerprint_0084,192.168.175.185,"Kolkata, IN",pm_tok_synthetic_02176,682,2,0,3,2,0,NONE
tx_legit_007504,usr_norm_0138,merch_razorpay_007,1041.3,INR,2026-08-05T02:03:56+00:00,dev_fingerprint_0583,192.168.57.36,"Pune, IN",pm_tok_synthetic_00656,309,4,1,1,1,0,NONE
tx_legit_003293,usr_norm_1104,merch_razorpay_024,696.23,INR,2026-08-05T02:08:04+00:00,dev_fingerprint_1045,192.168.109.153,"Delhi, IN",pm_tok_synthetic_01625,402,1,0,1,1,0,NONE
tx_legit_008163,usr_norm_1024,merch_razorpay_012,289.57,INR,2026-08-05T02:16:54+00:00,dev_fingerprint_1139,192.168.35.68,"Kolkata, IN",pm_tok_synthetic_00532,194,1,0,1,1,0,NONE
tx_legit_008786,usr_norm_0571,merch_razorpay_013,558.9,INR,2026-08-05T02:27:15+00:00,dev_fingerprint_0121,192.168.172.98,"Delhi, IN",pm_tok_synthetic_01436,575,1,0,2,1,0,NONE
tx_legit_008879,usr_norm_1371,merch_razorpay_017,678.38,INR,2026-08-05T02:28:56+00:00,dev_fingerprint_1345,10.0.131.83,"Delhi, IN",pm_tok_synthetic_02334,670,1,0,1,1,0,NONE
tx_legit_001380,usr_norm_1287,merch_razorpay_041,80.75,INR,2026-08-05T02:30:55+00:00,dev_fingerprint_0021,10.0.134.218,"Chennai, IN",pm_tok_synthetic_02143,864,2,0,2,2,0,NONE
tx_legit_003318,usr_norm_1803,merch_razorpay_036,647.12,INR,2026-08-05T02:36:00+00:00,dev_fingerprint_0892,192.168.103.172,"Pune, IN",pm_tok_synthetic_00885,654,2,0,1,1,0,NONE
tx_legit_005701,usr_norm_0982,merch_razorpay_005,521.66,INR,2026-08-05T02:39:24+00:00,dev_fingerprint_1296,192.168.204.15,"Delhi, IN",pm_tok_synthetic_02411,156,1,0,1,3,0,NONE
tx_legit_006524,usr_norm_0068,merch_razorpay_021,390.39,INR,2026-08-05T02:49:29+00:00,dev_fingerprint_0813,10.0.51.132,"Delhi, IN",pm_tok_synthetic_00173,476,1,0,2,5,0,NONE
tx_fraud_000398,usr_fraud_reuseC_017,merch_razorpay_023,17362.7,INR,2026-08-05T02:52:50+00:00,dev_reuseC_010,198.51.100.164,"Pune, IN",pm_tok_stolen_C_003,3,4,3,5,5,1,PAYMENT_REF_REUSE
tx_legit_006737,usr_norm_1253,merch_razorpay_020,1267.05,INR,2026-08-05T02:56:02+00:00,dev_fingerprint_0040,10.0.198.231,"Hyderabad, IN",pm_tok_synthetic_00496,389,1,0,1,1,0,NONE
tx_legit_007326,usr_norm_0499,merch_razorpay_012,520.55,INR,2026-08-05T02:59:50+00:00,dev_fingerprint_0596,192.168.163.181,"Chennai, IN",pm_tok_synthetic_00283,868,1,0,1,1,0,NONE
tx_legit_004926,usr_norm_1430,merch_razorpay_009,221.56,INR,2026-08-05T03:00:57+00:00,dev_fingerprint_0589,192.168.167.180,"Ahmedabad, IN",pm_tok_synthetic_01406,740,4,0,1,4,0,NONE
tx_fraud_000418,usr_fraud_reuseC_017,merch_razorpay_035,5400.99,INR,2026-08-05T03:01:30+00:00,dev_reuseC_002,198.51.100.141,"Ahmedabad, IN",pm_tok_stolen_C_002,5,6,0,5,2,1,PAYMENT_REF_REUSE
tx_legit_006604,usr_norm_1434,merch_razorpay_043,788.94,INR,2026-08-05T03:01:59+00:00,dev_fingerprint_1071,192.168.105.24,"Chennai, IN",pm_tok_synthetic_01059,591,1,0,1,4,0,NONE
tx_legit_002510,usr_norm_0851,merch_razorpay_044,1018.9,INR,2026-08-05T03:02:31+00:00,dev_fingerprint_0771,192.168.66.118,"Kolkata, IN",pm_tok_synthetic_01428,500,3,0,1,2,0,NONE
tx_legit_000648,usr_norm_0306,merch_razorpay_032,742.67,INR,2026-08-05T03:04:45+00:00,dev_fingerprint_1660,192.168.54.172,"Chennai, IN",pm_tok_synthetic_02175,261,1,0,1,1,0,NONE
tx_legit_006139,usr_norm_1066,merch_razorpay_004,291.88,INR,2026-08-05T03:07:13+00:00,dev_fingerprint_1981,192.168.203.211,"Mumbai, IN",pm_tok_synthetic_02235,332,1,0,1,2,0,NONE
tx_legit_006278,usr_norm_0186,merch_razorpay_023,930.72,INR,2026-08-05T03:08:45+00:00,dev_fingerprint_0605,192.168.159.192,"Delhi, IN",pm_tok_synthetic_01826,647,1,0,1,5,0,NONE
tx_legit_002022,usr_norm_1972,merch_razorpay_045,357.24,INR,2026-08-05T03:20:53+00:00,dev_fingerprint_1449,192.168.57.125,"Chennai, IN",pm_tok_synthetic_01501,744,1,0,1,1,0,NONE
tx_legit_004332,usr_norm_1981,merch_razorpay_002,345.67,INR,2026-08-05T03:28:41+00:00,dev_fingerprint_0580,192.168.139.120,"Kolkata, IN",pm_tok_synthetic_02459,783,1,0,2,1,0,NONE
tx_legit_005359,usr_norm_1755,merch_razorpay_040,610.93,INR,2026-08-05T03:28:49+00:00,dev_fingerprint_1186,192.168.150.145,"Bengaluru, IN",pm_tok_synthetic_00295,67,1,0,1,4,0,NONE
tx_legit_002694,usr_norm_1493,merch_razorpay_010,938.49,INR,2026-08-05T03:36:40+00:00,dev_fingerprint_0585,10.0.199.45,"Chennai, IN",pm_tok_synthetic_00681,462,1,0,1,2,0,NONE
tx_legit_000090,usr_norm_1626,merch_razorpay_028,704.5,INR,2026-08-05T03:39:18+00:00,dev_fingerprint_0911,192.168.252.166,"Bengaluru, IN",pm_tok_synthetic_01261,445,3,1,1,3,0,NONE
tx_legit_006317,usr_norm_1634,merch_razorpay_006,130.58,INR,2026-08-05T03:43:46+00:00,dev_fingerprint_1183,192.168.74.61,"Ahmedabad, IN",pm_tok_synthetic_00801,240,2,0,2,1,0,NONE
tx_legit_007921,usr_norm_1026,merch_razorpay_016,990.57,INR,2026-08-05T03:49:36+00:00,dev_fingerprint_0676,192.168.2.242,"Hyderabad, IN",pm_tok_synthetic_00634,70,1,0,2,2,0,NONE
tx_legit_007354,usr_norm_1532,merch_razorpay_004,666.69,INR,2026-08-05T03:58:08+00:00,dev_fingerprint_1127,192.168.59.211,"Hyderabad, IN",pm_tok_synthetic_01199,512,1,0,1,1,0,NONE
tx_legit_004667,usr_norm_0908,merch_razorpay_046,463.93,INR,2026-08-05T03:59:11+00:00,dev_fingerprint_1412,10.0.7.63,"Delhi, IN",pm_tok_synthetic_01707,484,1,1,1,4,0,NONE
tx_legit_006056,usr_norm_0270,merch_razorpay_003,250.21,INR,2026-08-05T04:04:30+00:00,dev_fingerprint_0970,192.168.95.43,"Chennai, IN",pm_tok_synthetic_01871,182,1,0,1,3,0,NONE
tx_legit_003874,usr_norm_1231,merch_razorpay_036,196.55,INR,2026-08-05T04:06:16+00:00,dev_fingerprint_0646,192.168.78.180,"Bengaluru, IN",pm_tok_synthetic_00034,42,1,0,1,2,0,NONE
tx_legit_002053,usr_norm_1771,merch_razorpay_020,365.85,INR,2026-08-05T04:14:50+00:00,dev_fingerprint_1959,192.168.137.197,"Ahmedabad, IN",pm_tok_synthetic_00409,840,1,0,2,1,0,NONE
tx_legit_000360,usr_norm_1724,merch_razorpay_022,317.06,INR,2026-08-05T04:18:29+00:00,dev_fingerprint_1249,192.168.22.73,"Bengaluru, IN",pm_tok_synthetic_00730,690,1,0,1,1,0,NONE
tx_legit_007097,usr_norm_1207,merch_razorpay_021,558.85,INR,2026-08-05T04:29:34+00:00,dev_fingerprint_0987,192.168.42.139,"Pune, IN",pm_tok_synthetic_01056,99,3,0,1,1,0,NONE
tx_legit_009117,usr_norm_0318,merch_razorpay_020,793.35,INR,2026-08-05T04:31:10+00:00,dev_fingerprint_0592,192.168.176.200,"Pune, IN",pm_tok_synthetic_00153,39,1,0,1,3,0,NONE
tx_legit_002392,usr_norm_1350,merch_razorpay_026,761.09,INR,2026-08-05T04:33:35+00:00,dev_fingerprint_0745,192.168.77.215,"Chennai, IN",pm_tok_synthetic_00978,358,1,0,1,1,0,NONE
tx_legit_002395,usr_norm_0348,merch_razorpay_018,358.48,INR,2026-08-05T04:33:44+00:00,dev_fingerprint_0414,192.168.84.47,"Delhi, IN",pm_tok_synthetic_02198,183,1,0,2,2,0,NONE
tx_legit_007327,usr_norm_1679,merch_razorpay_021,958.83,INR,2026-08-05T04:40:20+00:00,dev_fingerprint_0157,10.0.167.87,"Pune, IN",pm_tok_synthetic_01138,288,1,1,1,1,0,NONE
tx_legit_001202,usr_norm_0394,merch_razorpay_037,835.2,INR,2026-08-05T04:43:24+00:00,dev_fingerprint_1085,192.168.33.33,"Hyderabad, IN",pm_tok_synthetic_01590,278,1,2,1,3,0,NONE
tx_legit_008461,usr_norm_1817,merch_razorpay_015,2030.08,INR,2026-08-05T04:49:59+00:00,dev_fingerprint_0876,10.0.248.14,"Kolkata, IN",pm_tok_synthetic_01010,283,2,0,2,1,0,NONE
tx_legit_005803,usr_norm_0420,merch_razorpay_045,188.17,INR,2026-08-05T04:56:10+00:00,dev_fingerprint_0344,10.0.145.77,"Pune, IN",pm_tok_synthetic_01442,203,3,0,1,3,0,NONE
tx_legit_004854,usr_norm_1370,merch_razorpay_039,1097.57,INR,2026-08-05T04:59:19+00:00,dev_fingerprint_0789,192.168.141.26,"Pune, IN",pm_tok_synthetic_00791,568,1,0,1,1,0,NONE
tx_legit_001531,usr_norm_1504,merch_razorpay_005,946.85,INR,2026-08-05T05:06:24+00:00,dev_fingerprint_0253,192.168.17.99,"Delhi, IN",pm_tok_synthetic_00467,753,1,0,2,1,0,NONE
tx_legit_001090,usr_norm_0503,merch_razorpay_008,313.38,INR,2026-08-05T05:10:48+00:00,dev_fingerprint_0772,192.168.102.227,"Delhi, IN",pm_tok_synthetic_01839,642,3,0,2,2,0,NONE
tx_legit_003204,usr_norm_0071,merch_razorpay_017,229.68,INR,2026-08-05T05:14:23+00:00,dev_fingerprint_1453,192.168.145.243,"Delhi, IN",pm_tok_synthetic_01710,326,2,0,3,2,0,NONE
tx_legit_002110,usr_norm_1792,merch_razorpay_002,785.31,INR,2026-08-05T05:17:08+00:00,dev_fingerprint_0928,192.168.21.219,"Pune, IN",pm_tok_synthetic_00427,788,1,2,2,1,0,NONE
tx_legit_003422,usr_norm_0786,merch_razorpay_047,528.42,INR,2026-08-05T05:18:29+00:00,dev_fingerprint_0969,192.168.44.45,"Delhi, IN",pm_tok_synthetic_00473,345,1,2,1,1,0,NONE
tx_legit_005064,usr_norm_1878,merch_razorpay_009,604.26,INR,2026-08-05T05:19:08+00:00,dev_fingerprint_0302,192.168.76.142,"Ahmedabad, IN",pm_tok_synthetic_01836,582,3,0,1,2,0,NONE
tx_legit_006205,usr_norm_1995,merch_razorpay_015,583.48,INR,2026-08-05T05:19:58+00:00,dev_fingerprint_0559,10.0.79.226,"Delhi, IN",pm_tok_synthetic_01639,394,1,0,1,1,0,NONE
tx_legit_004664,usr_norm_0872,merch_razorpay_026,2019.89,INR,2026-08-05T05:25:05+00:00,dev_fingerprint_0374,192.168.78.127,"Chennai, IN",pm_tok_synthetic_01374,700,1,0,1,3,0,NONE
tx_legit_008550,usr_norm_0046,merch_razorpay_047,435.09,INR,2026-08-05T05:26:55+00:00,dev_fingerprint_0369,192.168.68.130,"Hyderabad, IN",pm_tok_synthetic_01265,377,2,0,1,1,0,NONE
tx_legit_008136,usr_norm_0500,merch_razorpay_029,460.44,INR,2026-08-05T05:27:21+00:00,dev_fingerprint_0837,192.168.203.161,"Delhi, IN",pm_tok_synthetic_02045,172,2,0,2,2,0,NONE
tx_legit_000713,usr_norm_0487,merch_razorpay_001,159.28,INR,2026-08-05T05:31:19+00:00,dev_fingerprint_0680,192.168.136.106,"Chennai, IN",pm_tok_synthetic_01556,853,1,0,1,2,0,NONE
tx_legit_006066,usr_norm_1895,merch_razorpay_007,415.89,INR,2026-08-05T05:41:41+00:00,dev_fingerprint_0807,192.168.193.218,"Kolkata, IN",pm_tok_synthetic_02008,355,1,0,2,1,0,NONE
tx_legit_006622,usr_norm_0046,merch_razorpay_033,831.37,INR,2026-08-05T05:44:25+00:00,dev_fingerprint_1888,192.168.68.130,"Pune, IN",pm_tok_synthetic_01265,377,1,2,2,2,0,NONE
tx_legit_004482,usr_norm_1460,merch_razorpay_023,188.48,INR,2026-08-05T05:48:17+00:00,dev_fingerprint_0919,192.168.137.110,"Kolkata, IN",pm_tok_synthetic_00539,241,1,0,1,1,0,NONE
tx_legit_006735,usr_norm_1673,merch_razorpay_009,259.98,INR,2026-08-05T05:58:16+00:00,dev_fingerprint_0343,192.168.213.161,"Bengaluru, IN",pm_tok_synthetic_02447,797,3,0,1,3,0,NONE
tx_legit_004799,usr_norm_1782,merch_razorpay_015,570.83,INR,2026-08-05T05:59:21+00:00,dev_fingerprint_0616,192.168.187.202,"Bengaluru, IN",pm_tok_synthetic_01715,34,3,0,1,1,0,NONE
tx_legit_004458,usr_norm_1756,merch_razorpay_033,225.32,INR,2026-08-05T06:02:41+00:00,dev_fingerprint_0289,192.168.7.22,"Pune, IN",pm_tok_synthetic_00078,512,1,0,1,1,0,NONE
tx_legit_003513,usr_norm_0319,merch_razorpay_021,326.74,INR,2026-08-05T06:04:25+00:00,dev_fingerprint_0611,192.168.193.119,"Pune, IN",pm_tok_synthetic_02468,139,2,1,1,1,0,NONE
tx_legit_004973,usr_norm_0717,merch_razorpay_025,369.6,INR,2026-08-05T06:08:17+00:00,dev_fingerprint_0981,192.168.143.57,"Mumbai, IN",pm_tok_synthetic_02258,316,1,0,1,1,0,NONE
tx_legit_005287,usr_norm_1507,merch_razorpay_036,382.5,INR,2026-08-05T06:19:02+00:00,dev_fingerprint_1047,192.168.135.153,"Kolkata, IN",pm_tok_synthetic_00654,417,1,0,1,2,0,NONE
tx_legit_007739,usr_norm_1276,merch_razorpay_049,914.8,INR,2026-08-05T06:22:32+00:00,dev_fingerprint_1703,192.168.62.15,"Bengaluru, IN",pm_tok_synthetic_00537,569,2,0,1,1,0,NONE
tx_legit_005908,usr_norm_1142,merch_razorpay_009,957.27,INR,2026-08-05T06:31:04+00:00,dev_fingerprint_1350,192.168.215.6,"Delhi, IN",pm_tok_synthetic_01083,201,1,0,1,2,0,NONE
tx_legit_002477,usr_norm_0514,merch_razorpay_014,515.34,INR,2026-08-05T06:32:55+00:00,dev_fingerprint_1188,192.168.120.177,"Delhi, IN",pm_tok_synthetic_02356,256,2,0,2,2,0,NONE
tx_legit_003035,usr_norm_0128,merch_razorpay_008,892.16,INR,2026-08-05T06:34:29+00:00,dev_fingerprint_1250,192.168.142.181,"Mumbai, IN",pm_tok_synthetic_01838,269,2,0,1,1,0,NONE
tx_legit_003720,usr_norm_0256,merch_razorpay_037,284.35,INR,2026-08-05T06:39:28+00:00,dev_fingerprint_1339,192.168.68.202,"Ahmedabad, IN",pm_tok_synthetic_01927,322,1,0,2,1,0,NONE
tx_fraud_000350,usr_fraud_reuseC_009,merch_razorpay_040,19050.7,INR,2026-08-05T06:41:06+00:00,dev_reuseC_009,198.51.100.119,"Chennai, IN",pm_tok_stolen_C_004,0,6,0,2,2,1,PAYMENT_REF_REUSE
tx_legit_001453,usr_norm_1276,merch_razorpay_016,394.31,INR,2026-08-05T06:48:22+00:00,dev_fingerprint_1283,192.168.62.15,"Mumbai, IN",pm_tok_synthetic_00537,569,1,0,1,1,0,NONE
tx_legit_001917,usr_norm_1419,merch_razorpay_017,305.19,INR,2026-08-05T06:53:27+00:00,dev_fingerprint_0496,192.168.81.55,"Delhi, IN",pm_tok_synthetic_01090,825,1,1,1,2,0,NONE
tx_legit_006171,usr_norm_0258,merch_razorpay_040,393.72,INR,2026-08-05T06:55:12+00:00,dev_fingerprint_0274,192.168.74.199,"Bengaluru, IN",pm_tok_synthetic_01083,774,1,0,1,1,0,NONE
tx_legit_007445,usr_norm_0628,merch_razorpay_005,230.01,INR,2026-08-05T06:56:55+00:00,dev_fingerprint_0648,192.168.251.195,"Delhi, IN",pm_tok_synthetic_01584,889,2,0,1,1,0,NONE
tx_legit_000669,usr_norm_1523,merch_razorpay_008,274.54,INR,2026-08-05T06:58:11+00:00,dev_fingerprint_0297,192.168.3.231,"Kolkata, IN",pm_tok_synthetic_00132,713,2,0,1,2,0,NONE
tx_legit_009184,usr_norm_0879,merch_razorpay_036,681.45,INR,2026-08-05T06:58:48+00:00,dev_fingerprint_0781,192.168.97.102,"Hyderabad, IN",pm_tok_synthetic_01222,453,1,2,3,3,0,NONE
tx_legit_008882,usr_norm_0334,merch_razorpay_032,441.0,INR,2026-08-05T06:59:38+00:00,dev_fingerprint_0535,192.168.16.157,"Ahmedabad, IN",pm_tok_synthetic_01472,739,1,0,1,1,0,NONE
tx_legit_007138,usr_norm_1260,merch_razorpay_000,286.19,INR,2026-08-05T07:00:14+00:00,dev_fingerprint_1311,192.168.37.105,"Delhi, IN",pm_tok_synthetic_01381,461,1,0,1,2,0,NONE
tx_legit_000764,usr_norm_1736,merch_razorpay_037,340.88,INR,2026-08-05T07:02:11+00:00,dev_fingerprint_0987,192.168.126.5,"Pune, IN",pm_tok_synthetic_02323,578,2,0,1,1,0,NONE
tx_legit_005454,usr_norm_1826,merch_razorpay_025,730.02,INR,2026-08-05T07:09:05+00:00,dev_fingerprint_0271,192.168.185.241,"Hyderabad, IN",pm_tok_synthetic_01211,274,2,0,1,2,0,NONE
tx_legit_008057,usr_norm_1490,merch_razorpay_010,1438.85,INR,2026-08-05T07:13:29+00:00,dev_fingerprint_1101,192.168.86.24,"Bengaluru, IN",pm_tok_synthetic_00160,601,1,0,1,1,0,NONE
tx_legit_002600,usr_norm_0847,merch_razorpay_020,865.28,INR,2026-08-05T07:18:42+00:00,dev_fingerprint_1397,192.168.8.24,"Bengaluru, IN",pm_tok_synthetic_01941,165,1,0,1,1,0,NONE
tx_legit_008810,usr_norm_0053,merch_razorpay_047,286.13,INR,2026-08-05T07:31:54+00:00,dev_fingerprint_1162,192.168.89.109,"Pune, IN",pm_tok_synthetic_00347,83,1,1,3,2,0,NONE
tx_legit_000139,usr_norm_1794,merch_razorpay_019,726.7,INR,2026-08-05T07:32:42+00:00,dev_fingerprint_0323,192.168.223.49,"Kolkata, IN",pm_tok_synthetic_00119,526,1,0,1,2,0,NONE
tx_legit_006640,usr_norm_0062,merch_razorpay_043,535.72,INR,2026-08-05T07:36:13+00:00,dev_fingerprint_0015,192.168.201.117,"Pune, IN",pm_tok_synthetic_01234,246,1,0,1,1,0,NONE
tx_legit_009026,usr_norm_0490,merch_razorpay_030,708.79,INR,2026-08-05T07:37:02+00:00,dev_fingerprint_0615,10.0.13.109,"Delhi, IN",pm_tok_synthetic_02470,741,3,0,1,1,0,NONE
tx_legit_002073,usr_norm_1404,merch_razorpay_008,361.74,INR,2026-08-05T07:38:53+00:00,dev_fingerprint_1298,192.168.169.126,"Chennai, IN",pm_tok_synthetic_01566,85,1,0,1,3,0,NONE
tx_fraud_000607,usr_fraud_anomD_126,merch_razorpay_044,44600.81,INR,2026-08-05T07:39:49+00:00,dev_anomD_126,192.0.2.43,Unknown / VPN Node,pm_tok_anomD_126,8,12,6,3,3,1,BEHAVIORAL_ANOMALY
tx_legit_002076,usr_norm_0649,merch_razorpay_034,686.54,INR,2026-08-05T07:41:00+00:00,dev_fingerprint_0241,192.168.107.88,"Hyderabad, IN",pm_tok_synthetic_00120,373,1,0,2,4,0,NONE
tx_legit_006987,usr_norm_1125,merch_razorpay_039,442.49,INR,2026-08-05T07:45:59+00:00,dev_fingerprint_1317,192.168.198.34,"Mumbai, IN",pm_tok_synthetic_00866,183,1,0,1,2,0,NONE
tx_legit_007434,usr_norm_0441,merch_razorpay_028,837.17,INR,2026-08-05T07:46:01+00:00,dev_fingerprint_1330,192.168.70.107,"Chennai, IN",pm_tok_synthetic_00129,125,1,0,1,3,0,NONE
tx_fraud_000410,usr_fraud_reuseC_009,merch_razorpay_029,18878.78,INR,2026-08-05T07:48:04+00:00,dev_reuseC_017,198.51.100.172,"Bengaluru, IN",pm_tok_stolen_C_003,1,8,1,2,2,1,PAYMENT_REF_REUSE
tx_legit_003905,usr_norm_0749,merch_razorpay_007,1132.4,INR,2026-08-05T07:52:36+00:00,dev_fingerprint_0649,192.168.187.14,"Delhi, IN",pm_tok_synthetic_02301,740,1,0,1,1,0,NONE
tx_legit_000473,usr_norm_0626,merch_razorpay_043,510.06,INR,2026-08-05T07:54:39+00:00,dev_fingerprint_0493,192.168.213.108,"Mumbai, IN",pm_tok_synthetic_02432,102,1,0,2,1,0,NONE
tx_legit_007184,usr_norm_0175,merch_razorpay_005,689.85,INR,2026-08-05T07:55:31+00:00,dev_fingerprint_1112,192.168.140.205,"Chennai, IN",pm_tok_synthetic_01037,67,2,0,2,3,0,NONE
tx_legit_007218,usr_norm_0900,merch_razorpay_007,912.42,INR,2026-08-05T07:56:18+00:00,dev_fingerprint_1003,192.168.185.241,"Delhi, IN",pm_tok_synthetic_00771,198,1,0,1,1,0,NONE
tx_legit_008055,usr_norm_0545,merch_razorpay_010,1041.49,INR,2026-08-05T08:08:00+00:00,dev_fingerprint_0795,192.168.46.206,"Pune, IN",pm_tok_synthetic_02442,171,1,0,1,1,0,NONE
tx_legit_004044,usr_norm_0567,merch_razorpay_014,350.08,INR,2026-08-05T08:08:39+00:00,dev_fingerprint_0485,192.168.184.125,"Delhi, IN",pm_tok_synthetic_02408,735,3,1,1,2,0,NONE
tx_legit_001592,usr_norm_0725,merch_razorpay_023,297.4,INR,2026-08-05T08:09:51+00:00,dev_fingerprint_1222,192.168.219.136,"Kolkata, IN",pm_tok_synthetic_00120,860,1,1,1,1,0,NONE
tx_legit_005749,usr_norm_1079,merch_razorpay_023,514.19,INR,2026-08-05T08:10:29+00:00,dev_fingerprint_1848,192.168.60.237,"Ahmedabad, IN",pm_tok_synthetic_00275,286,1,0,1,1,0,NONE
tx_legit_004731,usr_norm_1837,merch_razorpay_001,1091.7,INR,2026-08-05T08:12:05+00:00,dev_fingerprint_0424,192.168.62.147,"Chennai, IN",pm_tok_synthetic_00331,665,1,0,1,2,0,NONE
tx_legit_002732,usr_norm_0591,merch_razorpay_026,296.49,INR,2026-08-05T08:14:41+00:00,dev_fingerprint_0267,192.168.72.226,"Mumbai, IN",pm_tok_synthetic_01987,837,2,0,1,1,0,NONE
tx_legit_001022,usr_norm_1069,merch_razorpay_047,580.53,INR,2026-08-05T08:21:29+00:00,dev_fingerprint_1133,192.168.71.3,"Delhi, IN",pm_tok_synthetic_02273,174,1,0,1,1,0,NONE
tx_legit_008684,usr_norm_1045,merch_razorpay_008,532.6,INR,2026-08-05T08:21:40+00:00,dev_fingerprint_0394,192.168.202.180,"Mumbai, IN",pm_tok_synthetic_02104,114,1,0,1,1,0,NONE
tx_legit_005718,usr_norm_1758,merch_razorpay_016,1035.52,INR,2026-08-05T08:24:57+00:00,dev_fingerprint_1328,192.168.188.125,"Delhi, IN",pm_tok_synthetic_00058,206,2,0,3,1,0,NONE
tx_legit_005201,usr_norm_1260,merch_razorpay_040,284.07,INR,2026-08-05T08:26:12+00:00,dev_fingerprint_1311,192.168.37.105,"Mumbai, IN",pm_tok_synthetic_01381,461,2,0,2,1,0,NONE
tx_legit_000876,usr_norm_0079,merch_razorpay_006,598.35,INR,2026-08-05T08:26:19+00:00,dev_fingerprint_0344,192.168.68.36,"Pune, IN",pm_tok_synthetic_02090,678,3,0,1,2,0,NONE
tx_legit_008773,usr_norm_0736,merch_razorpay_005,2205.4,INR,2026-08-05T08:30:26+00:00,dev_fingerprint_1008,192.168.137.110,"Ahmedabad, IN",pm_tok_synthetic_01265,209,1,0,1,2,0,NONE
tx_fraud_000322,usr_fraud_reuseC_001,merch_razorpay_008,9298.73,INR,2026-08-05T08:37:10+00:00,dev_reuseC_009,198.51.100.106,"Mumbai, IN",pm_tok_stolen_C_002,5,3,0,3,4,1,PAYMENT_REF_REUSE
tx_legit_007909,usr_norm_1605,merch_razorpay_003,745.07,INR,2026-08-05T08:39:35+00:00,dev_fingerprint_0635,192.168.153.192,"Mumbai, IN",pm_tok_synthetic_01906,511,1,1,2,1,0,NONE
tx_legit_003449,usr_norm_0045,merch_razorpay_035,1116.06,INR,2026-08-05T08:43:11+00:00,dev_fingerprint_1247,192.168.173.68,"Kolkata, IN",pm_tok_synthetic_01095,59,1,0,2,1,0,NONE
tx_fraud_000397,usr_fraud_reuseC_016,merch_razorpay_013,14684.53,INR,2026-08-05T08:49:08+00:00,dev_reuseC_020,198.51.100.102,"Ahmedabad, IN",pm_tok_stolen_C_002,2,7,1,5,3,1,PAYMENT_REF_REUSE
tx_legit_002129,usr_norm_0281,merch_razorpay_044,246.03,INR,2026-08-05T08:50:49+00:00,dev_fingerprint_0983,192.168.25.169,"Hyderabad, IN",pm_tok_synthetic_02147,674,2,0,1,1,0,NONE
tx_legit_007329,usr_norm_0113,merch_razorpay_029,2177.02,INR,2026-08-05T08:52:28+00:00,dev_fingerprint_1218,192.168.167.114,"Mumbai, IN",pm_tok_synthetic_00347,347,1,0,3,1,0,NONE
tx_legit_004066,usr_norm_0448,merch_razorpay_037,224.81,INR,2026-08-05T08:55:32+00:00,dev_fingerprint_0555,192.168.72.117,"Kolkata, IN",pm_tok_synthetic_00304,730,1,0,1,4,0,NONE
tx_legit_007898,usr_norm_0689,merch_razorpay_035,871.12,INR,2026-08-05T08:56:27+00:00,dev_fingerprint_1772,192.168.243.141,"Pune, IN",pm_tok_synthetic_02394,141,1,0,1,1,0,NONE
tx_legit_008312,usr_norm_0528,merch_razorpay_028,642.05,INR,2026-08-05T09:01:42+00:00,dev_fingerprint_1146,192.168.171.136,"Chennai, IN",pm_tok_synthetic_01892,267,1,0,1,1,0,NONE
tx_legit_001164,usr_norm_0128,merch_razorpay_012,251.06,INR,2026-08-05T09:03:04+00:00,dev_fingerprint_1250,192.168.142.181,"Mumbai, IN",pm_tok_synthetic_01838,269,1,0,1,1,0,NONE
tx_legit_001456,usr_norm_1875,merch_razorpay_026,479.24,INR,2026-08-05T09:03:31+00:00,dev_fingerprint_1176,192.168.62.15,"Chennai, IN",pm_tok_synthetic_01805,296,3,1,1,2,0,NONE
tx_legit_008847,usr_norm_0102,merch_razorpay_026,1170.21,INR,2026-08-05T09:08:19+00:00,dev_fingerprint_1449,192.168.122.116,"Chennai, IN",pm_tok_synthetic_00374,566,2,0,1,2,0,NONE
tx_legit_003845,usr_norm_0385,merch_razorpay_014,369.31,INR,2026-08-05T09:11:25+00:00,dev_fingerprint_0358,192.168.224.4,"Delhi, IN",pm_tok_synthetic_01749,599,1,0,1,2,0,NONE
tx_legit_005583,usr_norm_0512,merch_razorpay_025,1623.43,INR,2026-08-05T09:14:59+00:00,dev_fingerprint_0021,192.168.30.175,"Delhi, IN",pm_tok_synthetic_01059,257,1,0,1,1,0,NONE
tx_legit_007358,usr_norm_1933,merch_razorpay_014,688.52,INR,2026-08-05T09:25:02+00:00,dev_fingerprint_1286,192.168.115.36,"Hyderabad, IN",pm_tok_synthetic_00387,643,1,0,1,1,0,NONE
tx_legit_002418,usr_norm_0767,merch_razorpay_007,212.34,INR,2026-08-05T09:35:51+00:00,dev_fingerprint_0981,192.168.99.60,"Mumbai, IN",pm_tok_synthetic_02367,696,2,0,3,3,0,NONE
tx_legit_006182,usr_norm_1034,merch_razorpay_008,483.8,INR,2026-08-05T09:48:20+00:00,dev_fingerprint_0453,192.168.205.59,"Mumbai, IN",pm_tok_synthetic_00873,709,1,0,1,1,0,NONE
tx_legit_005941,usr_norm_0324,merch_razorpay_025,355.56,INR,2026-08-05T09:49:12+00:00,dev_fingerprint_0939,192.168.98.116,"Hyderabad, IN",pm_tok_synthetic_01053,765,2,0,1,1,0,NONE
tx_legit_002836,usr_norm_0961,merch_razorpay_024,399.95,INR,2026-08-05T09:55:07+00:00,dev_fingerprint_0180,192.168.174.140,"Hyderabad, IN",pm_tok_synthetic_02041,487,2,2,1,1,0,NONE
tx_legit_000116,usr_norm_0817,merch_razorpay_036,440.21,INR,2026-08-05T10:08:32+00:00,dev_fingerprint_1247,192.168.140.205,"Ahmedabad, IN",pm_tok_synthetic_00153,206,1,0,1,2,0,NONE
tx_legit_008553,usr_norm_0764,merch_razorpay_043,446.08,INR,2026-08-05T10:09:13+00:00,dev_fingerprint_0790,192.168.122.116,"Chennai, IN",pm_tok_synthetic_01718,200,1,0,1,1,0,NONE
tx_legit_001580,usr_norm_0179,merch_razorpay_002,700.34,INR,2026-08-05T10:10:39+00:00,dev_fingerprint_0819,192.168.125.32,"Ahmedabad, IN",pm_tok_synthetic_01801,425,2,0,1,3,0,NONE
tx_legit_005663,usr_norm_1315,merch_razorpay_031,1439.09,INR,2026-08-05T10:11:43+00:00,dev_fingerprint_0781,192.168.192.24,"Delhi, IN",pm_tok_synthetic_00051,154,1,0,1,4,0,NONE
tx_legit_005687,usr_norm_1343,merch_razorpay_024,2836.06,INR,2026-08-05T10:14:16+00:00,dev_fingerprint_0662,192.168.223.139,"Mumbai, IN",pm_tok_synthetic_01918,311,1,0,1,1,0,NONE
tx_legit_007859,usr_norm_0304,merch_razorpay_019,415.83,INR,2026-08-05T10:15:58+00:00,dev_fingerprint_1151,192.168.189.83,"Ahmedabad, IN",pm_tok_synthetic_01112,170,3,0,1,1,0,NONE
tx_legit_007908,usr_norm_1238,merch_razorpay_024,724.12,INR,2026-08-05T10:17:17+00:00,dev_fingerprint_0762,192.168.85.160,"Delhi, IN",pm_tok_synthetic_01640,316,1,0,2,5,0,NONE
tx_legit_008416,usr_norm_0986,merch_razorpay_034,1021.48,INR,2026-08-05T10:23:45+00:00,dev_fingerprint_0886,192.168.76.92,"Hyderabad, IN",pm_tok_synthetic_02396,524,1,0,1,1,0,NONE
tx_legit_000958,usr_norm_0340,merch_razorpay_015,284.74,INR,2026-08-05T10:29:38+00:00,dev_fingerprint_0979,10.0.153.15,"Kolkata, IN",pm_tok_synthetic_01863,795,3,0,1,1,0,NONE
tx_fraud_000557,usr_fraud_anomD_076,merch_razorpay_019,58382.14,INR,2026-08-05T10:33:18+00:00,dev_anomD_076,192.0.2.229,Unknown / VPN Node,pm_tok_anomD_076,9,16,4,1,2,1,BEHAVIORAL_ANOMALY
tx_legit_002644,usr_norm_1983,merch_razorpay_016,463.4,INR,2026-08-05T10:36:02+00:00,dev_fingerprint_1134,10.0.97.132,"Delhi, IN",pm_tok_synthetic_01190,468,1,0,1,1,0,NONE
tx_legit_004015,usr_norm_0349,merch_razorpay_001,320.62,INR,2026-08-05T10:37:29+00:00,dev_fingerprint_1998,192.168.79.211,"Chennai, IN",pm_tok_synthetic_02131,482,3,1,2,2,0,NONE
tx_legit_000888,usr_norm_1273,merch_razorpay_040,380.1,INR,2026-08-05T10:49:58+00:00,dev_fingerprint_0170,192.168.41.117,"Hyderabad, IN",pm_tok_synthetic_01075,662,1,0,1,1,0,NONE
tx_legit_000245,usr_norm_0444,merch_razorpay_044,287.62,INR,2026-08-05T11:09:09+00:00,dev_fingerprint_0350,192.168.103.93,"Delhi, IN",pm_tok_synthetic_02047,895,1,0,1,2,0,NONE
tx_legit_003932,usr_norm_0469,merch_razorpay_022,300.17,INR,2026-08-05T11:09:37+00:00,dev_fingerprint_0631,192.168.71.113,"Mumbai, IN",pm_tok_synthetic_01474,809,2,1,1,2,0,NONE
tx_legit_000804,usr_norm_1520,merch_razorpay_001,699.25,INR,2026-08-05T11:13:11+00:00,dev_fingerprint_0569,192.168.71.12,"Mumbai, IN",pm_tok_synthetic_02283,869,1,1,1,1,0,NONE
tx_legit_000611,usr_norm_1568,merch_razorpay_030,839.31,INR,2026-08-05T11:13:22+00:00,dev_fingerprint_0631,192.168.11.196,"Chennai, IN",pm_tok_synthetic_01288,756,1,0,1,3,0,NONE
tx_legit_007246,usr_norm_1422,merch_razorpay_047,180.1,INR,2026-08-05T11:14:57+00:00,dev_fingerprint_0748,192.168.187.202,"Bengaluru, IN",pm_tok_synthetic_00780,358,1,0,1,3,0,NONE
tx_legit_001236,usr_norm_0765,merch_razorpay_034,335.16,INR,2026-08-05T11:18:12+00:00,dev_fingerprint_0847,192.168.13.67,"Ahmedabad, IN",pm_tok_synthetic_01551,389,3,0,1,1,0,NONE
tx_legit_006119,usr_norm_0777,merch_razorpay_001,482.74,INR,2026-08-05T11:22:11+00:00,dev_fingerprint_0420,192.168.248.32,"Mumbai, IN",pm_tok_synthetic_00778,449,1,0,1,1,0,NONE
tx_legit_006061,usr_norm_1240,merch_razorpay_019,225.74,INR,2026-08-05T11:24:58+00:00,dev_fingerprint_1179,192.168.236.74,"Mumbai, IN",pm_tok_synthetic_00936,863,1,0,1,1,0,NONE
tx_legit_000594,usr_norm_1215,merch_razorpay_047,236.18,INR,2026-08-05T11:33:17+00:00,dev_fingerprint_1174,192.168.155.54,"Mumbai, IN",pm_tok_synthetic_00748,794,3,0,1,1,0,NONE
tx_legit_003339,usr_norm_0378,merch_razorpay_044,805.51,INR,2026-08-05T11:36:13+00:00,dev_fingerprint_1584,10.0.56.30,"Chennai, IN",pm_tok_synthetic_00231,173,2,0,1,1,0,NONE
tx_legit_005152,usr_norm_1375,merch_razorpay_012,412.44,INR,2026-08-05T11:38:19+00:00,dev_fingerprint_0341,192.168.122.181,"Delhi, IN",pm_tok_synthetic_00738,593,1,0,1,1,0,NONE
tx_legit_003774,usr_norm_1974,merch_razorpay_027,1295.77,INR,2026-08-05T11:45:15+00:00,dev_fingerprint_0219,192.168.64.50,"Bengaluru, IN",pm_tok_synthetic_01453,418,1,0,1,1,0,NONE
tx_legit_005384,usr_norm_0326,merch_razorpay_005,176.44,INR,2026-08-05T11:46:57+00:00,dev_fingerprint_0604,192.168.193.119,"Hyderabad, IN",pm_tok_synthetic_00791,209,1,1,1,1,0,NONE
tx_legit_002655,usr_norm_1789,merch_razorpay_035,391.26,INR,2026-08-05T11:47:48+00:00,dev_fingerprint_0361,192.168.19.132,"Chennai, IN",pm_tok_synthetic_00176,85,1,0,1,1,0,NONE
tx_legit_002293,usr_norm_0320,merch_razorpay_034,932.65,INR,2026-08-05T11:53:53+00:00,dev_fingerprint_0686,192.168.142.181,"Ahmedabad, IN",pm_tok_synthetic_01861,686,1,0,2,1,0,NONE
tx_fraud_000583,usr_fraud_anomD_102,merch_razorpay_039,58954.92,INR,2026-08-05T12:09:00+00:00,dev_anomD_102,192.0.2.225,Unknown / VPN Node,pm_tok_anomD_102,4,11,4,2,4,1,BEHAVIORAL_ANOMALY
tx_legit_008774,usr_norm_0600,merch_razorpay_017,276.73,INR,2026-08-05T12:28:39+00:00,dev_fingerprint_0811,192.168.126.27,"Kolkata, IN",pm_tok_synthetic_01251,773,4,0,1,2,0,NONE
tx_legit_001117,usr_norm_0777,merch_razorpay_046,1983.93,INR,2026-08-05T12:31:54+00:00,dev_fingerprint_0420,192.168.248.32,"Delhi, IN",pm_tok_synthetic_00778,449,1,0,1,1,0,NONE
tx_legit_001674,usr_norm_1154,merch_razorpay_049,167.4,INR,2026-08-05T12:38:12+00:00,dev_fingerprint_1085,192.168.244.194,"Delhi, IN",pm_tok_synthetic_00939,851,3,0,1,2,0,NONE
tx_legit_005255,usr_norm_1389,merch_razorpay_015,1611.47,INR,2026-08-05T12:40:02+00:00,dev_fingerprint_1047,192.168.167.70,"Mumbai, IN",pm_tok_synthetic_02337,615,1,0,1,2,0,NONE
tx_legit_002653,usr_norm_0907,merch_razorpay_009,1470.43,INR,2026-08-05T12:46:34+00:00,dev_fingerprint_0221,10.0.240.151,"Chennai, IN",pm_tok_synthetic_00080,79,1,0,1,2,0,NONE
tx_legit_002549,usr_norm_1988,merch_razorpay_049,178.27,INR,2026-08-05T12:46:52+00:00,dev_fingerprint_1599,192.168.51.109,"Delhi, IN",pm_tok_synthetic_00348,152,1,2,1,1,0,NONE
tx_legit_003116,usr_norm_0196,merch_razorpay_020,814.52,INR,2026-08-05T12:48:18+00:00,dev_fingerprint_0784,192.168.138.35,"Chennai, IN",pm_tok_synthetic_02323,63,1,0,1,2,0,NONE
tx_legit_008213,usr_norm_1237,merch_razorpay_014,269.44,INR,2026-08-05T12:53:06+00:00,dev_fingerprint_0868,192.168.40.49,"Delhi, IN",pm_tok_synthetic_01716,747,2,0,1,3,0,NONE
tx_legit_000635,usr_norm_1880,merch_razorpay_037,1826.56,INR,2026-08-05T12:56:50+00:00,dev_fingerprint_0051,192.168.218.197,"Ahmedabad, IN",pm_tok_synthetic_02045,816,2,0,1,2,0,NONE
tx_legit_002882,usr_norm_0431,merch_razorpay_015,420.59,INR,2026-08-05T13:01:24+00:00,dev_fingerprint_1129,192.168.63.38,"Delhi, IN",pm_tok_synthetic_00048,47,3,0,1,1,0,NONE
tx_legit_001317,usr_norm_0758,merch_razorpay_007,159.99,INR,2026-08-05T13:01:50+00:00,dev_fingerprint_1643,192.168.62.68,"Hyderabad, IN",pm_tok_synthetic_01420,357,2,1,1,2,0,NONE
tx_legit_008434,usr_norm_0144,merch_razorpay_022,1727.65,INR,2026-08-05T13:02:59+00:00,dev_fingerprint_0767,192.168.153.18,"Ahmedabad, IN",pm_tok_synthetic_01345,356,1,0,1,1,0,NONE
tx_legit_005088,usr_norm_1423,merch_razorpay_002,787.34,INR,2026-08-05T13:19:29+00:00,dev_fingerprint_0705,192.168.95.122,"Kolkata, IN",pm_tok_synthetic_00099,818,1,0,1,1,0,NONE
tx_legit_000546,usr_norm_1971,merch_razorpay_005,1270.34,INR,2026-08-05T13:31:28+00:00,dev_fingerprint_1485,10.0.122.65,"Hyderabad, IN",pm_tok_synthetic_00876,546,1,0,1,4,0,NONE
tx_legit_001223,usr_norm_1294,merch_razorpay_040,215.8,INR,2026-08-05T13:34:06+00:00,dev_fingerprint_0895,192.168.163.159,"Ahmedabad, IN",pm_tok_synthetic_01023,197,1,0,1,3,0,NONE
tx_legit_008956,usr_norm_1569,merch_razorpay_043,882.1,INR,2026-08-05T13:35:51+00:00,dev_fingerprint_0064,192.168.163.219,"Pune, IN",pm_tok_synthetic_01695,118,1,0,1,2,0,NONE
tx_legit_007831,usr_norm_1332,merch_razorpay_009,307.9,INR,2026-08-05T13:50:08+00:00,dev_fingerprint_0187,192.168.236.74,"Pune, IN",pm_tok_synthetic_01386,807,2,0,1,1,0,NONE
tx_legit_000034,usr_norm_0434,merch_razorpay_026,268.44,INR,2026-08-05T13:52:24+00:00,dev_fingerprint_1429,10.0.135.197,"Bengaluru, IN",pm_tok_synthetic_01763,855,2,0,1,2,0,NONE
tx_legit_007111,usr_norm_1447,merch_razorpay_047,196.26,INR,2026-08-05T13:52:47+00:00,dev_fingerprint_0937,192.168.212.188,"Hyderabad, IN",pm_tok_synthetic_00088,70,1,0,1,1,0,NONE
tx_legit_004643,usr_norm_1128,merch_razorpay_043,443.67,INR,2026-08-05T13:55:35+00:00,dev_fingerprint_0471,192.168.193.221,"Kolkata, IN",pm_tok_synthetic_01352,767,1,0,2,2,0,NONE
tx_legit_003835,usr_norm_1074,merch_razorpay_038,1413.57,INR,2026-08-05T14:05:48+00:00,dev_fingerprint_1322,192.168.119.164,"Kolkata, IN",pm_tok_synthetic_02099,175,2,0,1,2,0,NONE
tx_legit_004699,usr_norm_0280,merch_razorpay_024,531.4,INR,2026-08-05T14:13:55+00:00,dev_fingerprint_0466,192.168.170.242,"Ahmedabad, IN",pm_tok_synthetic_00210,627,1,0,1,1,0,NONE
tx_legit_007257,usr_norm_0773,merch_razorpay_031,285.62,INR,2026-08-05T14:15:06+00:00,dev_fingerprint_0190,192.168.252.216,"Mumbai, IN",pm_tok_synthetic_02433,658,2,0,1,1,0,NONE
tx_legit_008985,usr_norm_0684,merch_razorpay_025,802.25,INR,2026-08-05T14:19:46+00:00,dev_fingerprint_1212,192.168.193.119,"Hyderabad, IN",pm_tok_synthetic_00255,475,1,0,1,1,0,NONE
tx_legit_006154,usr_norm_0382,merch_razorpay_038,147.43,INR,2026-08-05T14:22:54+00:00,dev_fingerprint_0618,192.168.176.200,"Delhi, IN",pm_tok_synthetic_00586,706,2,0,1,2,0,NONE
tx_legit_005111,usr_norm_0020,merch_razorpay_047,291.35,INR,2026-08-05T14:23:49+00:00,dev_fingerprint_0908,10.0.101.199,"Delhi, IN",pm_tok_synthetic_00330,359,2,0,1,1,0,NONE
tx_legit_002238,usr_norm_0001,merch_razorpay_011,234.84,INR,2026-08-05T14:26:31+00:00,dev_fingerprint_1309,192.168.191.141,"Pune, IN",pm_tok_synthetic_00087,81,2,0,1,1,0,NONE
tx_legit_008028,usr_norm_0748,merch_razorpay_023,1501.83,INR,2026-08-05T14:29:26+00:00,dev_fingerprint_0894,192.168.82.191,"Ahmedabad, IN",pm_tok_synthetic_01995,694,4,0,1,1,0,NONE
tx_legit_002442,usr_norm_0799,merch_razorpay_047,316.24,INR,2026-08-05T14:30:26+00:00,dev_fingerprint_0808,192.168.34.202,"Delhi, IN",pm_tok_synthetic_00142,544,1,0,1,2,0,NONE
tx_legit_001884,usr_norm_1732,merch_razorpay_010,161.76,INR,2026-08-05T14:30:41+00:00,dev_fingerprint_1777,192.168.59.58,"Delhi, IN",pm_tok_synthetic_01602,618,2,0,1,1,0,NONE
tx_legit_008203,usr_norm_1743,merch_razorpay_048,786.78,INR,2026-08-05T14:32:23+00:00,dev_fingerprint_1425,192.168.231.246,"Mumbai, IN",pm_tok_synthetic_00437,675,1,0,1,2,0,NONE
tx_legit_005523,usr_norm_1882,merch_razorpay_002,298.87,INR,2026-08-05T14:36:48+00:00,dev_fingerprint_0319,192.168.189.27,"Mumbai, IN",pm_tok_synthetic_02237,549,1,0,1,1,0,NONE
tx_legit_005806,usr_norm_0299,merch_razorpay_023,194.43,INR,2026-08-05T14:47:38+00:00,dev_fingerprint_0808,192.168.137.98,"Bengaluru, IN",pm_tok_synthetic_01413,821,2,0,1,1,0,NONE
tx_legit_002964,usr_norm_0217,merch_razorpay_042,593.44,INR,2026-08-05T14:51:29+00:00,dev_fingerprint_0841,192.168.71.198,"Pune, IN",pm_tok_synthetic_01677,873,1,0,1,1,0,NONE
tx_legit_006978,usr_norm_1043,merch_razorpay_014,996.78,INR,2026-08-05T14:56:50+00:00,dev_fingerprint_0767,192.168.122.172,"Mumbai, IN",pm_tok_synthetic_02083,486,1,0,3,1,0,NONE
tx_legit_007455,usr_norm_1595,merch_razorpay_014,536.9,INR,2026-08-05T14:58:49+00:00,dev_fingerprint_1665,192.168.161.25,"Pune, IN",pm_tok_synthetic_01387,583,1,0,2,3,0,NONE
tx_legit_000028,usr_norm_0272,merch_razorpay_024,721.41,INR,2026-08-05T15:00:30+00:00,dev_fingerprint_0671,10.0.102.176,"Kolkata, IN",pm_tok_synthetic_01304,196,1,0,2,1,0,NONE
tx_fraud_000541,usr_fraud_anomD_060,merch_razorpay_010,82062.24,INR,2026-08-05T15:00:32+00:00,dev_anomD_060,192.0.2.241,Unknown / VPN Node,pm_tok_anomD_060,4,13,5,2,2,1,BEHAVIORAL_ANOMALY
tx_legit_003811,usr_norm_0007,merch_razorpay_043,627.8,INR,2026-08-05T15:04:21+00:00,dev_fingerprint_0266,192.168.145.201,"Ahmedabad, IN",pm_tok_synthetic_01026,847,1,0,1,1,0,NONE
tx_legit_008415,usr_norm_0853,merch_razorpay_025,5330.31,INR,2026-08-05T15:14:06+00:00,dev_fingerprint_1386,192.168.247.192,"Chennai, IN",pm_tok_synthetic_01626,628,1,0,2,1,0,NONE
tx_legit_000170,usr_norm_1984,merch_razorpay_033,855.87,INR,2026-08-05T15:18:46+00:00,dev_fingerprint_0386,10.0.201.237,"Chennai, IN",pm_tok_synthetic_00285,891,1,0,2,1,0,NONE
tx_legit_004590,usr_norm_1499,merch_razorpay_025,1432.39,INR,2026-08-05T15:19:10+00:00,dev_fingerprint_0805,192.168.2.229,"Hyderabad, IN",pm_tok_synthetic_01324,491,1,0,3,1,0,NONE
tx_legit_001280,usr_norm_0589,merch_razorpay_021,995.52,INR,2026-08-05T15:23:24+00:00,dev_fingerprint_1864,10.0.63.78,"Delhi, IN",pm_tok_synthetic_01099,360,2,0,1,1,0,NONE
tx_legit_008398,usr_norm_0275,merch_razorpay_034,1168.77,INR,2026-08-05T15:24:42+00:00,dev_fingerprint_1003,192.168.167.114,"Pune, IN",pm_tok_synthetic_02305,336,1,0,1,1,0,NONE
tx_legit_007261,usr_norm_0905,merch_razorpay_007,268.08,INR,2026-08-05T15:29:56+00:00,dev_fingerprint_1311,192.168.181.78,"Hyderabad, IN",pm_tok_synthetic_02190,668,1,0,1,3,0,NONE
tx_legit_000998,usr_norm_0738,merch_razorpay_029,561.09,INR,2026-08-05T15:35:29+00:00,dev_fingerprint_0476,10.0.150.8,"Ahmedabad, IN",pm_tok_synthetic_00896,50,1,0,2,1,0,NONE
tx_legit_007651,usr_norm_1085,merch_razorpay_012,680.8,INR,2026-08-05T15:37:26+00:00,dev_fingerprint_1350,192.168.159.192,"Chennai, IN",pm_tok_synthetic_02392,186,1,0,1,1,0,NONE
tx_legit_008021,usr_norm_0608,merch_razorpay_005,208.51,INR,2026-08-05T15:38:53+00:00,dev_fingerprint_1943,192.168.111.202,"Ahmedabad, IN",pm_tok_synthetic_00365,778,3,0,1,3,0,NONE
tx_legit_001868,usr_norm_1396,merch_razorpay_031,267.03,INR,2026-08-05T15:42:08+00:00,dev_fingerprint_0988,192.168.120.222,"Ahmedabad, IN",pm_tok_synthetic_01999,875,2,0,1,2,0,NONE
tx_legit_004608,usr_norm_0481,merch_razorpay_029,263.89,INR,2026-08-05T15:45:13+00:00,dev_fingerprint_0129,192.168.201.122,"Chennai, IN",pm_tok_synthetic_01780,312,1,0,1,3,0,NONE
tx_legit_002343,usr_norm_0610,merch_razorpay_030,1117.54,INR,2026-08-05T15:57:48+00:00,dev_fingerprint_0612,192.168.43.68,"Bengaluru, IN",pm_tok_synthetic_01567,822,1,0,1,2,0,NONE
tx_legit_003786,usr_norm_1159,merch_razorpay_003,383.38,INR,2026-08-05T16:02:29+00:00,dev_fingerprint_1225,192.168.176.200,"Chennai, IN",pm_tok_synthetic_02227,448,1,0,1,1,0,NONE
tx_legit_001264,usr_norm_0534,merch_razorpay_027,845.48,INR,2026-08-05T16:02:39+00:00,dev_fingerprint_1441,10.0.54.82,"Mumbai, IN",pm_tok_synthetic_00256,621,1,1,1,1,0,NONE
tx_legit_007364,usr_norm_0578,merch_razorpay_011,298.29,INR,2026-08-05T16:02:56+00:00,dev_fingerprint_0659,192.168.192.24,"Mumbai, IN",pm_tok_synthetic_01013,809,2,0,1,1,0,NONE
tx_legit_002085,usr_norm_1928,merch_razorpay_036,645.68,INR,2026-08-05T16:04:21+00:00,dev_fingerprint_0944,192.168.13.234,"Ahmedabad, IN",pm_tok_synthetic_00554,395,1,0,1,2,0,NONE
tx_legit_001152,usr_norm_1418,merch_razorpay_012,898.31,INR,2026-08-05T16:08:15+00:00,dev_fingerprint_1261,10.0.222.57,"Delhi, IN",pm_tok_synthetic_02147,282,1,0,1,1,0,NONE
tx_legit_004967,usr_norm_0464,merch_razorpay_018,855.37,INR,2026-08-05T16:29:21+00:00,dev_fingerprint_0778,192.168.24.194,"Mumbai, IN",pm_tok_synthetic_01209,847,1,0,1,1,0,NONE
tx_legit_003721,usr_norm_0096,merch_razorpay_022,280.09,INR,2026-08-05T16:38:24+00:00,dev_fingerprint_1188,192.168.46.188,"Delhi, IN",pm_tok_synthetic_00168,490,1,0,1,2,0,NONE
tx_legit_004061,usr_norm_1703,merch_razorpay_000,1105.94,INR,2026-08-05T16:46:32+00:00,dev_fingerprint_1382,192.168.4.142,"Delhi, IN",pm_tok_synthetic_00990,781,1,0,2,1,0,NONE
tx_legit_002887,usr_norm_1753,merch_razorpay_000,863.52,INR,2026-08-05T16:49:23+00:00,dev_fingerprint_0433,192.168.4.185,"Delhi, IN",pm_tok_synthetic_02142,499,2,0,1,2,0,NONE
tx_legit_003656,usr_norm_0234,merch_razorpay_025,1131.13,INR,2026-08-05T16:52:12+00:00,dev_fingerprint_1333,192.168.40.49,"Bengaluru, IN",pm_tok_synthetic_02343,456,1,1,1,2,0,NONE
tx_legit_007533,usr_norm_1177,merch_razorpay_009,961.92,INR,2026-08-05T16:56:49+00:00,dev_fingerprint_1427,192.168.153.192,"Ahmedabad, IN",pm_tok_synthetic_00213,194,1,0,1,1,0,NONE
tx_legit_002515,usr_norm_1746,merch_razorpay_031,757.12,INR,2026-08-05T17:10:23+00:00,dev_fingerprint_0073,192.168.4.249,"Ahmedabad, IN",pm_tok_synthetic_00103,767,1,0,1,3,0,NONE
tx_legit_008390,usr_norm_0170,merch_razorpay_032,748.29,INR,2026-08-05T17:13:17+00:00,dev_fingerprint_0980,192.168.14.65,"Pune, IN",pm_tok_synthetic_00746,860,1,0,1,1,0,NONE
tx_legit_003809,usr_norm_1578,merch_razorpay_027,482.94,INR,2026-08-05T17:13:47+00:00,dev_fingerprint_0201,10.0.5.78,"Delhi, IN",pm_tok_synthetic_02114,722,1,0,1,2,0,NONE
tx_legit_004428,usr_norm_0770,merch_razorpay_025,745.79,INR,2026-08-05T17:13:54+00:00,dev_fingerprint_0041,192.168.208.64,"Delhi, IN",pm_tok_synthetic_01069,137,1,0,2,1,0,NONE
tx_legit_007919,usr_norm_1972,merch_razorpay_043,1293.9,INR,2026-08-05T17:17:07+00:00,dev_fingerprint_1449,192.168.57.125,"Chennai, IN",pm_tok_synthetic_01501,744,1,0,1,1,0,NONE
tx_legit_006044,usr_norm_0528,merch_razorpay_003,249.2,INR,2026-08-05T17:18:59+00:00,dev_fingerprint_1146,10.0.204.25,"Delhi, IN",pm_tok_synthetic_01892,267,1,0,1,1,0,NONE
tx_fraud_000623,usr_fraud_anomD_142,merch_razorpay_043,56133.48,INR,2026-08-05T17:20:52+00:00,dev_anomD_142,192.0.2.21,Unknown / VPN Node,pm_tok_anomD_142,10,15,5,3,2,1,BEHAVIORAL_ANOMALY
tx_legit_003105,usr_norm_0607,merch_razorpay_003,618.52,INR,2026-08-05T17:22:03+00:00,dev_fingerprint_1884,192.168.251.195,"Bengaluru, IN",pm_tok_synthetic_01956,102,1,0,1,1,0,NONE
tx_legit_003321,usr_norm_0160,merch_razorpay_041,1328.58,INR,2026-08-05T17:26:20+00:00,dev_fingerprint_1368,192.168.24.194,"Delhi, IN",pm_tok_synthetic_02144,399,1,0,1,4,0,NONE
tx_legit_000231,usr_norm_1622,merch_razorpay_028,770.18,INR,2026-08-05T17:31:58+00:00,dev_fingerprint_1708,192.168.53.172,"Delhi, IN",pm_tok_synthetic_00708,708,1,0,1,2,0,NONE
tx_legit_002798,usr_norm_1979,merch_razorpay_025,1291.78,INR,2026-08-05T17:31:58+00:00,dev_fingerprint_0590,192.168.158.207,"Hyderabad, IN",pm_tok_synthetic_00166,114,2,0,1,1,0,NONE
tx_legit_000637,usr_norm_0469,merch_razorpay_022,534.26,INR,2026-08-05T17:36:31+00:00,dev_fingerprint_1642,192.168.71.113,"Ahmedabad, IN",pm_tok_synthetic_01474,809,4,0,1,1,0,NONE
tx_legit_004378,usr_norm_0114,merch_razorpay_028,836.07,INR,2026-08-05T17:42:46+00:00,dev_fingerprint_1144,192.168.174.192,"Ahmedabad, IN",pm_tok_synthetic_01345,862,1,1,1,1,0,NONE
tx_legit_003411,usr_norm_1428,merch_razorpay_012,505.16,INR,2026-08-05T17:44:11+00:00,dev_fingerprint_1491,192.168.66.171,"Ahmedabad, IN",pm_tok_synthetic_01077,145,1,0,1,1,0,NONE
tx_legit_004162,usr_norm_1911,merch_razorpay_006,208.49,INR,2026-08-05T17:49:29+00:00,dev_fingerprint_0358,192.168.167.70,"Kolkata, IN",pm_tok_synthetic_01892,757,1,0,1,1,0,NONE
tx_legit_001668,usr_norm_0633,merch_razorpay_044,189.56,INR,2026-08-05T18:01:01+00:00,dev_fingerprint_1611,10.0.174.10,"Hyderabad, IN",pm_tok_synthetic_01630,548,2,0,1,1,0,NONE
tx_legit_002245,usr_norm_0490,merch_razorpay_043,343.8,INR,2026-08-05T18:05:11+00:00,dev_fingerprint_0615,192.168.202.180,"Mumbai, IN",pm_tok_synthetic_02470,741,1,0,1,1,0,NONE
tx_legit_006057,usr_norm_1725,merch_razorpay_045,663.47,INR,2026-08-05T18:08:29+00:00,dev_fingerprint_1007,192.168.196.46,"Pune, IN",pm_tok_synthetic_00589,583,3,0,1,1,0,NONE
tx_legit_000856,usr_norm_1136,merch_razorpay_043,533.82,INR,2026-08-05T18:16:42+00:00,dev_fingerprint_0830,192.168.180.117,"Mumbai, IN",pm_tok_synthetic_02308,682,1,1,1,1,0,NONE
tx_legit_007994,usr_norm_0362,merch_razorpay_019,187.88,INR,2026-08-05T18:19:56+00:00,dev_fingerprint_0277,192.168.131.192,"Delhi, IN",pm_tok_synthetic_01721,413,2,0,1,1,0,NONE
tx_legit_002328,usr_norm_0659,merch_razorpay_037,560.98,INR,2026-08-05T18:21:31+00:00,dev_fingerprint_0784,192.168.251.102,"Mumbai, IN",pm_tok_synthetic_00614,213,1,0,3,1,0,NONE
tx_legit_007680,usr_norm_1196,merch_razorpay_034,162.17,INR,2026-08-05T18:22:58+00:00,dev_fingerprint_0712,192.168.112.89,"Delhi, IN",pm_tok_synthetic_01132,261,1,0,1,4,0,NONE
tx_legit_003078,usr_norm_0192,merch_razorpay_028,2615.3,INR,2026-08-05T18:30:37+00:00,dev_fingerprint_1050,192.168.248.152,"Mumbai, IN",pm_tok_synthetic_00655,61,1,0,1,1,0,NONE
tx_legit_006227,usr_norm_1731,merch_razorpay_049,679.38,INR,2026-08-05T18:31:16+00:00,dev_fingerprint_1361,192.168.231.246,"Mumbai, IN",pm_tok_synthetic_01091,185,1,0,1,2,0,NONE
tx_legit_000391,usr_norm_0920,merch_razorpay_021,891.0,INR,2026-08-05T18:33:16+00:00,dev_fingerprint_0328,10.0.103.74,"Ahmedabad, IN",pm_tok_synthetic_02245,538,1,0,3,1,0,NONE
tx_legit_005827,usr_norm_1321,merch_razorpay_019,373.12,INR,2026-08-05T18:40:39+00:00,dev_fingerprint_0324,192.168.113.88,"Chennai, IN",pm_tok_synthetic_00172,792,1,0,2,1,0,NONE
tx_legit_002558,usr_norm_1505,merch_razorpay_018,356.19,INR,2026-08-05T18:40:48+00:00,dev_fingerprint_0920,192.168.211.17,"Bengaluru, IN",pm_tok_synthetic_01486,117,1,0,1,1,0,NONE
tx_legit_006853,usr_norm_1515,merch_razorpay_045,889.64,INR,2026-08-05T18:51:21+00:00,dev_fingerprint_0939,192.168.98.72,"Pune, IN",pm_tok_synthetic_02042,586,1,0,1,2,0,NONE
tx_legit_008006,usr_norm_0537,merch_razorpay_008,413.08,INR,2026-08-05T18:52:09+00:00,dev_fingerprint_0233,192.168.170.27,"Chennai, IN",pm_tok_synthetic_02004,570,2,1,1,4,0,NONE
tx_legit_004120,usr_norm_0759,merch_razorpay_007,806.02,INR,2026-08-05T18:52:14+00:00,dev_fingerprint_0343,192.168.19.148,"Hyderabad, IN",pm_tok_synthetic_00363,871,1,0,2,1,0,NONE
tx_legit_008730,usr_norm_1331,merch_razorpay_007,331.11,INR,2026-08-05T18:56:21+00:00,dev_fingerprint_0183,192.168.68.34,"Chennai, IN",pm_tok_synthetic_00645,541,1,0,1,3,0,NONE
tx_legit_008047,usr_norm_1061,merch_razorpay_030,570.92,INR,2026-08-05T19:01:37+00:00,dev_fingerprint_1029,192.168.185.225,"Bengaluru, IN",pm_tok_synthetic_01187,835,1,0,1,1,0,NONE
tx_legit_005636,usr_norm_1700,merch_razorpay_031,378.47,INR,2026-08-05T19:09:07+00:00,dev_fingerprint_1600,192.168.41.19,"Delhi, IN",pm_tok_synthetic_01116,373,4,0,1,1,0,NONE
tx_legit_008599,usr_norm_0236,merch_razorpay_001,307.02,INR,2026-08-05T19:20:57+00:00,dev_fingerprint_1284,192.168.166.88,"Ahmedabad, IN",pm_tok_synthetic_01186,687,1,0,1,2,0,NONE
tx_legit_000996,usr_norm_0858,merch_razorpay_002,301.07,INR,2026-08-05T19:35:45+00:00,dev_fingerprint_0665,192.168.164.247,"Hyderabad, IN",pm_tok_synthetic_01134,297,1,0,1,1,0,NONE
tx_legit_000234,usr_norm_0333,merch_razorpay_044,846.06,INR,2026-08-05T19:36:20+00:00,dev_fingerprint_0618,192.168.62.185,"Kolkata, IN",pm_tok_synthetic_02346,41,4,0,1,2,0,NONE
tx_legit_007949,usr_norm_0324,merch_razorpay_028,378.83,INR,2026-08-05T19:38:29+00:00,dev_fingerprint_0939,192.168.98.116,"Hyderabad, IN",pm_tok_synthetic_01053,765,1,0,1,2,0,NONE
tx_legit_006928,usr_norm_1727,merch_razorpay_043,242.4,INR,2026-08-05T19:38:44+00:00,dev_fingerprint_1465,192.168.3.171,"Pune, IN",pm_tok_synthetic_00423,65,1,0,1,3,0,NONE
tx_legit_009170,usr_norm_1921,merch_razorpay_013,863.69,INR,2026-08-05T19:41:23+00:00,dev_fingerprint_0244,192.168.236.154,"Delhi, IN",pm_tok_synthetic_01135,534,1,0,1,1,0,NONE
tx_legit_008727,usr_norm_0863,merch_razorpay_033,1157.09,INR,2026-08-05T19:43:58+00:00,dev_fingerprint_1018,192.168.79.94,"Chennai, IN",pm_tok_synthetic_01062,458,1,0,2,1,0,NONE
tx_legit_003400,usr_norm_1643,merch_razorpay_027,404.75,INR,2026-08-05T19:58:45+00:00,dev_fingerprint_0481,192.168.185.229,"Chennai, IN",pm_tok_synthetic_02417,433,2,0,1,3,0,NONE
tx_legit_005911,usr_norm_0021,merch_razorpay_030,883.23,INR,2026-08-05T20:10:37+00:00,dev_fingerprint_1245,192.168.133.116,"Chennai, IN",pm_tok_synthetic_00269,159,1,0,1,1,0,NONE
tx_legit_007036,usr_norm_1236,merch_razorpay_047,333.95,INR,2026-08-05T20:11:04+00:00,dev_fingerprint_0702,192.168.81.170,"Ahmedabad, IN",pm_tok_synthetic_00753,540,1,0,1,2,0,NONE
tx_legit_005411,usr_norm_0298,merch_razorpay_021,286.87,INR,2026-08-05T20:12:30+00:00,dev_fingerprint_0249,192.168.125.55,"Mumbai, IN",pm_tok_synthetic_02224,418,1,0,1,3,0,NONE
tx_legit_001463,usr_norm_0079,merch_razorpay_028,555.61,INR,2026-08-05T20:17:06+00:00,dev_fingerprint_0344,192.168.68.36,"Ahmedabad, IN",pm_tok_synthetic_02090,678,2,0,2,1,0,NONE
tx_legit_002786,usr_norm_1433,merch_razorpay_016,597.88,INR,2026-08-05T20:17:42+00:00,dev_fingerprint_1101,192.168.76.56,"Bengaluru, IN",pm_tok_synthetic_00834,589,1,0,2,1,0,NONE
tx_fraud_000448,usr_fraud_reuseC_007,merch_razorpay_008,6945.12,INR,2026-08-05T20:20:08+00:00,dev_reuseC_021,198.51.100.198,"Chennai, IN",pm_tok_stolen_C_001,4,7,2,3,6,1,PAYMENT_REF_REUSE
tx_legit_003041,usr_norm_1451,merch_razorpay_029,671.9,INR,2026-08-05T20:21:35+00:00,dev_fingerprint_0720,10.0.181.214,"Bengaluru, IN",pm_tok_synthetic_01238,271,1,0,1,1,0,NONE
tx_legit_005206,usr_norm_0066,merch_razorpay_041,1501.79,INR,2026-08-05T20:23:33+00:00,dev_fingerprint_1090,10.0.61.124,"Bengaluru, IN",pm_tok_synthetic_00942,542,2,0,1,1,0,NONE
tx_legit_000282,usr_norm_1346,merch_razorpay_012,476.75,INR,2026-08-05T20:31:52+00:00,dev_fingerprint_0605,192.168.245.82,"Ahmedabad, IN",pm_tok_synthetic_01078,584,3,0,1,1,0,NONE
tx_legit_008740,usr_norm_0221,merch_razorpay_021,857.91,INR,2026-08-05T20:34:48+00:00,dev_fingerprint_1129,192.168.145.243,"Pune, IN",pm_tok_synthetic_02407,216,2,0,2,2,0,NONE
tx_legit_000428,usr_norm_0430,merch_razorpay_032,384.37,INR,2026-08-05T20:35:07+00:00,dev_fingerprint_1909,192.168.57.115,"Bengaluru, IN",pm_tok_synthetic_00027,574,1,1,1,1,0,NONE
tx_fraud_000368,usr_fraud_reuseC_007,merch_razorpay_020,20693.89,INR,2026-08-05T20:41:11+00:00,dev_reuseC_020,198.51.100.106,"Hyderabad, IN",pm_tok_stolen_C_001,0,4,2,4,3,1,PAYMENT_REF_REUSE
tx_legit_007305,usr_norm_0356,merch_razorpay_022,1447.95,INR,2026-08-05T20:44:00+00:00,dev_fingerprint_0044,192.168.86.24,"Delhi, IN",pm_tok_synthetic_01042,866,2,0,1,1,0,NONE
tx_legit_000366,usr_norm_1205,merch_razorpay_000,427.58,INR,2026-08-05T20:45:01+00:00,dev_fingerprint_1665,192.168.241.244,"Delhi, IN",pm_tok_synthetic_01879,727,1,0,1,1,0,NONE
tx_legit_002925,usr_norm_0456,merch_razorpay_047,746.57,INR,2026-08-05T20:46:45+00:00,dev_fingerprint_1625,192.168.106.12,"Delhi, IN",pm_tok_synthetic_00321,542,1,1,1,1,0,NONE
tx_legit_003548,usr_norm_1863,merch_razorpay_005,1410.5,INR,2026-08-05T20:51:24+00:00,dev_fingerprint_1064,192.168.153.203,"Mumbai, IN",pm_tok_synthetic_01375,451,3,0,1,1,0,NONE
tx_legit_004292,usr_norm_1583,merch_razorpay_008,654.75,INR,2026-08-05T20:51:38+00:00,dev_fingerprint_0956,192.168.185.197,"Delhi, IN",pm_tok_synthetic_00188,135,1,0,3,1,0,NONE
tx_legit_007280,usr_norm_1342,merch_razorpay_018,1012.7,INR,2026-08-05T20:54:43+00:00,dev_fingerprint_1160,192.168.237.20,"Hyderabad, IN",pm_tok_synthetic_02226,386,1,0,1,1,0,NONE
tx_legit_005479,usr_norm_1656,merch_razorpay_000,363.27,INR,2026-08-05T20:57:34+00:00,dev_fingerprint_1130,10.0.157.37,"Pune, IN",pm_tok_synthetic_01843,423,1,0,1,2,0,NONE
tx_legit_003086,usr_norm_0436,merch_razorpay_048,991.66,INR,2026-08-05T20:59:13+00:00,dev_fingerprint_0304,192.168.77.118,"Hyderabad, IN",pm_tok_synthetic_00786,664,1,0,2,1,0,NONE
tx_legit_006569,usr_norm_1839,merch_razorpay_043,98.29,INR,2026-08-05T21:10:32+00:00,dev_fingerprint_1381,192.168.171.236,"Delhi, IN",pm_tok_synthetic_00211,143,1,0,3,1,0,NONE
tx_legit_008625,usr_norm_1900,merch_razorpay_047,1333.39,INR,2026-08-05T21:20:01+00:00,dev_fingerprint_0706,192.168.131.30,"Delhi, IN",pm_tok_synthetic_01261,486,1,0,1,1,0,NONE
tx_legit_007161,usr_norm_0949,merch_razorpay_023,321.76,INR,2026-08-05T21:20:14+00:00,dev_fingerprint_1371,192.168.169.102,"Bengaluru, IN",pm_tok_synthetic_01385,561,1,0,1,4,0,NONE
tx_legit_005538,usr_norm_1060,merch_razorpay_032,1080.08,INR,2026-08-05T21:20:37+00:00,dev_fingerprint_1199,192.168.26.98,"Bengaluru, IN",pm_tok_synthetic_00297,396,2,0,1,2,0,NONE
tx_legit_007690,usr_norm_0793,merch_razorpay_048,751.42,INR,2026-08-05T21:21:59+00:00,dev_fingerprint_1426,192.168.74.181,"Pune, IN",pm_tok_synthetic_00396,117,1,0,1,2,0,NONE
tx_legit_000188,usr_norm_0372,merch_razorpay_013,341.5,INR,2026-08-05T21:23:45+00:00,dev_fingerprint_0386,192.168.144.84,"Chennai, IN",pm_tok_synthetic_00462,62,1,0,1,1,0,NONE
tx_legit_009189,usr_norm_0099,merch_razorpay_004,301.56,INR,2026-08-05T21:24:11+00:00,dev_fingerprint_0126,192.168.36.39,"Hyderabad, IN",pm_tok_synthetic_00423,860,2,1,2,1,0,NONE
tx_legit_006668,usr_norm_0725,merch_razorpay_016,347.82,INR,2026-08-05T21:24:22+00:00,dev_fingerprint_1222,192.168.219.136,"Ahmedabad, IN",pm_tok_synthetic_00120,860,1,0,1,1,0,NONE
tx_legit_008241,usr_norm_1070,merch_razorpay_036,543.65,INR,2026-08-05T21:28:11+00:00,dev_fingerprint_0252,192.168.59.198,"Hyderabad, IN",pm_tok_synthetic_00020,616,1,0,2,1,0,NONE
tx_legit_006863,usr_norm_1300,merch_razorpay_031,464.8,INR,2026-08-05T21:28:41+00:00,dev_fingerprint_0550,192.168.168.177,"Hyderabad, IN",pm_tok_synthetic_00770,100,2,0,1,1,0,NONE
tx_legit_005215,usr_norm_0594,merch_razorpay_015,260.17,INR,2026-08-05T21:29:10+00:00,dev_fingerprint_1993,10.0.124.11,"Chennai, IN",pm_tok_synthetic_00647,481,1,0,1,3,0,NONE
tx_legit_008495,usr_norm_0652,merch_razorpay_020,257.18,INR,2026-08-05T21:41:17+00:00,dev_fingerprint_0157,10.0.40.108,"Delhi, IN",pm_tok_synthetic_01864,553,1,0,2,1,0,NONE
tx_legit_002948,usr_norm_0666,merch_razorpay_036,440.03,INR,2026-08-05T21:49:22+00:00,dev_fingerprint_0952,192.168.51.99,"Kolkata, IN",pm_tok_synthetic_01156,822,3,0,1,2,0,NONE
tx_legit_008635,usr_norm_1018,merch_razorpay_048,275.21,INR,2026-08-05T22:03:19+00:00,dev_fingerprint_0461,10.0.119.6,"Chennai, IN",pm_tok_synthetic_01506,803,1,0,2,1,0,NONE
tx_legit_008424,usr_norm_0158,merch_razorpay_009,590.87,INR,2026-08-05T22:05:31+00:00,dev_fingerprint_0879,192.168.7.190,"Hyderabad, IN",pm_tok_synthetic_01445,276,2,0,1,1,0,NONE
tx_legit_004356,usr_norm_0164,merch_razorpay_011,548.75,INR,2026-08-05T22:06:19+00:00,dev_fingerprint_1301,10.0.116.107,"Ahmedabad, IN",pm_tok_synthetic_01529,289,1,0,1,2,0,NONE
tx_legit_000375,usr_norm_1963,merch_razorpay_006,864.84,INR,2026-08-05T22:08:43+00:00,dev_fingerprint_1591,192.168.131.30,"Ahmedabad, IN",pm_tok_synthetic_00119,122,1,0,1,1,0,NONE
tx_fraud_000434,usr_fraud_reuseC_013,merch_razorpay_048,21279.75,INR,2026-08-05T22:10:53+00:00,dev_reuseC_020,198.51.100.111,"Hyderabad, IN",pm_tok_stolen_C_005,5,8,2,4,3,1,PAYMENT_REF_REUSE
tx_fraud_000349,usr_fraud_reuseC_008,merch_razorpay_025,8635.15,INR,2026-08-05T22:13:48+00:00,dev_reuseC_011,198.51.100.138,"Hyderabad, IN",pm_tok_stolen_C_001,3,9,3,3,2,1,PAYMENT_REF_REUSE
tx_legit_002112,usr_norm_1638,merch_razorpay_035,669.73,INR,2026-08-05T22:15:08+00:00,dev_fingerprint_1193,192.168.109.9,"Hyderabad, IN",pm_tok_synthetic_02090,443,1,0,1,1,0,NONE
tx_legit_001025,usr_norm_0716,merch_razorpay_026,272.34,INR,2026-08-05T22:19:20+00:00,dev_fingerprint_0604,192.168.193.244,"Delhi, IN",pm_tok_synthetic_01687,593,1,0,1,4,0,NONE
tx_legit_005863,usr_norm_1819,merch_razorpay_042,722.92,INR,2026-08-05T22:22:28+00:00,dev_fingerprint_1211,192.168.243.10,"Hyderabad, IN",pm_tok_synthetic_00610,617,1,0,1,1,0,NONE
tx_legit_001461,usr_norm_0321,merch_razorpay_029,2311.32,INR,2026-08-05T22:22:41+00:00,dev_fingerprint_1112,192.168.42.247,"Hyderabad, IN",pm_tok_synthetic_02023,167,1,0,1,3,0,NONE
tx_legit_009031,usr_norm_1146,merch_razorpay_007,504.11,INR,2026-08-05T22:24:26+00:00,dev_fingerprint_0033,192.168.100.68,"Pune, IN",pm_tok_synthetic_02141,546,1,0,1,1,0,NONE
tx_legit_000825,usr_norm_1918,merch_razorpay_031,1129.33,INR,2026-08-05T22:30:30+00:00,dev_fingerprint_0537,192.168.54.175,"Chennai, IN",pm_tok_synthetic_01935,157,2,0,1,1,0,NONE
tx_legit_001705,usr_norm_0017,merch_razorpay_010,1509.74,INR,2026-08-05T22:48:32+00:00,dev_fingerprint_1317,192.168.56.114,"Ahmedabad, IN",pm_tok_synthetic_00127,92,1,0,1,2,0,NONE
tx_legit_008905,usr_norm_1721,merch_razorpay_042,1062.94,INR,2026-08-05T22:49:26+00:00,dev_fingerprint_0127,192.168.74.54,"Pune, IN",pm_tok_synthetic_01591,370,4,0,1,2,0,NONE
tx_legit_003067,usr_norm_1470,merch_razorpay_043,605.99,INR,2026-08-05T22:49:40+00:00,dev_fingerprint_0621,10.0.81.172,"Pune, IN",pm_tok_synthetic_01121,185,1,0,1,1,0,NONE
tx_legit_008251,usr_norm_0516,merch_razorpay_036,1443.01,INR,2026-08-05T22:53:23+00:00,dev_fingerprint_1391,10.0.203.1,"Ahmedabad, IN",pm_tok_synthetic_02049,184,1,0,1,2,0,NONE
tx_fraud_000501,usr_fraud_anomD_020,merch_razorpay_010,71114.24,INR,2026-08-05T22:58:05+00:00,dev_anomD_020,192.0.2.203,Unknown / VPN Node,pm_tok_anomD_020,5,13,5,1,3,1,BEHAVIORAL_ANOMALY
tx_legit_001826,usr_norm_0518,merch_razorpay_002,780.73,INR,2026-08-05T23:04:46+00:00,dev_fingerprint_0605,192.168.198.227,"Bengaluru, IN",pm_tok_synthetic_00351,148,1,0,1,1,0,NONE
tx_legit_007888,usr_norm_1755,merch_razorpay_004,188.68,INR,2026-08-05T23:08:00+00:00,dev_fingerprint_1186,10.0.117.184,"Pune, IN",pm_tok_synthetic_00295,67,4,0,1,1,0,NONE
tx_legit_002504,usr_norm_0995,merch_razorpay_001,1188.61,INR,2026-08-05T23:10:12+00:00,dev_fingerprint_1436,192.168.108.211,"Chennai, IN",pm_tok_synthetic_01285,758,1,0,1,1,0,NONE
tx_legit_004386,usr_norm_1082,merch_razorpay_032,718.43,INR,2026-08-05T23:14:41+00:00,dev_fingerprint_1921,192.168.240.67,"Ahmedabad, IN",pm_tok_synthetic_00409,321,2,0,1,1,0,NONE
tx_legit_002169,usr_norm_1847,merch_razorpay_042,626.33,INR,2026-08-05T23:18:57+00:00,dev_fingerprint_0722,192.168.188.34,"Hyderabad, IN",pm_tok_synthetic_01095,545,1,0,1,2,0,NONE
tx_legit_008352,usr_norm_1125,merch_razorpay_001,1140.08,INR,2026-08-05T23:20:17+00:00,dev_fingerprint_1317,10.0.54.197,"Pune, IN",pm_tok_synthetic_00866,183,1,0,1,4,0,NONE
tx_legit_003504,usr_norm_1981,merch_razorpay_030,325.48,INR,2026-08-05T23:23:00+00:00,dev_fingerprint_0580,192.168.139.120,"Ahmedabad, IN",pm_tok_synthetic_01313,783,4,0,1,2,0,NONE
tx_legit_005760,usr_norm_1098,merch_razorpay_013,796.38,INR,2026-08-05T23:25:06+00:00,dev_fingerprint_1191,10.0.47.233,"Hyderabad, IN",pm_tok_synthetic_01659,817,3,0,1,4,0,NONE
tx_legit_002833,usr_norm_1277,merch_razorpay_000,1025.76,INR,2026-08-05T23:31:33+00:00,dev_fingerprint_1996,192.168.155.68,"Chennai, IN",pm_tok_synthetic_00143,709,1,0,1,2,0,NONE
tx_legit_002625,usr_norm_0247,merch_razorpay_049,684.43,INR,2026-08-05T23:36:20+00:00,dev_fingerprint_0198,10.0.123.104,"Bengaluru, IN",pm_tok_synthetic_01188,423,1,0,2,4,0,NONE
tx_legit_007079,usr_norm_0362,merch_razorpay_025,239.53,INR,2026-08-05T23:37:16+00:00,dev_fingerprint_0277,192.168.131.192,"Hyderabad, IN",pm_tok_synthetic_01721,413,1,0,1,1,0,NONE
tx_legit_004678,usr_norm_1927,merch_razorpay_001,352.3,INR,2026-08-05T23:54:31+00:00,dev_fingerprint_1191,192.168.98.70,"Hyderabad, IN",pm_tok_synthetic_00598,357,2,0,1,4,0,NONE
tx_fraud_000377,usr_fraud_reuseC_016,merch_razorpay_039,20406.65,INR,2026-08-05T23:54:46+00:00,dev_reuseC_005,198.51.100.113,"Chennai, IN",pm_tok_stolen_C_002,5,4,2,5,3,1,PAYMENT_REF_REUSE
tx_legit_003505,usr_norm_0896,merch_razorpay_043,662.88,INR,2026-08-05T23:55:24+00:00,dev_fingerprint_1205,192.168.159.192,"Kolkata, IN",pm_tok_synthetic_00684,96,1,2,1,2,0,NONE
tx_legit_001523,usr_norm_1021,merch_razorpay_033,609.79,INR,2026-08-05T23:58:41+00:00,dev_fingerprint_0919,192.168.26.16,"Kolkata, IN",pm_tok_synthetic_00305,221,1,0,1,1,0,NONE
tx_legit_004752,usr_norm_1140,merch_razorpay_048,1204.08,INR,2026-08-06T00:02:14+00:00,dev_fingerprint_0841,192.168.65.60,"Hyderabad, IN",pm_tok_synthetic_00584,843,3,0,1,1,0,NONE
tx_legit_000446,usr_norm_1283,merch_razorpay_044,735.31,INR,2026-08-06T00:03:43+00:00,dev_fingerprint_1072,192.168.145.243,"Ahmedabad, IN",pm_tok_synthetic_02186,347,1,0,2,3,0,NONE
tx_legit_002243,usr_norm_0592,merch_razorpay_004,547.89,INR,2026-08-06T00:09:09+00:00,dev_fingerprint_0703,10.0.171.55,"Kolkata, IN",pm_tok_synthetic_00198,77,1,0,2,1,0,NONE
tx_legit_004499,usr_norm_1140,merch_razorpay_044,350.72,INR,2026-08-06T00:10:32+00:00,dev_fingerprint_1943,192.168.65.60,"Kolkata, IN",pm_tok_synthetic_02487,843,2,0,1,2,0,NONE
tx_legit_000798,usr_norm_1852,merch_razorpay_028,509.71,INR,2026-08-06T00:14:26+00:00,dev_fingerprint_1091,192.168.76.84,"Delhi, IN",pm_tok_synthetic_01197,492,1,0,1,1,0,NONE
tx_legit_001906,usr_norm_0813,merch_razorpay_023,659.23,INR,2026-08-06T00:15:31+00:00,dev_fingerprint_0205,192.168.4.68,"Bengaluru, IN",pm_tok_synthetic_00432,606,1,1,1,1,0,NONE
tx_legit_004658,usr_norm_1559,merch_razorpay_040,606.68,INR,2026-08-06T00:17:30+00:00,dev_fingerprint_0686,192.168.179.6,"Bengaluru, IN",pm_tok_synthetic_01695,790,1,0,2,2,0,NONE
tx_legit_002679,usr_norm_1423,merch_razorpay_002,1339.28,INR,2026-08-06T00:19:24+00:00,dev_fingerprint_0705,192.168.95.122,"Pune, IN",pm_tok_synthetic_00099,818,1,0,1,1,0,NONE
tx_legit_008125,usr_norm_0023,merch_razorpay_017,230.46,INR,2026-08-06T00:20:07+00:00,dev_fingerprint_1458,192.168.57.52,"Delhi, IN",pm_tok_synthetic_01560,641,1,0,1,1,0,NONE
tx_legit_000241,usr_norm_1609,merch_razorpay_005,752.35,INR,2026-08-06T00:29:31+00:00,dev_fingerprint_0665,192.168.181.55,"Delhi, IN",pm_tok_synthetic_01996,60,1,1,1,1,0,NONE
tx_legit_008873,usr_norm_0697,merch_razorpay_033,432.94,INR,2026-08-06T00:29:43+00:00,dev_fingerprint_0186,192.168.112.163,"Chennai, IN",pm_tok_synthetic_01016,394,1,0,1,2,0,NONE
tx_legit_003882,usr_norm_0358,merch_razorpay_023,510.5,INR,2026-08-06T00:30:10+00:00,dev_fingerprint_0149,192.168.26.98,"Pune, IN",pm_tok_synthetic_01735,382,1,2,2,2,0,NONE
tx_legit_001692,usr_norm_1482,merch_razorpay_023,174.45,INR,2026-08-06T00:32:25+00:00,dev_fingerprint_0418,192.168.9.207,"Delhi, IN",pm_tok_synthetic_00725,479,1,0,1,1,0,NONE
tx_legit_004971,usr_norm_1037,merch_razorpay_010,798.72,INR,2026-08-06T00:36:02+00:00,dev_fingerprint_1985,192.168.139.10,"Bengaluru, IN",pm_tok_synthetic_00036,147,1,0,1,2,0,NONE
tx_legit_007372,usr_norm_1599,merch_razorpay_035,506.87,INR,2026-08-06T00:38:39+00:00,dev_fingerprint_0802,192.168.87.205,"Kolkata, IN",pm_tok_synthetic_02441,636,1,0,1,2,0,NONE
tx_legit_006832,usr_norm_1292,merch_razorpay_039,148.53,INR,2026-08-06T00:48:20+00:00,dev_fingerprint_0473,192.168.203.211,"Pune, IN",pm_tok_synthetic_00029,591,1,0,1,2,0,NONE
tx_legit_003456,usr_norm_0745,merch_razorpay_003,244.73,INR,2026-08-06T00:49:43+00:00,dev_fingerprint_0765,10.0.38.235,"Mumbai, IN",pm_tok_synthetic_01620,630,2,0,2,3,0,NONE
tx_fraud_000493,usr_fraud_anomD_012,merch_razorpay_012,65188.79,INR,2026-08-06T00:53:12+00:00,dev_anomD_012,192.0.2.162,Unknown / VPN Node,pm_tok_anomD_012,1,10,6,2,2,1,BEHAVIORAL_ANOMALY
tx_fraud_000049,usr_fraud_ringA_023,merch_razorpay_039,13828.41,INR,2026-08-06T01:07:45+00:00,dev_fraud_ring_A_4,198.51.100.54,"Pune, IN",pm_tok_ringA_002,14,11,2,10,4,1,DEVICE_SHARING_RING
tx_legit_001724,usr_norm_0085,merch_razorpay_026,634.95,INR,2026-08-06T01:10:03+00:00,dev_fingerprint_1286,10.0.85.88,"Hyderabad, IN",pm_tok_synthetic_01900,802,1,1,1,4,0,NONE
tx_legit_005857,usr_norm_1855,merch_razorpay_006,782.28,INR,2026-08-06T01:11:10+00:00,dev_fingerprint_0366,10.0.5.86,"Chennai, IN",pm_tok_synthetic_02066,141,1,0,1,1,0,NONE
tx_legit_005044,usr_norm_1804,merch_razorpay_014,906.67,INR,2026-08-06T01:12:08+00:00,dev_fingerprint_0931,192.168.104.187,"Bengaluru, IN",pm_tok_synthetic_01586,412,2,0,1,4,0,NONE
tx_legit_004257,usr_norm_0022,merch_razorpay_017,352.25,INR,2026-08-06T01:20:00+00:00,dev_fingerprint_0563,192.168.223.193,"Bengaluru, IN",pm_tok_synthetic_02397,591,1,2,1,1,0,NONE
tx_legit_002031,usr_norm_1725,merch_razorpay_036,427.1,INR,2026-08-06T01:20:48+00:00,dev_fingerprint_1007,192.168.196.46,"Delhi, IN",pm_tok_synthetic_00589,583,1,0,1,1,0,NONE
tx_legit_001490,usr_norm_1782,merch_razorpay_033,306.97,INR,2026-08-06T01:32:58+00:00,dev_fingerprint_0616,192.168.187.202,"Kolkata, IN",pm_tok_synthetic_01715,34,2,0,1,3,0,NONE
tx_legit_008208,usr_norm_1851,merch_razorpay_035,2927.93,INR,2026-08-06T01:48:53+00:00,dev_fingerprint_0251,192.168.245.214,"Pune, IN",pm_tok_synthetic_02178,724,1,0,1,2,0,NONE
tx_legit_006760,usr_norm_0065,merch_razorpay_012,1762.21,INR,2026-08-06T01:50:01+00:00,dev_fingerprint_0881,192.168.173.168,"Ahmedabad, IN",pm_tok_synthetic_00529,419,2,2,1,1,0,NONE
tx_legit_008202,usr_norm_1463,merch_razorpay_012,728.59,INR,2026-08-06T01:51:07+00:00,dev_fingerprint_0632,192.168.78.180,"Delhi, IN",pm_tok_synthetic_00597,168,3,0,1,1,0,NONE
tx_legit_007397,usr_norm_0464,merch_razorpay_039,661.25,INR,2026-08-06T01:59:52+00:00,dev_fingerprint_0778,192.168.24.194,"Bengaluru, IN",pm_tok_synthetic_01209,847,1,0,1,1,0,NONE
tx_legit_006529,usr_norm_0820,merch_razorpay_036,178.2,INR,2026-08-06T02:02:01+00:00,dev_fingerprint_0810,192.168.185.197,"Ahmedabad, IN",pm_tok_synthetic_01357,737,1,0,1,2,0,NONE
tx_legit_003576,usr_norm_1872,merch_razorpay_038,732.94,INR,2026-08-06T02:02:46+00:00,dev_fingerprint_1900,192.168.110.144,"Chennai, IN",pm_tok_synthetic_00746,209,3,0,2,3,0,NONE
tx_legit_002391,usr_norm_0168,merch_razorpay_026,231.24,INR,2026-08-06T02:05:16+00:00,dev_fingerprint_0090,10.0.65.115,"Pune, IN",pm_tok_synthetic_02236,376,1,0,1,1,0,NONE
tx_legit_003618,usr_norm_1103,merch_razorpay_032,615.27,INR,2026-08-06T02:12:11+00:00,dev_fingerprint_1929,192.168.33.33,"Mumbai, IN",pm_tok_synthetic_01903,543,1,1,2,1,0,NONE
tx_legit_004452,usr_norm_0940,merch_razorpay_036,251.52,INR,2026-08-06T02:14:10+00:00,dev_fingerprint_0326,192.168.41.117,"Pune, IN",pm_tok_synthetic_01704,634,1,0,1,1,0,NONE
tx_legit_007404,usr_norm_1813,merch_razorpay_032,362.62,INR,2026-08-06T02:19:11+00:00,dev_fingerprint_1132,192.168.206.120,"Hyderabad, IN",pm_tok_synthetic_00940,118,1,0,1,1,0,NONE
tx_fraud_000416,usr_fraud_reuseC_015,merch_razorpay_020,19556.24,INR,2026-08-06T02:23:04+00:00,dev_reuseC_018,198.51.100.131,"Ahmedabad, IN",pm_tok_stolen_C_002,2,7,2,3,5,1,PAYMENT_REF_REUSE
tx_legit_006945,usr_norm_1245,merch_razorpay_049,1325.92,INR,2026-08-06T02:32:52+00:00,dev_fingerprint_0275,192.168.232.161,"Kolkata, IN",pm_tok_synthetic_02117,576,2,0,1,1,0,NONE
tx_fraud_000038,usr_fraud_ringA_012,merch_razorpay_020,14629.05,INR,2026-08-06T02:33:21+00:00,dev_fraud_ring_A_1,198.51.100.77,"Delhi, IN",pm_tok_ringA_002,7,12,1,15,2,1,DEVICE_SHARING_RING
tx_legit_002883,usr_norm_0047,merch_razorpay_031,609.38,INR,2026-08-06T02:35:07+00:00,dev_fingerprint_1841,192.168.229.140,"Pune, IN",pm_tok_synthetic_00743,176,1,0,1,2,0,NONE
tx_legit_004724,usr_norm_1949,merch_razorpay_049,1720.6,INR,2026-08-06T02:36:58+00:00,dev_fingerprint_1071,192.168.142.38,"Delhi, IN",pm_tok_synthetic_01401,206,1,0,1,1,0,NONE
tx_legit_007766,usr_norm_0883,merch_razorpay_026,1687.8,INR,2026-08-06T02:39:32+00:00,dev_fingerprint_0369,192.168.222.39,"Bengaluru, IN",pm_tok_synthetic_00331,529,1,0,1,1,0,NONE
tx_legit_003122,usr_norm_0145,merch_razorpay_009,383.37,INR,2026-08-06T02:55:04+00:00,dev_fingerprint_0202,192.168.96.111,"Ahmedabad, IN",pm_tok_synthetic_01373,840,1,0,1,2,0,NONE
tx_legit_003900,usr_norm_0376,merch_razorpay_005,779.15,INR,2026-08-06T03:03:05+00:00,dev_fingerprint_1440,192.168.251.213,"Ahmedabad, IN",pm_tok_synthetic_00199,280,1,0,2,1,0,NONE
tx_legit_000836,usr_norm_0022,merch_razorpay_016,885.99,INR,2026-08-06T03:13:42+00:00,dev_fingerprint_0563,192.168.223.193,"Delhi, IN",pm_tok_synthetic_02397,591,1,0,1,2,0,NONE
tx_legit_004579,usr_norm_1042,merch_razorpay_042,190.9,INR,2026-08-06T03:24:37+00:00,dev_fingerprint_1482,192.168.68.42,"Chennai, IN",pm_tok_synthetic_00101,559,2,0,1,1,0,NONE
tx_legit_002248,usr_norm_0036,merch_razorpay_021,511.06,INR,2026-08-06T03:26:36+00:00,dev_fingerprint_0250,192.168.127.103,"Hyderabad, IN",pm_tok_synthetic_01448,711,2,0,2,1,0,NONE
tx_legit_004125,usr_norm_1279,merch_razorpay_034,481.57,INR,2026-08-06T03:37:18+00:00,dev_fingerprint_0956,192.168.243.218,"Bengaluru, IN",pm_tok_synthetic_02214,308,1,0,2,2,0,NONE
tx_legit_007104,usr_norm_1744,merch_razorpay_041,654.86,INR,2026-08-06T03:37:19+00:00,dev_fingerprint_1410,192.168.185.241,"Ahmedabad, IN",pm_tok_synthetic_01992,116,1,0,1,3,0,NONE
tx_legit_006519,usr_norm_1651,merch_razorpay_010,943.99,INR,2026-08-06T03:45:48+00:00,dev_fingerprint_1477,192.168.91.57,"Delhi, IN",pm_tok_synthetic_01993,703,1,0,1,2,0,NONE
tx_legit_007470,usr_norm_1726,merch_razorpay_036,893.24,INR,2026-08-06T03:48:35+00:00,dev_fingerprint_0883,192.168.129.236,"Pune, IN",pm_tok_synthetic_00435,482,1,0,2,1,0,NONE
tx_legit_003342,usr_norm_1289,merch_razorpay_024,470.77,INR,2026-08-06T03:48:43+00:00,dev_fingerprint_1095,192.168.109.9,"Bengaluru, IN",pm_tok_synthetic_02014,803,1,0,1,1,0,NONE
tx_legit_003755,usr_norm_1808,merch_razorpay_008,966.94,INR,2026-08-06T03:53:25+00:00,dev_fingerprint_1164,192.168.164.177,"Pune, IN",pm_tok_synthetic_01149,169,1,0,1,1,0,NONE
tx_legit_000197,usr_norm_1671,merch_razorpay_017,2061.11,INR,2026-08-06T04:00:53+00:00,dev_fingerprint_0960,192.168.125.55,"Delhi, IN",pm_tok_synthetic_01357,461,1,0,2,1,0,NONE
tx_legit_001430,usr_norm_0823,merch_razorpay_028,451.54,INR,2026-08-06T04:04:18+00:00,dev_fingerprint_0620,192.168.208.46,"Chennai, IN",pm_tok_synthetic_01148,893,1,0,1,3,0,NONE
tx_legit_005305,usr_norm_0111,merch_razorpay_033,201.83,INR,2026-08-06T04:05:49+00:00,dev_fingerprint_0289,10.0.148.193,"Mumbai, IN",pm_tok_synthetic_01432,347,1,1,1,1,0,NONE
tx_legit_003664,usr_norm_0428,merch_razorpay_018,578.81,INR,2026-08-06T04:12:06+00:00,dev_fingerprint_0933,192.168.33.50,"Pune, IN",pm_tok_synthetic_00247,662,1,0,1,3,0,NONE
tx_legit_003251,usr_norm_0218,merch_razorpay_039,827.75,INR,2026-08-06T04:13:45+00:00,dev_fingerprint_1177,192.168.102.227,"Chennai, IN",pm_tok_synthetic_00513,354,2,0,3,3,0,NONE
tx_legit_008952,usr_norm_0889,merch_razorpay_046,708.78,INR,2026-08-06T04:16:16+00:00,dev_fingerprint_0878,192.168.114.244,"Bengaluru, IN",pm_tok_synthetic_01955,422,1,0,1,1,0,NONE
tx_legit_008481,usr_norm_0724,merch_razorpay_043,361.85,INR,2026-08-06T04:19:33+00:00,dev_fingerprint_0553,192.168.221.28,"Mumbai, IN",pm_tok_synthetic_00106,356,2,0,1,1,0,NONE
tx_legit_000016,usr_norm_1652,merch_razorpay_047,961.77,INR,2026-08-06T04:26:50+00:00,dev_fingerprint_0894,192.168.243.218,"Hyderabad, IN",pm_tok_synthetic_00556,116,1,1,1,1,0,NONE
tx_legit_007192,usr_norm_1491,merch_razorpay_033,123.28,INR,2026-08-06T04:29:07+00:00,dev_fingerprint_0793,192.168.243.56,"Delhi, IN",pm_tok_synthetic_00201,224,1,0,1,2,0,NONE
tx_legit_002978,usr_norm_0260,merch_razorpay_036,252.13,INR,2026-08-06T04:29:37+00:00,dev_fingerprint_0092,192.168.51.38,"Kolkata, IN",pm_tok_synthetic_00209,613,1,0,1,2,0,NONE
tx_legit_000620,usr_norm_1540,merch_razorpay_017,921.22,INR,2026-08-06T04:32:13+00:00,dev_fingerprint_1659,10.0.108.24,"Mumbai, IN",pm_tok_synthetic_00531,659,1,0,1,2,0,NONE
tx_legit_007106,usr_norm_1742,merch_razorpay_002,114.84,INR,2026-08-06T04:33:48+00:00,dev_fingerprint_0786,192.168.62.45,"Chennai, IN",pm_tok_synthetic_00782,336,1,0,1,2,0,NONE
tx_legit_008237,usr_norm_1077,merch_razorpay_014,374.63,INR,2026-08-06T04:33:49+00:00,dev_fingerprint_1374,192.168.247.10,"Chennai, IN",pm_tok_synthetic_02323,85,2,0,1,2,0,NONE
tx_legit_006715,usr_norm_0014,merch_razorpay_016,739.28,INR,2026-08-06T04:36:45+00:00,dev_fingerprint_1215,192.168.196.46,"Pune, IN",pm_tok_synthetic_01851,545,1,0,1,2,0,NONE
tx_fraud_000329,usr_fraud_reuseC_008,merch_razorpay_014,6377.54,INR,2026-08-06T04:37:32+00:00,dev_reuseC_007,198.51.100.120,"Chennai, IN",pm_tok_stolen_C_005,4,7,1,5,3,1,PAYMENT_REF_REUSE
tx_legit_000765,usr_norm_1842,merch_razorpay_043,357.27,INR,2026-08-06T04:40:27+00:00,dev_fingerprint_1327,192.168.199.124,"Hyderabad, IN",pm_tok_synthetic_00274,604,2,0,1,2,0,NONE
tx_legit_003953,usr_norm_1647,merch_razorpay_010,829.15,INR,2026-08-06T04:40:37+00:00,dev_fingerprint_0385,192.168.134.248,"Mumbai, IN",pm_tok_synthetic_01575,893,1,0,2,2,0,NONE
tx_fraud_000381,usr_fraud_reuseC_000,merch_razorpay_039,5461.54,INR,2026-08-06T04:45:35+00:00,dev_reuseC_009,198.51.100.133,"Pune, IN",pm_tok_stolen_C_002,0,5,0,4,6,1,PAYMENT_REF_REUSE
tx_legit_001045,usr_norm_1183,merch_razorpay_004,217.25,INR,2026-08-06T04:49:24+00:00,dev_fingerprint_1257,192.168.26.243,"Hyderabad, IN",pm_tok_synthetic_02134,323,1,0,1,2,0,NONE
tx_legit_005221,usr_norm_0829,merch_razorpay_033,314.18,INR,2026-08-06T04:54:07+00:00,dev_fingerprint_0992,192.168.70.107,"Pune, IN",pm_tok_synthetic_02115,412,1,0,1,2,0,NONE
tx_legit_003174,usr_norm_1942,merch_razorpay_022,328.9,INR,2026-08-06T05:00:28+00:00,dev_fingerprint_0385,192.168.254.170,"Hyderabad, IN",pm_tok_synthetic_02288,658,1,0,1,1,0,NONE
tx_legit_008273,usr_norm_0011,merch_razorpay_009,917.92,INR,2026-08-06T05:06:37+00:00,dev_fingerprint_0107,192.168.62.15,"Kolkata, IN",pm_tok_synthetic_01724,568,1,1,1,1,0,NONE
tx_legit_002288,usr_norm_0786,merch_razorpay_043,455.44,INR,2026-08-06T05:14:45+00:00,dev_fingerprint_0969,10.0.132.41,"Hyderabad, IN",pm_tok_synthetic_00183,345,1,0,1,2,0,NONE
tx_fraud_000512,usr_fraud_anomD_031,merch_razorpay_002,88203.28,INR,2026-08-06T05:32:03+00:00,dev_anomD_031,192.0.2.204,Unknown / VPN Node,pm_tok_anomD_031,8,12,3,2,1,1,BEHAVIORAL_ANOMALY
tx_legit_008405,usr_norm_0086,merch_razorpay_023,859.81,INR,2026-08-06T05:40:58+00:00,dev_fingerprint_1154,192.168.214.124,"Mumbai, IN",pm_tok_synthetic_02373,489,1,1,1,2,0,NONE
tx_legit_007683,usr_norm_0572,merch_razorpay_010,675.36,INR,2026-08-06T05:41:31+00:00,dev_fingerprint_0575,192.168.191.141,"Ahmedabad, IN",pm_tok_synthetic_02206,202,1,1,1,1,0,NONE
tx_legit_002192,usr_norm_0988,merch_razorpay_000,483.81,INR,2026-08-06T05:44:05+00:00,dev_fingerprint_1184,192.168.120.222,"Bengaluru, IN",pm_tok_synthetic_00525,136,2,0,1,3,0,NONE
tx_legit_002713,usr_norm_1750,merch_razorpay_048,503.63,INR,2026-08-06T05:48:19+00:00,dev_fingerprint_1916,192.168.61.219,"Pune, IN",pm_tok_synthetic_00067,67,1,0,1,1,0,NONE
tx_fraud_000459,usr_fraud_reuseC_018,merch_razorpay_034,11997.23,INR,2026-08-06T05:49:01+00:00,dev_reuseC_017,198.51.100.149,"Pune, IN",pm_tok_stolen_C_004,2,6,3,2,5,1,PAYMENT_REF_REUSE
tx_legit_006961,usr_norm_1283,merch_razorpay_048,115.13,INR,2026-08-06T05:50:22+00:00,dev_fingerprint_1072,192.168.145.243,"Pune, IN",pm_tok_synthetic_02186,347,3,0,1,1,0,NONE
tx_legit_006002,usr_norm_1287,merch_razorpay_028,89.02,INR,2026-08-06T05:51:55+00:00,dev_fingerprint_0021,192.168.164.29,"Bengaluru, IN",pm_tok_synthetic_02143,864,1,0,1,1,0,NONE
tx_legit_008546,usr_norm_0882,merch_razorpay_036,450.0,INR,2026-08-06T05:53:43+00:00,dev_fingerprint_0937,192.168.177.52,"Bengaluru, IN",pm_tok_synthetic_01295,762,1,0,2,1,0,NONE
tx_legit_002298,usr_norm_0686,merch_razorpay_043,181.38,INR,2026-08-06T05:59:34+00:00,dev_fingerprint_0597,192.168.77.239,"Chennai, IN",pm_tok_synthetic_01290,850,1,0,1,1,0,NONE
tx_legit_007446,usr_norm_0643,merch_razorpay_041,1039.03,INR,2026-08-06T06:07:32+00:00,dev_fingerprint_0928,192.168.135.153,"Bengaluru, IN",pm_tok_synthetic_02493,86,1,0,1,1,0,NONE
tx_legit_000785,usr_norm_0189,merch_razorpay_033,1406.19,INR,2026-08-06T06:14:03+00:00,dev_fingerprint_1488,10.0.129.209,"Kolkata, IN",pm_tok_synthetic_02184,659,1,0,1,2,0,NONE
tx_legit_006830,usr_norm_0304,merch_razorpay_010,1702.38,INR,2026-08-06T06:24:36+00:00,dev_fingerprint_1151,192.168.189.83,"Ahmedabad, IN",pm_tok_synthetic_01112,170,1,0,1,3,0,NONE
tx_legit_006045,usr_norm_0432,merch_razorpay_001,293.49,INR,2026-08-06T06:27:18+00:00,dev_fingerprint_1084,192.168.103.209,"Pune, IN",pm_tok_synthetic_01125,578,1,0,1,3,0,NONE
tx_legit_006437,usr_norm_0619,merch_razorpay_024,279.51,INR,2026-08-06T06:27:48+00:00,dev_fingerprint_0567,192.168.153.203,"Bengaluru, IN",pm_tok_synthetic_00345,284,3,0,1,2,0,NONE
tx_legit_003781,usr_norm_0288,merch_razorpay_016,671.96,INR,2026-08-06T06:32:22+00:00,dev_fingerprint_1489,192.168.176.84,"Pune, IN",pm_tok_synthetic_00565,561,1,0,1,1,0,NONE
tx_legit_003224,usr_norm_0794,merch_razorpay_017,490.91,INR,2026-08-06T06:37:02+00:00,dev_fingerprint_1368,192.168.247.252,"Ahmedabad, IN",pm_tok_synthetic_02217,453,1,0,1,2,0,NONE
tx_legit_006534,usr_norm_1234,merch_razorpay_041,408.95,INR,2026-08-06T06:41:29+00:00,dev_fingerprint_0531,192.168.237.20,"Hyderabad, IN",pm_tok_synthetic_02246,299,1,0,2,1,0,NONE
tx_legit_004518,usr_norm_0980,merch_razorpay_040,2767.78,INR,2026-08-06T06:42:32+00:00,dev_fingerprint_0936,192.168.159.18,"Mumbai, IN",pm_tok_synthetic_00780,763,1,0,2,1,0,NONE
tx_legit_005340,usr_norm_1330,merch_razorpay_012,489.08,INR,2026-08-06T06:45:53+00:00,dev_fingerprint_1221,192.168.19.182,"Chennai, IN",pm_tok_synthetic_01521,819,2,0,1,1,0,NONE
tx_legit_000999,usr_norm_0025,merch_razorpay_005,459.71,INR,2026-08-06T07:10:37+00:00,dev_fingerprint_1239,192.168.229.114,"Hyderabad, IN",pm_tok_synthetic_00406,842,1,0,1,2,0,NONE
tx_legit_002034,usr_norm_1238,merch_razorpay_029,118.23,INR,2026-08-06T07:13:15+00:00,dev_fingerprint_0762,10.0.183.160,"Bengaluru, IN",pm_tok_synthetic_01640,316,1,0,1,3,0,NONE
tx_legit_004342,usr_norm_0851,merch_razorpay_032,540.31,INR,2026-08-06T07:21:26+00:00,dev_fingerprint_1904,192.168.66.118,"Kolkata, IN",pm_tok_synthetic_01428,500,1,0,1,1,0,NONE
tx_legit_004760,usr_norm_1971,merch_razorpay_029,332.33,INR,2026-08-06T07:26:35+00:00,dev_fingerprint_1485,192.168.227.138,"Delhi, IN",pm_tok_synthetic_00876,546,4,0,1,2,0,NONE
tx_legit_008979,usr_norm_0863,merch_razorpay_042,200.65,INR,2026-08-06T07:28:34+00:00,dev_fingerprint_1018,192.168.79.94,"Mumbai, IN",pm_tok_synthetic_01062,458,1,0,1,1,0,NONE
tx_legit_006288,usr_norm_0481,merch_razorpay_019,285.5,INR,2026-08-06T07:31:13+00:00,dev_fingerprint_0129,192.168.201.122,"Pune, IN",pm_tok_synthetic_01780,312,1,0,1,1,0,NONE
tx_legit_005606,usr_norm_1553,merch_razorpay_025,333.79,INR,2026-08-06T08:00:31+00:00,dev_fingerprint_1404,192.168.222.18,"Ahmedabad, IN",pm_tok_synthetic_01398,435,4,0,1,3,0,NONE
tx_legit_007028,usr_norm_0608,merch_razorpay_047,1087.93,INR,2026-08-06T08:02:11+00:00,dev_fingerprint_0468,192.168.111.202,"Chennai, IN",pm_tok_synthetic_00365,778,1,0,1,2,0,NONE
tx_legit_000892,usr_norm_0077,merch_razorpay_027,1332.84,INR,2026-08-06T08:03:15+00:00,dev_fingerprint_0161,192.168.86.24,"Delhi, IN",pm_tok_synthetic_01270,793,2,0,1,1,0,NONE
tx_legit_005938,usr_norm_0648,merch_razorpay_011,537.19,INR,2026-08-06T08:23:42+00:00,dev_fingerprint_0761,192.168.62.15,"Delhi, IN",pm_tok_synthetic_01100,780,1,0,1,1,0,NONE
tx_legit_003484,usr_norm_0693,merch_razorpay_046,291.53,INR,2026-08-06T08:24:59+00:00,dev_fingerprint_0631,192.168.220.226,"Kolkata, IN",pm_tok_synthetic_01085,152,4,0,1,1,0,NONE
tx_legit_004876,usr_norm_0894,merch_razorpay_017,264.21,INR,2026-08-06T08:34:02+00:00,dev_fingerprint_1420,192.168.191.250,"Hyderabad, IN",pm_tok_synthetic_01410,349,3,0,2,1,0,NONE
tx_fraud_000376,usr_fraud_reuseC_015,merch_razorpay_012,7895.61,INR,2026-08-06T08:40:52+00:00,dev_reuseC_018,198.51.100.119,"Kolkata, IN",pm_tok_stolen_C_004,1,9,3,4,4,1,PAYMENT_REF_REUSE
tx_legit_005936,usr_norm_1035,merch_razorpay_025,533.22,INR,2026-08-06T08:57:19+00:00,dev_fingerprint_0679,192.168.50.103,"Pune, IN",pm_tok_synthetic_01477,330,1,1,1,1,0,NONE
tx_legit_004043,usr_norm_1843,merch_razorpay_044,475.99,INR,2026-08-06T09:06:16+00:00,dev_fingerprint_1452,192.168.211.1,"Hyderabad, IN",pm_tok_synthetic_00838,171,1,0,1,2,0,NONE
tx_legit_008600,usr_norm_1240,merch_razorpay_000,384.74,INR,2026-08-06T09:08:02+00:00,dev_fingerprint_1179,192.168.236.74,"Bengaluru, IN",pm_tok_synthetic_00936,863,4,0,2,3,0,NONE
tx_legit_001091,usr_norm_0859,merch_razorpay_042,365.03,INR,2026-08-06T09:12:16+00:00,dev_fingerprint_1977,192.168.112.163,"Mumbai, IN",pm_tok_synthetic_01223,222,2,0,1,1,0,NONE
tx_legit_002485,usr_norm_1502,merch_razorpay_002,467.7,INR,2026-08-06T09:18:16+00:00,dev_fingerprint_0184,192.168.226.18,"Chennai, IN",pm_tok_synthetic_01986,738,1,0,1,2,0,NONE
tx_legit_001627,usr_norm_0674,merch_razorpay_003,2624.61,INR,2026-08-06T09:25:28+00:00,dev_fingerprint_0048,10.0.100.253,"Bengaluru, IN",pm_tok_synthetic_02218,384,1,0,1,1,0,NONE
tx_legit_007392,usr_norm_1185,merch_razorpay_030,715.55,INR,2026-08-06T09:27:20+00:00,dev_fingerprint_0358,192.168.145.243,"Mumbai, IN",pm_tok_synthetic_02024,479,2,1,2,3,0,NONE
tx_fraud_000546,usr_fraud_anomD_065,merch_razorpay_033,64918.09,INR,2026-08-06T09:29:33+00:00,dev_anomD_065,192.0.2.32,Unknown / VPN Node,pm_tok_anomD_065,7,9,6,3,4,1,BEHAVIORAL_ANOMALY
tx_legit_007442,usr_norm_0202,merch_razorpay_005,501.5,INR,2026-08-06T09:39:40+00:00,dev_fingerprint_1676,192.168.114.173,"Pune, IN",pm_tok_synthetic_02300,150,2,0,1,1,0,NONE
tx_legit_005171,usr_norm_0838,merch_razorpay_049,669.66,INR,2026-08-06T09:45:36+00:00,dev_fingerprint_0253,192.168.37.19,"Bengaluru, IN",pm_tok_synthetic_00125,277,1,0,1,1,0,NONE
tx_legit_002041,usr_norm_1427,merch_razorpay_021,1240.63,INR,2026-08-06T09:47:20+00:00,dev_fingerprint_1403,10.0.146.171,"Hyderabad, IN",pm_tok_synthetic_00638,805,3,0,1,1,0,NONE
tx_legit_003356,usr_norm_1506,merch_razorpay_025,2009.26,INR,2026-08-06T09:48:47+00:00,dev_fingerprint_1072,192.168.121.133,"Bengaluru, IN",pm_tok_synthetic_01573,774,1,0,1,3,0,NONE
tx_legit_004497,usr_norm_0326,merch_razorpay_009,502.66,INR,2026-08-06T09:49:19+00:00,dev_fingerprint_0604,192.168.193.119,"Kolkata, IN",pm_tok_synthetic_00791,209,2,0,1,2,0,NONE
tx_legit_004773,usr_norm_1120,merch_razorpay_032,390.02,INR,2026-08-06T09:51:01+00:00,dev_fingerprint_0515,192.168.174.192,"Chennai, IN",pm_tok_synthetic_00912,558,1,0,1,2,0,NONE
tx_legit_000454,usr_norm_0994,merch_razorpay_048,1112.58,INR,2026-08-06T09:53:03+00:00,dev_fingerprint_0845,192.168.31.185,"Delhi, IN",pm_tok_synthetic_02098,336,1,0,1,2,0,NONE
tx_legit_007737,usr_norm_1688,merch_razorpay_025,412.17,INR,2026-08-06T09:53:09+00:00,dev_fingerprint_0845,192.168.203.219,"Pune, IN",pm_tok_synthetic_01569,273,2,0,1,3,0,NONE
tx_legit_003102,usr_norm_0342,merch_razorpay_037,226.81,INR,2026-08-06T09:53:28+00:00,dev_fingerprint_1124,192.168.192.223,"Kolkata, IN",pm_tok_synthetic_01928,805,1,0,1,1,0,NONE
tx_legit_006059,usr_norm_1652,merch_razorpay_041,546.97,INR,2026-08-06T09:55:31+00:00,dev_fingerprint_0894,192.168.243.218,"Bengaluru, IN",pm_tok_synthetic_00556,116,1,0,1,1,0,NONE
tx_legit_003742,usr_norm_1776,merch_razorpay_018,326.23,INR,2026-08-06T10:02:46+00:00,dev_fingerprint_0852,192.168.154.11,"Hyderabad, IN",pm_tok_synthetic_01949,738,1,0,2,2,0,NONE
tx_legit_004225,usr_norm_0455,merch_razorpay_004,766.1,INR,2026-08-06T10:07:02+00:00,dev_fingerprint_1694,192.168.50.103,"Mumbai, IN",pm_tok_synthetic_01572,803,1,0,1,2,0,NONE
tx_legit_006242,usr_norm_0779,merch_razorpay_032,560.69,INR,2026-08-06T10:09:22+00:00,dev_fingerprint_1352,192.168.164.251,"Ahmedabad, IN",pm_tok_synthetic_01218,273,1,0,2,2,0,NONE
tx_legit_004850,usr_norm_0440,merch_razorpay_008,633.54,INR,2026-08-06T10:09:56+00:00,dev_fingerprint_0462,192.168.54.175,"Chennai, IN",pm_tok_synthetic_00330,699,1,0,1,1,0,NONE
tx_legit_006369,usr_norm_0089,merch_razorpay_015,448.3,INR,2026-08-06T10:12:37+00:00,dev_fingerprint_0647,192.168.87.6,"Kolkata, IN",pm_tok_synthetic_01801,99,2,0,1,2,0,NONE
tx_legit_005507,usr_norm_0333,merch_razorpay_018,1155.29,INR,2026-08-06T10:13:45+00:00,dev_fingerprint_0618,10.0.2.231,"Kolkata, IN",pm_tok_synthetic_02346,41,1,0,1,2,0,NONE
tx_legit_001000,usr_norm_0967,merch_razorpay_011,1772.68,INR,2026-08-06T10:20:36+00:00,dev_fingerprint_1151,192.168.179.246,"Bengaluru, IN",pm_tok_synthetic_01868,379,4,0,1,2,0,NONE
tx_legit_007437,usr_norm_1012,merch_razorpay_003,242.7,INR,2026-08-06T10:24:42+00:00,dev_fingerprint_1325,192.168.212.188,"Kolkata, IN",pm_tok_synthetic_01592,273,2,0,1,1,0,NONE
tx_legit_007514,usr_norm_1261,merch_razorpay_013,117.18,INR,2026-08-06T10:31:40+00:00,dev_fingerprint_1292,192.168.73.252,"Delhi, IN",pm_tok_synthetic_02341,444,1,0,1,2,0,NONE
tx_legit_008003,usr_norm_0576,merch_razorpay_042,318.29,INR,2026-08-06T10:33:05+00:00,dev_fingerprint_0567,192.168.219.124,"Kolkata, IN",pm_tok_synthetic_00519,748,2,0,3,1,0,NONE
tx_legit_004997,usr_norm_1894,merch_razorpay_012,834.96,INR,2026-08-06T10:39:12+00:00,dev_fingerprint_0912,192.168.30.140,"Ahmedabad, IN",pm_tok_synthetic_00357,554,1,1,1,1,0,NONE
tx_legit_007087,usr_norm_1476,merch_razorpay_023,438.19,INR,2026-08-06T10:41:20+00:00,dev_fingerprint_1028,192.168.223.98,"Ahmedabad, IN",pm_tok_synthetic_02476,510,1,1,1,1,0,NONE
tx_legit_005277,usr_norm_1850,merch_razorpay_003,770.87,INR,2026-08-06T10:41:24+00:00,dev_fingerprint_0995,192.168.21.121,"Chennai, IN",pm_tok_synthetic_02157,879,2,0,1,2,0,NONE
tx_legit_006855,usr_norm_1996,merch_razorpay_005,961.5,INR,2026-08-06T10:42:16+00:00,dev_fingerprint_0974,192.168.9.60,"Bengaluru, IN",pm_tok_synthetic_02470,444,1,0,1,1,0,NONE
tx_legit_006755,usr_norm_0800,merch_razorpay_025,545.27,INR,2026-08-06T10:45:57+00:00,dev_fingerprint_1169,192.168.192.107,"Bengaluru, IN",pm_tok_synthetic_02116,849,1,0,2,1,0,NONE
tx_legit_008743,usr_norm_1542,merch_razorpay_034,382.66,INR,2026-08-06T10:48:56+00:00,dev_fingerprint_1294,192.168.98.72,"Ahmedabad, IN",pm_tok_synthetic_02017,857,1,0,1,1,0,NONE
tx_legit_006833,usr_norm_0892,merch_razorpay_028,559.49,INR,2026-08-06T10:50:25+00:00,dev_fingerprint_1087,192.168.13.167,"Kolkata, IN",pm_tok_synthetic_00073,722,2,0,1,1,0,NONE
tx_legit_006611,usr_norm_1527,merch_razorpay_018,457.75,INR,2026-08-06T10:54:13+00:00,dev_fingerprint_1376,192.168.142.181,"Pune, IN",pm_tok_synthetic_02436,616,1,1,1,1,0,NONE
tx_legit_006970,usr_norm_1749,merch_razorpay_011,279.36,INR,2026-08-06T11:03:59+00:00,dev_fingerprint_1844,192.168.213.108,"Mumbai, IN",pm_tok_synthetic_02187,884,1,0,1,3,0,NONE
tx_legit_002229,usr_norm_1660,merch_razorpay_008,540.61,INR,2026-08-06T11:04:27+00:00,dev_fingerprint_1765,192.168.138.32,"Kolkata, IN",pm_tok_synthetic_01323,620,2,0,1,3,0,NONE
tx_legit_004594,usr_norm_0839,merch_razorpay_004,668.05,INR,2026-08-06T11:08:00+00:00,dev_fingerprint_0762,192.168.7.22,"Chennai, IN",pm_tok_synthetic_00800,486,1,0,1,1,0,NONE
tx_legit_007966,usr_norm_0035,merch_razorpay_000,566.91,INR,2026-08-06T11:15:15+00:00,dev_fingerprint_1150,10.0.217.3,"Chennai, IN",pm_tok_synthetic_01350,716,1,0,1,1,0,NONE
tx_legit_006541,usr_norm_1684,merch_razorpay_022,539.07,INR,2026-08-06T11:15:18+00:00,dev_fingerprint_0359,192.168.77.239,"Chennai, IN",pm_tok_synthetic_00967,526,1,0,1,1,0,NONE
tx_legit_005054,usr_norm_1754,merch_razorpay_009,1451.66,INR,2026-08-06T11:17:38+00:00,dev_fingerprint_1388,192.168.76.180,"Chennai, IN",pm_tok_synthetic_02197,182,2,0,1,1,0,NONE
tx_legit_000735,usr_norm_0424,merch_razorpay_029,681.56,INR,2026-08-06T11:18:58+00:00,dev_fingerprint_0152,10.0.237.180,"Delhi, IN",pm_tok_synthetic_01679,812,1,0,2,1,0,NONE
tx_legit_005349,usr_norm_0161,merch_razorpay_032,1126.87,INR,2026-08-06T11:22:06+00:00,dev_fingerprint_0138,192.168.179.243,"Pune, IN",pm_tok_synthetic_02154,587,1,0,1,2,0,NONE
tx_legit_005612,usr_norm_0931,merch_razorpay_038,854.8,INR,2026-08-06T11:36:29+00:00,dev_fingerprint_0237,192.168.142.221,"Delhi, IN",pm_tok_synthetic_00187,39,1,0,1,2,0,NONE
tx_legit_004173,usr_norm_1319,merch_razorpay_023,1152.78,INR,2026-08-06T11:39:08+00:00,dev_fingerprint_1914,192.168.143.170,"Ahmedabad, IN",pm_tok_synthetic_01936,428,3,0,1,2,0,NONE
tx_legit_006531,usr_norm_0805,merch_razorpay_022,935.47,INR,2026-08-06T11:46:08+00:00,dev_fingerprint_1284,10.0.199.145,"Kolkata, IN",pm_tok_synthetic_02437,294,1,0,1,1,0,NONE
tx_legit_001065,usr_norm_0406,merch_razorpay_016,407.19,INR,2026-08-06T11:48:31+00:00,dev_fingerprint_0490,192.168.118.182,"Chennai, IN",pm_tok_synthetic_01317,824,2,0,1,2,0,NONE
tx_legit_002426,usr_norm_1462,merch_razorpay_015,477.99,INR,2026-08-06T12:02:02+00:00,dev_fingerprint_1400,192.168.33.129,"Bengaluru, IN",pm_tok_synthetic_00828,171,1,0,1,1,0,NONE
tx_legit_000233,usr_norm_1328,merch_razorpay_034,554.71,INR,2026-08-06T12:05:50+00:00,dev_fingerprint_1711,192.168.86.24,"Kolkata, IN",pm_tok_synthetic_00995,39,2,0,1,1,0,NONE
tx_legit_004369,usr_norm_0462,merch_razorpay_046,1285.24,INR,2026-08-06T12:13:41+00:00,dev_fingerprint_1132,192.168.211.119,"Chennai, IN",pm_tok_synthetic_01537,472,1,0,1,3,0,NONE
tx_legit_003554,usr_norm_0703,merch_razorpay_024,350.91,INR,2026-08-06T12:16:31+00:00,dev_fingerprint_0024,192.168.176.84,"Chennai, IN",pm_tok_synthetic_00910,163,1,0,1,1,0,NONE
tx_legit_006942,usr_norm_1493,merch_razorpay_049,889.36,INR,2026-08-06T12:17:31+00:00,dev_fingerprint_0585,192.168.150.243,"Hyderabad, IN",pm_tok_synthetic_00681,462,1,0,2,1,0,NONE
tx_legit_001966,usr_norm_0234,merch_razorpay_004,4263.9,INR,2026-08-06T12:22:54+00:00,dev_fingerprint_1500,192.168.40.49,"Kolkata, IN",pm_tok_synthetic_02343,456,1,0,1,2,0,NONE
tx_legit_001568,usr_norm_1700,merch_razorpay_021,471.17,INR,2026-08-06T12:24:37+00:00,dev_fingerprint_1335,192.168.41.19,"Delhi, IN",pm_tok_synthetic_01116,373,2,0,1,1,0,NONE
tx_legit_006510,usr_norm_1573,merch_razorpay_039,345.03,INR,2026-08-06T12:25:06+00:00,dev_fingerprint_0766,192.168.239.83,"Bengaluru, IN",pm_tok_synthetic_00153,826,1,0,1,1,0,NONE
tx_legit_007047,usr_norm_0675,merch_razorpay_042,799.9,INR,2026-08-06T12:25:16+00:00,dev_fingerprint_1302,10.0.253.225,"Hyderabad, IN",pm_tok_synthetic_00039,373,1,0,1,3,0,NONE
tx_legit_004814,usr_norm_1934,merch_razorpay_004,470.34,INR,2026-08-06T12:25:40+00:00,dev_fingerprint_0342,192.168.170.95,"Chennai, IN",pm_tok_synthetic_01321,353,1,0,1,2,0,NONE
tx_legit_001790,usr_norm_0025,merch_razorpay_033,1299.76,INR,2026-08-06T12:26:14+00:00,dev_fingerprint_1239,192.168.229.114,"Pune, IN",pm_tok_synthetic_00406,842,1,0,1,1,0,NONE
tx_legit_005096,usr_norm_0121,merch_razorpay_033,1043.63,INR,2026-08-06T12:26:35+00:00,dev_fingerprint_0207,192.168.246.167,"Mumbai, IN",pm_tok_synthetic_02210,885,1,0,1,1,0,NONE
tx_legit_006452,usr_norm_0671,merch_razorpay_037,632.11,INR,2026-08-06T12:31:25+00:00,dev_fingerprint_1211,192.168.16.102,"Pune, IN",pm_tok_synthetic_00616,821,1,0,1,1,0,NONE
tx_legit_001739,usr_norm_0517,merch_razorpay_009,577.63,INR,2026-08-06T12:38:55+00:00,dev_fingerprint_0706,192.168.87.27,"Pune, IN",pm_tok_synthetic_01977,137,1,0,2,4,0,NONE
tx_legit_006105,usr_norm_1834,merch_razorpay_030,206.65,INR,2026-08-06T12:43:18+00:00,dev_fingerprint_1414,192.168.85.72,"Chennai, IN",pm_tok_synthetic_02174,63,1,0,1,1,0,NONE
tx_legit_007721,usr_norm_0771,merch_razorpay_044,355.37,INR,2026-08-06T12:53:07+00:00,dev_fingerprint_0151,192.168.249.67,"Hyderabad, IN",pm_tok_synthetic_00696,414,2,0,1,1,0,NONE
tx_fraud_000402,usr_fraud_reuseC_001,merch_razorpay_036,17429.23,INR,2026-08-06T12:58:15+00:00,dev_reuseC_015,198.51.100.182,"Kolkata, IN",pm_tok_stolen_C_001,3,4,0,4,4,1,PAYMENT_REF_REUSE
tx_legit_004783,usr_norm_1766,merch_razorpay_001,693.85,INR,2026-08-06T13:01:03+00:00,dev_fingerprint_0658,192.168.12.84,"Ahmedabad, IN",pm_tok_synthetic_00873,812,1,0,3,2,0,NONE
tx_legit_008192,usr_norm_1224,merch_razorpay_031,174.96,INR,2026-08-06T13:10:30+00:00,dev_fingerprint_1176,192.168.98.147,"Delhi, IN",pm_tok_synthetic_01125,532,2,1,1,2,0,NONE
tx_legit_003483,usr_norm_1519,merch_razorpay_023,1783.8,INR,2026-08-06T13:17:29+00:00,dev_fingerprint_1229,192.168.229.140,"Hyderabad, IN",pm_tok_synthetic_01002,590,1,0,1,1,0,NONE
tx_legit_004041,usr_norm_1473,merch_razorpay_014,407.64,INR,2026-08-06T13:25:25+00:00,dev_fingerprint_1161,192.168.73.252,"Mumbai, IN",pm_tok_synthetic_00945,640,2,0,1,2,0,NONE
tx_legit_004547,usr_norm_0121,merch_razorpay_040,232.28,INR,2026-08-06T13:33:50+00:00,dev_fingerprint_0207,10.0.189.112,"Pune, IN",pm_tok_synthetic_02210,885,1,0,1,3,0,NONE
tx_legit_003687,usr_norm_1678,merch_razorpay_012,594.56,INR,2026-08-06T13:33:59+00:00,dev_fingerprint_0992,10.0.214.135,"Delhi, IN",pm_tok_synthetic_00519,547,1,2,1,2,0,NONE
tx_legit_001381,usr_norm_1198,merch_razorpay_020,347.63,INR,2026-08-06T13:37:34+00:00,dev_fingerprint_0827,192.168.91.205,"Mumbai, IN",pm_tok_synthetic_00019,297,3,1,1,1,0,NONE
tx_legit_001601,usr_norm_1581,merch_razorpay_025,148.74,INR,2026-08-06T13:42:11+00:00,dev_fingerprint_0008,10.0.4.87,"Kolkata, IN",pm_tok_synthetic_00180,733,2,0,1,1,0,NONE
tx_legit_006691,usr_norm_0086,merch_razorpay_039,633.64,INR,2026-08-06T13:44:29+00:00,dev_fingerprint_1154,192.168.214.124,"Kolkata, IN",pm_tok_synthetic_02373,489,1,1,2,5,0,NONE
tx_legit_008715,usr_norm_1160,merch_razorpay_038,1341.62,INR,2026-08-06T13:46:42+00:00,dev_fingerprint_0527,10.0.9.116,"Hyderabad, IN",pm_tok_synthetic_00022,756,3,0,1,3,0,NONE
tx_legit_006958,usr_norm_1324,merch_razorpay_001,393.09,INR,2026-08-06T13:53:34+00:00,dev_fingerprint_0738,10.0.97.86,"Delhi, IN",pm_tok_synthetic_00213,712,2,0,1,1,0,NONE
tx_legit_007229,usr_norm_0336,merch_razorpay_032,163.61,INR,2026-08-06T13:58:55+00:00,dev_fingerprint_0628,192.168.19.132,"Bengaluru, IN",pm_tok_synthetic_01660,732,1,0,1,3,0,NONE
tx_legit_003472,usr_norm_1483,merch_razorpay_032,907.32,INR,2026-08-06T14:00:20+00:00,dev_fingerprint_1263,192.168.165.110,"Delhi, IN",pm_tok_synthetic_01330,498,1,0,1,2,0,NONE
tx_legit_004133,usr_norm_0205,merch_razorpay_010,799.27,INR,2026-08-06T14:00:49+00:00,dev_fingerprint_1005,192.168.232.16,"Pune, IN",pm_tok_synthetic_00502,168,1,0,1,1,0,NONE
tx_legit_005369,usr_norm_1363,merch_razorpay_022,1178.32,INR,2026-08-06T14:03:33+00:00,dev_fingerprint_1342,192.168.119.47,"Mumbai, IN",pm_tok_synthetic_00327,509,1,0,1,1,0,NONE
tx_legit_009103,usr_norm_1405,merch_razorpay_023,753.66,INR,2026-08-06T14:05:46+00:00,dev_fingerprint_0624,192.168.42.247,"Hyderabad, IN",pm_tok_synthetic_00168,356,2,0,1,3,0,NONE
tx_legit_006562,usr_norm_1906,merch_razorpay_006,641.7,INR,2026-08-06T14:07:10+00:00,dev_fingerprint_0176,192.168.183.80,"Hyderabad, IN",pm_tok_synthetic_00851,340,1,0,1,1,0,NONE
tx_legit_000734,usr_norm_1777,merch_razorpay_012,492.55,INR,2026-08-06T14:10:58+00:00,dev_fingerprint_0259,192.168.179.246,"Mumbai, IN",pm_tok_synthetic_00586,685,1,0,1,1,0,NONE
tx_legit_006473,usr_norm_1093,merch_razorpay_025,785.74,INR,2026-08-06T14:16:58+00:00,dev_fingerprint_0359,192.168.159.58,"Ahmedabad, IN",pm_tok_synthetic_02484,113,1,0,1,1,0,NONE
tx_legit_007607,usr_norm_1238,merch_razorpay_043,382.61,INR,2026-08-06T14:17:26+00:00,dev_fingerprint_1566,192.168.85.160,"Delhi, IN",pm_tok_synthetic_01640,316,2,0,1,1,0,NONE
tx_legit_003297,usr_norm_1549,merch_razorpay_043,137.61,INR,2026-08-06T14:29:28+00:00,dev_fingerprint_1305,192.168.248.15,"Chennai, IN",pm_tok_synthetic_00046,685,1,0,1,1,0,NONE
tx_legit_006335,usr_norm_1914,merch_razorpay_010,1007.43,INR,2026-08-06T14:37:23+00:00,dev_fingerprint_1134,192.168.35.222,"Hyderabad, IN",pm_tok_synthetic_00172,872,1,0,1,3,0,NONE
tx_legit_009015,usr_norm_0623,merch_razorpay_043,808.54,INR,2026-08-06T14:43:29+00:00,dev_fingerprint_1060,192.168.48.50,"Chennai, IN",pm_tok_synthetic_02087,223,2,0,1,2,0,NONE
tx_legit_005292,usr_norm_0472,merch_razorpay_004,444.95,INR,2026-08-06T14:44:08+00:00,dev_fingerprint_1136,192.168.160.40,"Hyderabad, IN",pm_tok_synthetic_01671,135,1,0,1,2,0,NONE
tx_legit_000148,usr_norm_1467,merch_razorpay_019,239.87,INR,2026-08-06T14:46:31+00:00,dev_fingerprint_0242,192.168.109.47,"Ahmedabad, IN",pm_tok_synthetic_01300,889,1,0,1,1,0,NONE
tx_legit_003180,usr_norm_1001,merch_razorpay_049,1506.96,INR,2026-08-06T14:49:28+00:00,dev_fingerprint_0236,192.168.251.121,"Ahmedabad, IN",pm_tok_synthetic_01442,605,1,0,3,2,0,NONE
tx_legit_004150,usr_norm_1291,merch_razorpay_044,87.5,INR,2026-08-06T14:53:04+00:00,dev_fingerprint_0881,192.168.39.127,"Hyderabad, IN",pm_tok_synthetic_01199,641,1,0,1,1,0,NONE
tx_legit_003793,usr_norm_1450,merch_razorpay_004,298.75,INR,2026-08-06T14:55:13+00:00,dev_fingerprint_0321,192.168.208.223,"Ahmedabad, IN",pm_tok_synthetic_01420,730,1,0,2,1,0,NONE
tx_legit_001277,usr_norm_1097,merch_razorpay_012,554.99,INR,2026-08-06T14:56:32+00:00,dev_fingerprint_1038,192.168.14.65,"Pune, IN",pm_tok_synthetic_00127,862,1,0,1,1,0,NONE
tx_legit_004054,usr_norm_1541,merch_razorpay_001,54.62,INR,2026-08-06T14:59:47+00:00,dev_fingerprint_1152,192.168.195.226,"Pune, IN",pm_tok_synthetic_02128,776,1,0,3,3,0,NONE
tx_legit_000608,usr_norm_1613,merch_razorpay_037,539.94,INR,2026-08-06T15:00:00+00:00,dev_fingerprint_1040,192.168.76.112,"Hyderabad, IN",pm_tok_synthetic_01661,867,2,1,1,2,0,NONE
tx_legit_007981,usr_norm_1362,merch_razorpay_043,449.63,INR,2026-08-06T15:01:45+00:00,dev_fingerprint_1470,192.168.225.184,"Bengaluru, IN",pm_tok_synthetic_00053,243,1,0,1,1,0,NONE
tx_legit_002829,usr_norm_0683,merch_razorpay_016,435.81,INR,2026-08-06T15:03:41+00:00,dev_fingerprint_0273,192.168.162.176,"Mumbai, IN",pm_tok_synthetic_01615,106,4,0,1,1,0,NONE
tx_legit_001815,usr_norm_1144,merch_razorpay_005,865.67,INR,2026-08-06T15:04:29+00:00,dev_fingerprint_1221,192.168.76.57,"Chennai, IN",pm_tok_synthetic_00281,265,1,0,1,1,0,NONE
tx_legit_008817,usr_norm_1329,merch_razorpay_046,422.32,INR,2026-08-06T15:04:44+00:00,dev_fingerprint_0086,192.168.49.22,"Delhi, IN",pm_tok_synthetic_01946,734,1,0,1,2,0,NONE
tx_fraud_000043,usr_fraud_ringA_017,merch_razorpay_006,10271.57,INR,2026-08-06T15:10:19+00:00,dev_fraud_ring_A_3,198.51.100.90,"Hyderabad, IN",pm_tok_ringA_007,7,10,4,17,2,1,DEVICE_SHARING_RING
tx_legit_008574,usr_norm_0820,merch_razorpay_032,503.34,INR,2026-08-06T15:12:47+00:00,dev_fingerprint_0810,10.0.43.176,"Chennai, IN",pm_tok_synthetic_01357,737,2,0,2,1,0,NONE
tx_legit_000550,usr_norm_0089,merch_razorpay_037,274.08,INR,2026-08-06T15:15:14+00:00,dev_fingerprint_0647,192.168.87.6,"Ahmedabad, IN",pm_tok_synthetic_01801,99,1,0,1,3,0,NONE
tx_legit_008783,usr_norm_1181,merch_razorpay_027,273.87,INR,2026-08-06T15:15:38+00:00,dev_fingerprint_0538,192.168.21.218,"Bengaluru, IN",pm_tok_synthetic_01518,111,1,0,1,2,0,NONE
tx_legit_001638,usr_norm_1181,merch_razorpay_017,1372.09,INR,2026-08-06T15:25:03+00:00,dev_fingerprint_0538,192.168.21.218,"Kolkata, IN",pm_tok_synthetic_01518,111,1,0,2,1,0,NONE
tx_legit_003703,usr_norm_0925,merch_razorpay_034,148.59,INR,2026-08-06T15:26:09+00:00,dev_fingerprint_0184,192.168.115.138,"Mumbai, IN",pm_tok_synthetic_02095,106,1,0,1,1,0,NONE
tx_legit_004819,usr_norm_1621,merch_razorpay_042,469.25,INR,2026-08-06T15:40:00+00:00,dev_fingerprint_0891,192.168.116.63,"Chennai, IN",pm_tok_synthetic_01401,587,2,0,1,2,0,NONE
tx_legit_006728,usr_norm_0067,merch_razorpay_004,415.43,INR,2026-08-06T15:42:23+00:00,dev_fingerprint_1144,192.168.114.43,"Pune, IN",pm_tok_synthetic_01450,103,1,0,2,1,0,NONE
tx_legit_004981,usr_norm_0187,merch_razorpay_034,228.8,INR,2026-08-06T15:42:58+00:00,dev_fingerprint_1469,192.168.171.136,"Bengaluru, IN",pm_tok_synthetic_01692,736,1,0,1,2,0,NONE
tx_legit_002938,usr_norm_1341,merch_razorpay_003,1010.12,INR,2026-08-06T15:46:38+00:00,dev_fingerprint_1111,192.168.155.65,"Mumbai, IN",pm_tok_synthetic_02007,224,1,0,1,4,0,NONE
tx_legit_003519,usr_norm_1906,merch_razorpay_030,589.52,INR,2026-08-06T15:51:37+00:00,dev_fingerprint_0176,192.168.183.80,"Kolkata, IN",pm_tok_synthetic_00851,340,1,0,2,2,0,NONE
tx_legit_008838,usr_norm_1620,merch_razorpay_015,428.09,INR,2026-08-06T16:00:11+00:00,dev_fingerprint_1421,192.168.104.178,"Mumbai, IN",pm_tok_synthetic_01765,833,1,0,1,1,0,NONE
tx_legit_001243,usr_norm_0428,merch_razorpay_011,266.22,INR,2026-08-06T16:00:58+00:00,dev_fingerprint_0933,192.168.33.50,"Pune, IN",pm_tok_synthetic_00247,662,2,0,1,1,0,NONE
tx_legit_003594,usr_norm_0039,merch_razorpay_034,470.7,INR,2026-08-06T16:12:48+00:00,dev_fingerprint_1183,192.168.246.167,"Bengaluru, IN",pm_tok_synthetic_00871,188,4,0,3,2,0,NONE
tx_legit_005006,usr_norm_0659,merch_razorpay_034,909.85,INR,2026-08-06T16:23:27+00:00,dev_fingerprint_0784,10.0.173.216,"Bengaluru, IN",pm_tok_synthetic_00614,213,3,0,1,1,0,NONE
tx_legit_001537,usr_norm_0000,merch_razorpay_002,696.26,INR,2026-08-06T16:23:37+00:00,dev_fingerprint_0187,192.168.41.1,"Chennai, IN",pm_tok_synthetic_00868,687,1,2,1,3,0,NONE
tx_legit_004697,usr_norm_0040,merch_razorpay_038,196.57,INR,2026-08-06T16:23:50+00:00,dev_fingerprint_1344,192.168.43.216,"Hyderabad, IN",pm_tok_synthetic_00918,897,1,0,1,1,0,NONE
tx_legit_006588,usr_norm_1976,merch_razorpay_003,767.39,INR,2026-08-06T16:25:40+00:00,dev_fingerprint_0834,192.168.216.164,"Mumbai, IN",pm_tok_synthetic_01287,156,3,0,1,2,0,NONE
tx_legit_008376,usr_norm_1886,merch_razorpay_021,697.32,INR,2026-08-06T16:27:19+00:00,dev_fingerprint_0905,192.168.252.216,"Kolkata, IN",pm_tok_synthetic_00460,779,2,0,1,1,0,NONE
tx_legit_006937,usr_norm_0506,merch_razorpay_037,630.43,INR,2026-08-06T16:27:39+00:00,dev_fingerprint_0075,192.168.106.12,"Bengaluru, IN",pm_tok_synthetic_01472,748,1,0,1,3,0,NONE
tx_legit_007120,usr_norm_1282,merch_razorpay_044,1103.55,INR,2026-08-06T16:28:15+00:00,dev_fingerprint_0935,192.168.14.65,"Delhi, IN",pm_tok_synthetic_02310,475,3,0,1,4,0,NONE
tx_legit_003767,usr_norm_0211,merch_razorpay_036,440.88,INR,2026-08-06T16:29:09+00:00,dev_fingerprint_0740,192.168.11.194,"Ahmedabad, IN",pm_tok_synthetic_00918,154,2,0,1,2,0,NONE
tx_legit_005597,usr_norm_1322,merch_razorpay_030,974.16,INR,2026-08-06T16:29:51+00:00,dev_fingerprint_1125,10.0.234.157,"Hyderabad, IN",pm_tok_synthetic_00500,289,3,0,1,4,0,NONE
tx_legit_005366,usr_norm_1054,merch_razorpay_029,165.27,INR,2026-08-06T16:30:35+00:00,dev_fingerprint_0515,192.168.236.138,"Ahmedabad, IN",pm_tok_synthetic_00288,618,2,0,2,1,0,NONE
tx_legit_007830,usr_norm_0811,merch_razorpay_001,543.95,INR,2026-08-06T16:33:27+00:00,dev_fingerprint_0859,192.168.216.164,"Ahmedabad, IN",pm_tok_synthetic_01697,183,1,0,1,2,0,NONE
tx_legit_003556,usr_norm_0417,merch_razorpay_005,1473.02,INR,2026-08-06T16:34:29+00:00,dev_fingerprint_1166,192.168.114.43,"Mumbai, IN",pm_tok_synthetic_01006,541,2,0,1,1,0,NONE
tx_legit_008189,usr_norm_1031,merch_razorpay_020,1634.64,INR,2026-08-06T16:35:21+00:00,dev_fingerprint_0376,192.168.247.192,"Pune, IN",pm_tok_synthetic_00279,835,1,0,1,3,0,NONE
tx_legit_002531,usr_norm_1855,merch_razorpay_034,619.69,INR,2026-08-06T16:37:18+00:00,dev_fingerprint_0366,192.168.227.177,"Hyderabad, IN",pm_tok_synthetic_00315,141,2,2,1,1,0,NONE
tx_legit_000163,usr_norm_1062,merch_razorpay_041,723.52,INR,2026-08-06T16:41:41+00:00,dev_fingerprint_1404,192.168.64.171,"Bengaluru, IN",pm_tok_synthetic_02484,118,1,0,1,1,0,NONE
tx_legit_004481,usr_norm_1249,merch_razorpay_044,88.94,INR,2026-08-06T16:44:53+00:00,dev_fingerprint_0441,192.168.160.178,"Delhi, IN",pm_tok_synthetic_01041,517,1,1,1,1,0,NONE
tx_legit_001151,usr_norm_0998,merch_razorpay_030,556.1,INR,2026-08-06T16:52:45+00:00,dev_fingerprint_0707,192.168.248.217,"Mumbai, IN",pm_tok_synthetic_00543,757,1,0,1,2,0,NONE
tx_legit_004397,usr_norm_1006,merch_razorpay_032,957.45,INR,2026-08-06T16:59:43+00:00,dev_fingerprint_0108,192.168.19.176,"Kolkata, IN",pm_tok_synthetic_00231,234,1,0,1,2,0,NONE
tx_legit_003057,usr_norm_1019,merch_razorpay_020,484.56,INR,2026-08-06T17:01:38+00:00,dev_fingerprint_1205,192.168.4.218,"Ahmedabad, IN",pm_tok_synthetic_02471,231,1,0,2,1,0,NONE
tx_legit_003608,usr_norm_0337,merch_razorpay_042,379.35,INR,2026-08-06T17:04:18+00:00,dev_fingerprint_1029,10.0.87.121,"Pune, IN",pm_tok_synthetic_01273,736,1,0,1,1,0,NONE
tx_legit_008198,usr_norm_1851,merch_razorpay_005,548.63,INR,2026-08-06T17:07:47+00:00,dev_fingerprint_0251,192.168.245.214,"Pune, IN",pm_tok_synthetic_02178,724,1,0,1,1,0,NONE
tx_legit_004004,usr_norm_0828,merch_razorpay_013,333.51,INR,2026-08-06T17:24:19+00:00,dev_fingerprint_0432,192.168.87.206,"Ahmedabad, IN",pm_tok_synthetic_01667,788,1,0,1,2,0,NONE
tx_legit_002571,usr_norm_0093,merch_razorpay_042,680.37,INR,2026-08-06T17:24:56+00:00,dev_fingerprint_0925,192.168.221.93,"Kolkata, IN",pm_tok_synthetic_00233,407,2,0,1,1,0,NONE
tx_legit_000298,usr_norm_0987,merch_razorpay_027,527.04,INR,2026-08-06T17:28:16+00:00,dev_fingerprint_1041,192.168.124.89,"Kolkata, IN",pm_tok_synthetic_00725,738,2,2,1,1,0,NONE
tx_legit_005643,usr_norm_0746,merch_razorpay_047,606.33,INR,2026-08-06T17:29:15+00:00,dev_fingerprint_0206,192.168.165.131,"Chennai, IN",pm_tok_synthetic_01762,360,1,0,1,3,0,NONE
tx_legit_003141,usr_norm_1219,merch_razorpay_020,348.03,INR,2026-08-06T17:31:27+00:00,dev_fingerprint_0511,192.168.12.84,"Chennai, IN",pm_tok_synthetic_01458,189,1,0,1,1,0,NONE
tx_legit_003540,usr_norm_0716,merch_razorpay_013,384.48,INR,2026-08-06T17:40:20+00:00,dev_fingerprint_0604,192.168.193.244,"Pune, IN",pm_tok_synthetic_01687,593,1,0,1,1,0,NONE
tx_legit_002145,usr_norm_0439,merch_razorpay_031,1031.76,INR,2026-08-06T17:46:38+00:00,dev_fingerprint_0940,192.168.240.23,"Pune, IN",pm_tok_synthetic_00996,743,1,0,1,1,0,NONE
tx_legit_006710,usr_norm_1653,merch_razorpay_007,657.71,INR,2026-08-06T17:46:39+00:00,dev_fingerprint_0281,192.168.64.31,"Delhi, IN",pm_tok_synthetic_01703,496,1,0,1,1,0,NONE
tx_legit_003729,usr_norm_0472,merch_razorpay_002,524.33,INR,2026-08-06T17:49:14+00:00,dev_fingerprint_1136,192.168.160.40,"Pune, IN",pm_tok_synthetic_01671,135,1,0,1,1,0,NONE
tx_legit_000204,usr_norm_1810,merch_razorpay_006,315.49,INR,2026-08-06T17:53:19+00:00,dev_fingerprint_0856,10.0.126.44,"Chennai, IN",pm_tok_synthetic_00919,255,1,1,1,1,0,NONE
tx_legit_001047,usr_norm_0473,merch_razorpay_035,238.85,INR,2026-08-06T18:03:09+00:00,dev_fingerprint_0053,10.0.221.85,"Bengaluru, IN",pm_tok_synthetic_01449,597,2,0,1,1,0,NONE
tx_legit_000323,usr_norm_1497,merch_razorpay_039,251.51,INR,2026-08-06T18:07:19+00:00,dev_fingerprint_1025,192.168.216.164,"Pune, IN",pm_tok_synthetic_00736,827,1,0,1,1,0,NONE
tx_legit_000863,usr_norm_0813,merch_razorpay_015,247.09,INR,2026-08-06T18:15:10+00:00,dev_fingerprint_0205,192.168.4.68,"Mumbai, IN",pm_tok_synthetic_00432,606,1,0,2,1,0,NONE
tx_legit_003870,usr_norm_1382,merch_razorpay_012,107.69,INR,2026-08-06T18:26:19+00:00,dev_fingerprint_0768,192.168.131.192,"Delhi, IN",pm_tok_synthetic_02253,792,1,0,1,1,0,NONE
tx_legit_008221,usr_norm_1713,merch_razorpay_026,750.97,INR,2026-08-06T18:30:58+00:00,dev_fingerprint_0249,192.168.167.114,"Pune, IN",pm_tok_synthetic_00491,118,1,0,1,1,0,NONE
tx_legit_006042,usr_norm_0824,merch_razorpay_032,193.22,INR,2026-08-06T18:31:02+00:00,dev_fingerprint_1006,10.0.213.5,"Kolkata, IN",pm_tok_synthetic_00402,263,2,0,1,2,0,NONE
tx_legit_001358,usr_norm_1354,merch_razorpay_014,428.43,INR,2026-08-06T18:43:19+00:00,dev_fingerprint_1255,192.168.68.42,"Hyderabad, IN",pm_tok_synthetic_00663,449,1,0,1,1,0,NONE
tx_legit_006911,usr_norm_1664,merch_razorpay_004,373.27,INR,2026-08-06T18:48:12+00:00,dev_fingerprint_1873,192.168.1.169,"Bengaluru, IN",pm_tok_synthetic_01885,798,1,0,1,1,0,NONE
tx_legit_007939,usr_norm_1249,merch_razorpay_031,141.66,INR,2026-08-06T18:56:06+00:00,dev_fingerprint_0441,192.168.160.178,"Bengaluru, IN",pm_tok_synthetic_01041,517,3,1,1,3,0,NONE
tx_legit_005543,usr_norm_1725,merch_razorpay_049,459.73,INR,2026-08-06T18:57:35+00:00,dev_fingerprint_1007,10.0.12.250,"Ahmedabad, IN",pm_tok_synthetic_00589,583,1,0,1,1,0,NONE
tx_legit_006339,usr_norm_0775,merch_razorpay_042,1931.81,INR,2026-08-06T19:01:25+00:00,dev_fingerprint_1934,192.168.240.226,"Delhi, IN",pm_tok_synthetic_02487,474,2,0,1,1,0,NONE
tx_legit_008797,usr_norm_0644,merch_razorpay_009,765.09,INR,2026-08-06T19:01:36+00:00,dev_fingerprint_0633,10.0.129.61,"Mumbai, IN",pm_tok_synthetic_00719,152,1,0,1,2,0,NONE
tx_legit_008551,usr_norm_1436,merch_razorpay_025,255.76,INR,2026-08-06T19:05:55+00:00,dev_fingerprint_1431,192.168.73.180,"Kolkata, IN",pm_tok_synthetic_00075,415,2,0,1,1,0,NONE
tx_legit_007447,usr_norm_1776,merch_razorpay_026,1189.83,INR,2026-08-06T19:17:27+00:00,dev_fingerprint_0852,192.168.154.11,"Chennai, IN",pm_tok_synthetic_01949,738,2,0,1,1,0,NONE
tx_fraud_000077,usr_fraud_ringA_001,merch_razorpay_008,5424.36,INR,2026-08-06T19:20:44+00:00,dev_fraud_ring_A_3,198.51.100.79,"Kolkata, IN",pm_tok_ringA_006,4,11,2,17,3,1,DEVICE_SHARING_RING
tx_legit_003327,usr_norm_1208,merch_razorpay_000,201.89,INR,2026-08-06T19:23:27+00:00,dev_fingerprint_0783,192.168.123.30,"Chennai, IN",pm_tok_synthetic_00902,723,4,0,1,1,0,NONE
tx_legit_008046,usr_norm_0924,merch_razorpay_037,772.53,INR,2026-08-06T19:23:57+00:00,dev_fingerprint_1175,192.168.221.117,"Ahmedabad, IN",pm_tok_synthetic_02023,182,1,0,1,1,0,NONE
tx_legit_002306,usr_norm_0304,merch_razorpay_016,266.05,INR,2026-08-06T19:47:26+00:00,dev_fingerprint_1151,192.168.189.83,"Kolkata, IN",pm_tok_synthetic_01112,170,2,0,1,3,0,NONE
tx_legit_002363,usr_norm_1857,merch_razorpay_025,501.09,INR,2026-08-06T19:51:16+00:00,dev_fingerprint_0303,192.168.195.226,"Delhi, IN",pm_tok_synthetic_00616,239,1,1,1,1,0,NONE
tx_fraud_000423,usr_fraud_reuseC_002,merch_razorpay_008,14510.73,INR,2026-08-06T19:55:25+00:00,dev_reuseC_020,198.51.100.122,"Pune, IN",pm_tok_stolen_C_003,1,5,0,2,6,1,PAYMENT_REF_REUSE
tx_legit_008890,usr_norm_1963,merch_razorpay_034,409.02,INR,2026-08-06T20:00:08+00:00,dev_fingerprint_1373,192.168.131.30,"Delhi, IN",pm_tok_synthetic_00119,122,1,0,1,1,0,NONE
tx_legit_007083,usr_norm_1500,merch_razorpay_023,368.1,INR,2026-08-06T20:02:19+00:00,dev_fingerprint_0051,10.0.153.199,"Bengaluru, IN",pm_tok_synthetic_01858,634,1,0,1,1,0,NONE
tx_legit_002254,usr_norm_1844,merch_razorpay_003,1325.87,INR,2026-08-06T20:02:27+00:00,dev_fingerprint_0685,192.168.102.34,"Pune, IN",pm_tok_synthetic_02210,146,3,0,1,1,0,NONE
tx_legit_004486,usr_norm_0521,merch_razorpay_003,1079.87,INR,2026-08-06T20:07:45+00:00,dev_fingerprint_0989,192.168.187.202,"Delhi, IN",pm_tok_synthetic_01950,129,1,0,1,1,0,NONE
tx_legit_002282,usr_norm_1525,merch_razorpay_003,780.5,INR,2026-08-06T20:14:37+00:00,dev_fingerprint_0678,192.168.251.102,"Kolkata, IN",pm_tok_synthetic_00359,80,1,0,1,2,0,NONE
tx_legit_007340,usr_norm_1784,merch_razorpay_021,1767.98,INR,2026-08-06T20:15:14+00:00,dev_fingerprint_1085,192.168.142.221,"Hyderabad, IN",pm_tok_synthetic_01482,809,1,0,1,4,0,NONE
tx_legit_004577,usr_norm_1679,merch_razorpay_035,227.34,INR,2026-08-06T20:16:49+00:00,dev_fingerprint_1567,192.168.119.164,"Ahmedabad, IN",pm_tok_synthetic_01138,288,1,0,1,1,0,NONE
tx_legit_007301,usr_norm_0461,merch_razorpay_036,152.56,INR,2026-08-06T20:23:52+00:00,dev_fingerprint_1913,192.168.35.222,"Delhi, IN",pm_tok_synthetic_00934,394,1,0,1,3,0,NONE
tx_legit_007223,usr_norm_0708,merch_razorpay_035,386.82,INR,2026-08-06T20:25:24+00:00,dev_fingerprint_0263,192.168.98.153,"Hyderabad, IN",pm_tok_synthetic_01358,155,1,0,1,1,0,NONE
tx_legit_004124,usr_norm_0981,merch_razorpay_011,1642.22,INR,2026-08-06T20:30:37+00:00,dev_fingerprint_0692,192.168.249.129,"Bengaluru, IN",pm_tok_synthetic_01697,77,1,0,1,2,0,NONE
tx_legit_002837,usr_norm_1712,merch_razorpay_009,245.17,INR,2026-08-06T20:31:33+00:00,dev_fingerprint_0444,192.168.100.117,"Hyderabad, IN",pm_tok_synthetic_02455,683,1,0,1,1,0,NONE
tx_legit_003316,usr_norm_1613,merch_razorpay_031,240.67,INR,2026-08-06T20:32:21+00:00,dev_fingerprint_1040,192.168.76.112,"Delhi, IN",pm_tok_synthetic_01661,867,1,0,1,2,0,NONE
tx_legit_004677,usr_norm_1497,merch_razorpay_042,178.83,INR,2026-08-06T20:36:08+00:00,dev_fingerprint_1025,192.168.216.164,"Pune, IN",pm_tok_synthetic_00736,827,2,0,1,1,0,NONE
tx_legit_000875,usr_norm_0813,merch_razorpay_032,377.95,INR,2026-08-06T20:44:03+00:00,dev_fingerprint_0205,192.168.4.68,"Delhi, IN",pm_tok_synthetic_00186,606,2,0,1,1,0,NONE
tx_legit_006481,usr_norm_0980,merch_razorpay_018,337.87,INR,2026-08-06T20:45:07+00:00,dev_fingerprint_0936,10.0.16.140,"Pune, IN",pm_tok_synthetic_00780,763,2,0,1,2,0,NONE
tx_legit_008231,usr_norm_1569,merch_razorpay_040,310.84,INR,2026-08-06T20:53:54+00:00,dev_fingerprint_0064,10.0.129.81,"Hyderabad, IN",pm_tok_synthetic_01695,118,1,0,1,1,0,NONE
tx_legit_003898,usr_norm_1677,merch_razorpay_031,391.87,INR,2026-08-06T20:54:37+00:00,dev_fingerprint_0597,192.168.223.168,"Hyderabad, IN",pm_tok_synthetic_00111,323,1,0,1,2,0,NONE
tx_legit_009182,usr_norm_0505,merch_razorpay_045,472.62,INR,2026-08-06T20:56:02+00:00,dev_fingerprint_1888,192.168.94.24,"Delhi, IN",pm_tok_synthetic_01713,586,1,0,1,2,0,NONE
tx_legit_004687,usr_norm_1824,merch_razorpay_041,684.04,INR,2026-08-06T20:59:28+00:00,dev_fingerprint_1014,192.168.77.118,"Chennai, IN",pm_tok_synthetic_00340,601,2,0,1,2,0,NONE
tx_legit_002420,usr_norm_1715,merch_razorpay_003,447.74,INR,2026-08-06T21:03:49+00:00,dev_fingerprint_1618,192.168.72.226,"Delhi, IN",pm_tok_synthetic_00756,143,1,0,1,3,0,NONE
tx_legit_002720,usr_norm_0416,merch_razorpay_037,419.73,INR,2026-08-06T21:04:15+00:00,dev_fingerprint_0401,192.168.59.58,"Ahmedabad, IN",pm_tok_synthetic_00942,418,1,0,1,2,0,NONE
tx_legit_004119,usr_norm_1449,merch_razorpay_019,1068.44,INR,2026-08-06T21:09:32+00:00,dev_fingerprint_0683,192.168.165.110,"Chennai, IN",pm_tok_synthetic_01611,792,1,0,1,1,0,NONE
tx_legit_008064,usr_norm_0871,merch_razorpay_024,166.71,INR,2026-08-06T21:11:16+00:00,dev_fingerprint_1986,192.168.23.81,"Pune, IN",pm_tok_synthetic_02289,811,1,0,1,4,0,NONE
tx_legit_006686,usr_norm_1400,merch_razorpay_042,666.99,INR,2026-08-06T21:14:33+00:00,dev_fingerprint_0160,192.168.115.138,"Kolkata, IN",pm_tok_synthetic_00229,819,1,0,1,2,0,NONE
tx_legit_000314,usr_norm_1193,merch_razorpay_041,906.31,INR,2026-08-06T21:15:27+00:00,dev_fingerprint_0410,192.168.66.197,"Bengaluru, IN",pm_tok_synthetic_00062,784,2,0,1,1,0,NONE
tx_legit_009181,usr_norm_1780,merch_razorpay_004,1036.17,INR,2026-08-06T21:16:44+00:00,dev_fingerprint_1416,192.168.221.93,"Bengaluru, IN",pm_tok_synthetic_02442,214,2,0,1,1,0,NONE
tx_legit_007686,usr_norm_0199,merch_razorpay_038,198.32,INR,2026-08-06T21:21:23+00:00,dev_fingerprint_0281,192.168.97.102,"Delhi, IN",pm_tok_synthetic_01503,437,1,0,1,1,0,NONE
tx_legit_004848,usr_norm_1200,merch_razorpay_008,293.95,INR,2026-08-06T21:21:57+00:00,dev_fingerprint_1144,192.168.168.128,"Mumbai, IN",pm_tok_synthetic_02060,331,1,0,2,1,0,NONE
tx_legit_000253,usr_norm_1139,merch_razorpay_019,481.88,INR,2026-08-06T21:27:22+00:00,dev_fingerprint_0986,192.168.25.169,"Ahmedabad, IN",pm_tok_synthetic_00898,880,2,1,1,1,0,NONE
tx_legit_000344,usr_norm_1501,merch_razorpay_024,712.06,INR,2026-08-06T21:31:54+00:00,dev_fingerprint_1459,192.168.113.9,"Delhi, IN",pm_tok_synthetic_00827,495,1,0,3,1,0,NONE
tx_legit_002520,usr_norm_0462,merch_razorpay_026,678.67,INR,2026-08-06T21:33:23+00:00,dev_fingerprint_1132,192.168.211.119,"Bengaluru, IN",pm_tok_synthetic_01537,472,2,0,1,1,0,NONE
tx_legit_007460,usr_norm_0080,merch_razorpay_021,238.61,INR,2026-08-06T21:40:37+00:00,dev_fingerprint_0233,192.168.242.184,"Ahmedabad, IN",pm_tok_synthetic_02088,228,2,0,1,1,0,NONE
tx_legit_004320,usr_norm_1749,merch_razorpay_013,442.81,INR,2026-08-06T21:41:19+00:00,dev_fingerprint_0630,10.0.87.136,"Chennai, IN",pm_tok_synthetic_02187,884,1,0,1,1,0,NONE
tx_legit_006027,usr_norm_1449,merch_razorpay_035,586.73,INR,2026-08-06T21:43:20+00:00,dev_fingerprint_1971,192.168.165.110,"Ahmedabad, IN",pm_tok_synthetic_01611,792,1,0,1,1,0,NONE
tx_legit_007613,usr_norm_1712,merch_razorpay_013,651.02,INR,2026-08-06T21:52:13+00:00,dev_fingerprint_0444,192.168.100.117,"Mumbai, IN",pm_tok_synthetic_02455,683,3,1,1,2,0,NONE
tx_legit_001604,usr_norm_0945,merch_razorpay_014,134.27,INR,2026-08-06T21:53:17+00:00,dev_fingerprint_0999,192.168.216.164,"Bengaluru, IN",pm_tok_synthetic_01684,481,2,0,1,1,0,NONE
tx_legit_006891,usr_norm_1195,merch_razorpay_038,219.2,INR,2026-08-06T21:56:31+00:00,dev_fingerprint_1650,192.168.65.83,"Delhi, IN",pm_tok_synthetic_02290,626,2,0,2,2,0,NONE
tx_legit_003190,usr_norm_0524,merch_razorpay_043,251.67,INR,2026-08-06T22:08:40+00:00,dev_fingerprint_1455,192.168.51.40,"Chennai, IN",pm_tok_synthetic_00092,899,1,0,1,4,0,NONE
tx_legit_008808,usr_norm_0509,merch_razorpay_002,144.85,INR,2026-08-06T22:18:22+00:00,dev_fingerprint_1325,192.168.73.252,"Hyderabad, IN",pm_tok_synthetic_00181,606,1,0,1,2,0,NONE
tx_legit_004557,usr_norm_0299,merch_razorpay_025,1291.88,INR,2026-08-06T22:20:08+00:00,dev_fingerprint_0808,192.168.137.98,"Delhi, IN",pm_tok_synthetic_01413,821,2,0,1,2,0,NONE
tx_legit_006995,usr_norm_0986,merch_razorpay_034,1538.48,INR,2026-08-06T22:22:07+00:00,dev_fingerprint_0886,192.168.76.92,"Chennai, IN",pm_tok_synthetic_02166,524,1,1,2,1,0,NONE
tx_legit_005260,usr_norm_0965,merch_razorpay_005,503.32,INR,2026-08-06T22:22:34+00:00,dev_fingerprint_0000,192.168.61.162,"Pune, IN",pm_tok_synthetic_00372,840,1,0,1,2,0,NONE
tx_legit_007367,usr_norm_1868,merch_razorpay_036,939.18,INR,2026-08-06T22:26:01+00:00,dev_fingerprint_0532,192.168.31.242,"Kolkata, IN",pm_tok_synthetic_02349,410,2,0,1,2,0,NONE
tx_fraud_000367,usr_fraud_reuseC_006,merch_razorpay_002,6285.34,INR,2026-08-06T22:26:03+00:00,dev_reuseC_010,198.51.100.163,"Mumbai, IN",pm_tok_stolen_C_003,3,8,3,5,6,1,PAYMENT_REF_REUSE
tx_legit_002955,usr_norm_0312,merch_razorpay_001,289.96,INR,2026-08-06T22:30:16+00:00,dev_fingerprint_1332,192.168.232.16,"Ahmedabad, IN",pm_tok_synthetic_01176,358,3,0,1,1,0,NONE
tx_legit_003168,usr_norm_1419,merch_razorpay_026,140.07,INR,2026-08-06T22:36:46+00:00,dev_fingerprint_0496,192.168.81.55,"Hyderabad, IN",pm_tok_synthetic_01090,825,1,0,1,2,0,NONE
tx_legit_005380,usr_norm_0844,merch_razorpay_026,283.72,INR,2026-08-06T22:40:24+00:00,dev_fingerprint_1171,192.168.115.138,"Mumbai, IN",pm_tok_synthetic_00877,256,1,0,1,1,0,NONE
tx_legit_007345,usr_norm_0939,merch_razorpay_045,686.44,INR,2026-08-06T22:48:19+00:00,dev_fingerprint_0271,192.168.189.83,"Chennai, IN",pm_tok_synthetic_00240,894,1,1,1,3,0,NONE
tx_legit_008428,usr_norm_1012,merch_razorpay_033,815.73,INR,2026-08-06T22:54:47+00:00,dev_fingerprint_1325,192.168.212.188,"Delhi, IN",pm_tok_synthetic_01592,273,1,0,2,1,0,NONE
tx_legit_007452,usr_norm_1241,merch_razorpay_031,782.46,INR,2026-08-06T22:55:07+00:00,dev_fingerprint_0204,192.168.170.242,"Chennai, IN",pm_tok_synthetic_01105,853,1,0,1,1,0,NONE
tx_legit_005078,usr_norm_1877,merch_razorpay_014,780.86,INR,2026-08-06T23:01:16+00:00,dev_fingerprint_1448,192.168.142.76,"Delhi, IN",pm_tok_synthetic_01298,382,1,2,1,2,0,NONE
tx_fraud_000383,usr_fraud_reuseC_002,merch_razorpay_034,15975.33,INR,2026-08-06T23:06:55+00:00,dev_reuseC_011,198.51.100.147,"Chennai, IN",pm_tok_stolen_C_002,2,6,3,3,4,1,PAYMENT_REF_REUSE
tx_legit_000953,usr_norm_1087,merch_razorpay_002,226.15,INR,2026-08-06T23:09:36+00:00,dev_fingerprint_0647,192.168.168.26,"Mumbai, IN",pm_tok_synthetic_01754,202,1,0,1,3,0,NONE
tx_legit_002349,usr_norm_1021,merch_razorpay_002,139.15,INR,2026-08-06T23:11:35+00:00,dev_fingerprint_0919,192.168.26.16,"Ahmedabad, IN",pm_tok_synthetic_00305,221,4,1,1,1,0,NONE
tx_legit_003669,usr_norm_0918,merch_razorpay_018,1037.11,INR,2026-08-06T23:12:58+00:00,dev_fingerprint_0538,192.168.163.181,"Chennai, IN",pm_tok_synthetic_02142,236,1,0,1,1,0,NONE
tx_legit_005163,usr_norm_0527,merch_razorpay_012,351.57,INR,2026-08-06T23:16:29+00:00,dev_fingerprint_0357,10.0.194.204,"Hyderabad, IN",pm_tok_synthetic_00655,368,1,0,1,5,0,NONE
tx_fraud_000127,usr_fraud_ringA_001,merch_razorpay_014,9820.28,INR,2026-08-06T23:20:10+00:00,dev_fraud_ring_A_1,198.51.100.31,"Mumbai, IN",pm_tok_ringA_009,2,10,2,8,3,1,DEVICE_SHARING_RING
tx_legit_001956,usr_norm_0296,merch_razorpay_003,1118.7,INR,2026-08-06T23:24:31+00:00,dev_fingerprint_1443,192.168.7.22,"Kolkata, IN",pm_tok_synthetic_01298,521,1,0,1,1,0,NONE
tx_legit_008022,usr_norm_0507,merch_razorpay_013,770.57,INR,2026-08-06T23:27:36+00:00,dev_fingerprint_1099,10.0.83.3,"Delhi, IN",pm_tok_synthetic_00348,141,1,1,2,1,0,NONE
tx_legit_000281,usr_norm_0113,merch_razorpay_034,1656.07,INR,2026-08-06T23:32:03+00:00,dev_fingerprint_1653,192.168.167.114,"Chennai, IN",pm_tok_synthetic_00962,347,1,0,1,2,0,NONE
tx_legit_004491,usr_norm_1556,merch_razorpay_015,1224.46,INR,2026-08-06T23:33:04+00:00,dev_fingerprint_1568,192.168.206.143,"Mumbai, IN",pm_tok_synthetic_01962,515,1,0,1,3,0,NONE
tx_fraud_000432,usr_fraud_reuseC_011,merch_razorpay_034,3374.45,INR,2026-08-06T23:36:58+00:00,dev_reuseC_016,198.51.100.110,"Ahmedabad, IN",pm_tok_stolen_C_004,0,4,2,3,6,1,PAYMENT_REF_REUSE
tx_legit_008916,usr_norm_0264,merch_razorpay_013,718.57,INR,2026-08-06T23:40:03+00:00,dev_fingerprint_1276,10.0.191.159,"Hyderabad, IN",pm_tok_synthetic_00486,161,1,0,1,1,0,NONE
tx_legit_008332,usr_norm_1391,merch_razorpay_043,382.12,INR,2026-08-06T23:41:39+00:00,dev_fingerprint_0728,10.0.156.221,"Hyderabad, IN",pm_tok_synthetic_00566,301,1,0,2,1,0,NONE
tx_legit_003326,usr_norm_0782,merch_razorpay_035,1291.87,INR,2026-08-06T23:43:34+00:00,dev_fingerprint_0111,192.168.172.51,"Chennai, IN",pm_tok_synthetic_00015,467,1,0,1,1,0,NONE
tx_legit_008908,usr_norm_0305,merch_razorpay_021,399.07,INR,2026-08-06T23:45:52+00:00,dev_fingerprint_1859,192.168.59.93,"Chennai, IN",pm_tok_synthetic_02403,275,1,0,3,2,0,NONE
tx_legit_008425,usr_norm_0009,merch_razorpay_042,526.13,INR,2026-08-06T23:49:53+00:00,dev_fingerprint_0030,192.168.138.176,"Bengaluru, IN",pm_tok_synthetic_00974,632,1,0,1,1,0,NONE
tx_legit_007416,usr_norm_0632,merch_razorpay_022,758.43,INR,2026-08-06T23:55:03+00:00,dev_fingerprint_1599,192.168.170.27,"Chennai, IN",pm_tok_synthetic_00883,70,1,0,1,1,0,NONE
tx_legit_006643,usr_norm_0414,merch_razorpay_032,462.82,INR,2026-08-07T00:11:56+00:00,dev_fingerprint_0534,192.168.40.112,"Delhi, IN",pm_tok_synthetic_02392,623,2,0,1,2,0,NONE
tx_legit_007339,usr_norm_0007,merch_razorpay_045,448.86,INR,2026-08-07T00:21:20+00:00,dev_fingerprint_0266,192.168.145.201,"Pune, IN",pm_tok_synthetic_01026,847,1,0,1,1,0,NONE
tx_legit_008004,usr_norm_1329,merch_razorpay_034,1011.02,INR,2026-08-07T00:28:13+00:00,dev_fingerprint_0086,10.0.14.25,"Pune, IN",pm_tok_synthetic_01946,734,1,0,1,2,0,NONE
tx_legit_000128,usr_norm_1867,merch_razorpay_014,213.37,INR,2026-08-07T00:32:09+00:00,dev_fingerprint_1161,192.168.251.195,"Mumbai, IN",pm_tok_synthetic_01255,205,1,0,1,2,0,NONE
tx_legit_004920,usr_norm_1731,merch_razorpay_023,303.43,INR,2026-08-07T00:32:15+00:00,dev_fingerprint_1361,192.168.231.246,"Mumbai, IN",pm_tok_synthetic_01091,185,2,0,1,1,0,NONE
tx_legit_008966,usr_norm_1210,merch_razorpay_002,369.09,INR,2026-08-07T00:36:05+00:00,dev_fingerprint_1785,192.168.243.56,"Chennai, IN",pm_tok_synthetic_02194,39,1,1,1,2,0,NONE
tx_legit_001764,usr_norm_0949,merch_razorpay_031,900.1,INR,2026-08-07T00:36:10+00:00,dev_fingerprint_1371,192.168.169.102,"Pune, IN",pm_tok_synthetic_01385,561,1,0,2,1,0,NONE
tx_legit_001605,usr_norm_1175,merch_razorpay_029,1390.64,INR,2026-08-07T00:38:02+00:00,dev_fingerprint_0439,192.168.11.194,"Bengaluru, IN",pm_tok_synthetic_01640,834,2,0,1,2,0,NONE
tx_legit_004566,usr_norm_0517,merch_razorpay_041,404.14,INR,2026-08-07T00:48:25+00:00,dev_fingerprint_0706,10.0.8.102,"Delhi, IN",pm_tok_synthetic_01977,137,1,0,1,4,0,NONE
tx_legit_004258,usr_norm_1296,merch_razorpay_000,633.05,INR,2026-08-07T00:50:18+00:00,dev_fingerprint_0774,192.168.41.15,"Pune, IN",pm_tok_synthetic_01077,111,2,0,1,1,0,NONE
tx_legit_003580,usr_norm_0621,merch_razorpay_038,966.31,INR,2026-08-07T01:00:44+00:00,dev_fingerprint_1244,192.168.142.181,"Mumbai, IN",pm_tok_synthetic_00109,898,1,0,1,3,0,NONE
tx_legit_007222,usr_norm_1693,merch_razorpay_028,318.44,INR,2026-08-07T01:06:17+00:00,dev_fingerprint_0617,192.168.57.70,"Chennai, IN",pm_tok_synthetic_02181,269,1,0,1,1,0,NONE
tx_legit_004216,usr_norm_1019,merch_razorpay_033,226.97,INR,2026-08-07T01:07:45+00:00,dev_fingerprint_1875,192.168.4.218,"Delhi, IN",pm_tok_synthetic_02471,231,1,0,1,1,0,NONE
tx_legit_004078,usr_norm_0286,merch_razorpay_044,520.21,INR,2026-08-07T01:17:34+00:00,dev_fingerprint_1856,10.0.213.108,"Mumbai, IN",pm_tok_synthetic_00835,450,3,0,1,2,0,NONE
tx_legit_007942,usr_norm_0208,merch_razorpay_002,5503.78,INR,2026-08-07T01:33:27+00:00,dev_fingerprint_0711,192.168.235.72,"Pune, IN",pm_tok_synthetic_00265,593,1,1,1,2,0,NONE
tx_legit_004584,usr_norm_0447,merch_razorpay_035,1418.52,INR,2026-08-07T01:36:11+00:00,dev_fingerprint_1827,192.168.76.56,"Kolkata, IN",pm_tok_synthetic_02321,516,1,1,1,1,0,NONE
tx_legit_008534,usr_norm_1083,merch_razorpay_016,435.97,INR,2026-08-07T01:51:35+00:00,dev_fingerprint_1268,192.168.242.146,"Delhi, IN",pm_tok_synthetic_00792,355,1,0,2,2,0,NONE
tx_legit_002594,usr_norm_1672,merch_razorpay_029,809.77,INR,2026-08-07T01:54:39+00:00,dev_fingerprint_0722,192.168.158.105,"Mumbai, IN",pm_tok_synthetic_01206,326,3,0,2,1,0,NONE
tx_legit_001349,usr_norm_0830,merch_razorpay_006,404.96,INR,2026-08-07T01:56:40+00:00,dev_fingerprint_0115,192.168.30.145,"Ahmedabad, IN",pm_tok_synthetic_00651,97,1,0,2,1,0,NONE
tx_legit_002754,usr_norm_1000,merch_razorpay_047,723.74,INR,2026-08-07T02:00:52+00:00,dev_fingerprint_1812,192.168.154.11,"Kolkata, IN",pm_tok_synthetic_01320,757,2,0,1,4,0,NONE
tx_legit_005157,usr_norm_0437,merch_razorpay_029,1249.96,INR,2026-08-07T02:07:13+00:00,dev_fingerprint_1514,192.168.95.73,"Delhi, IN",pm_tok_synthetic_01451,303,1,2,1,1,0,NONE
tx_legit_001768,usr_norm_1406,merch_razorpay_000,1716.7,INR,2026-08-07T02:09:35+00:00,dev_fingerprint_1936,192.168.240.23,"Ahmedabad, IN",pm_tok_synthetic_00612,364,1,0,1,1,0,NONE
tx_legit_009013,usr_norm_0103,merch_razorpay_023,325.85,INR,2026-08-07T02:12:44+00:00,dev_fingerprint_1070,192.168.186.151,"Ahmedabad, IN",pm_tok_synthetic_00650,402,1,0,1,1,0,NONE
tx_legit_005928,usr_norm_1202,merch_razorpay_030,945.35,INR,2026-08-07T02:13:24+00:00,dev_fingerprint_1051,10.0.28.202,"Mumbai, IN",pm_tok_synthetic_01055,580,1,1,3,1,0,NONE
tx_legit_004306,usr_norm_0299,merch_razorpay_024,150.5,INR,2026-08-07T02:14:48+00:00,dev_fingerprint_1688,192.168.137.98,"Chennai, IN",pm_tok_synthetic_01413,821,1,1,1,2,0,NONE
tx_fraud_000084,usr_fraud_ringA_008,merch_razorpay_011,7854.66,INR,2026-08-07T02:19:04+00:00,dev_fraud_ring_A_1,198.51.100.34,"Pune, IN",pm_tok_ringA_009,7,10,1,16,4,1,DEVICE_SHARING_RING
tx_legit_003112,usr_norm_1747,merch_razorpay_028,248.5,INR,2026-08-07T02:25:51+00:00,dev_fingerprint_1214,192.168.102.34,"Delhi, IN",pm_tok_synthetic_02003,428,1,1,1,1,0,NONE
tx_legit_008161,usr_norm_1292,merch_razorpay_022,508.85,INR,2026-08-07T02:31:39+00:00,dev_fingerprint_0473,192.168.203.211,"Hyderabad, IN",pm_tok_synthetic_00029,591,1,0,1,2,0,NONE
tx_legit_003622,usr_norm_0784,merch_razorpay_036,644.88,INR,2026-08-07T02:32:59+00:00,dev_fingerprint_0408,192.168.175.185,"Bengaluru, IN",pm_tok_synthetic_00105,241,1,0,1,1,0,NONE
tx_legit_008123,usr_norm_0537,merch_razorpay_029,1566.32,INR,2026-08-07T02:38:51+00:00,dev_fingerprint_0233,10.0.230.31,"Chennai, IN",pm_tok_synthetic_02004,570,2,0,1,1,0,NONE
tx_legit_001569,usr_norm_0134,merch_razorpay_000,690.06,INR,2026-08-07T02:39:12+00:00,dev_fingerprint_0331,10.0.85.108,"Mumbai, IN",pm_tok_synthetic_00817,850,2,0,1,1,0,NONE
tx_legit_006017,usr_norm_0540,merch_razorpay_042,1638.97,INR,2026-08-07T02:39:22+00:00,dev_fingerprint_0712,192.168.99.231,"Hyderabad, IN",pm_tok_synthetic_01875,662,1,0,1,2,0,NONE
tx_legit_007266,usr_norm_0620,merch_razorpay_003,182.3,INR,2026-08-07T02:57:00+00:00,dev_fingerprint_1133,192.168.65.60,"Ahmedabad, IN",pm_tok_synthetic_02457,768,1,0,1,1,0,NONE
tx_legit_004128,usr_norm_1013,merch_razorpay_044,573.55,INR,2026-08-07T03:07:04+00:00,dev_fingerprint_1046,192.168.239.83,"Hyderabad, IN",pm_tok_synthetic_01178,739,1,2,1,1,0,NONE
tx_legit_000152,usr_norm_0636,merch_razorpay_027,2462.42,INR,2026-08-07T03:09:31+00:00,dev_fingerprint_1311,192.168.78.218,"Pune, IN",pm_tok_synthetic_02202,660,1,0,1,1,0,NONE
tx_legit_004099,usr_norm_1117,merch_razorpay_028,1703.71,INR,2026-08-07T03:11:59+00:00,dev_fingerprint_1114,192.168.172.98,"Chennai, IN",pm_tok_synthetic_00712,415,1,0,2,2,0,NONE
tx_legit_007588,usr_norm_1841,merch_razorpay_040,414.25,INR,2026-08-07T03:12:40+00:00,dev_fingerprint_0083,192.168.81.170,"Hyderabad, IN",pm_tok_synthetic_01500,209,1,2,3,1,0,NONE
tx_legit_007979,usr_norm_0272,merch_razorpay_008,512.8,INR,2026-08-07T03:13:00+00:00,dev_fingerprint_0671,192.168.211.164,"Delhi, IN",pm_tok_synthetic_01304,196,1,0,1,1,0,NONE
tx_legit_006620,usr_norm_1236,merch_razorpay_039,120.28,INR,2026-08-07T03:19:11+00:00,dev_fingerprint_0702,192.168.81.170,"Bengaluru, IN",pm_tok_synthetic_00753,540,1,0,1,1,0,NONE
tx_legit_003343,usr_norm_0847,merch_razorpay_008,1456.2,INR,2026-08-07T03:21:28+00:00,dev_fingerprint_1397,192.168.8.24,"Mumbai, IN",pm_tok_synthetic_01941,165,1,0,2,3,0,NONE
tx_legit_002534,usr_norm_1809,merch_razorpay_020,180.91,INR,2026-08-07T03:22:10+00:00,dev_fingerprint_0227,192.168.66.118,"Hyderabad, IN",pm_tok_synthetic_01906,499,1,0,1,2,0,NONE
tx_legit_004319,usr_norm_1228,merch_razorpay_013,1180.6,INR,2026-08-07T03:23:37+00:00,dev_fingerprint_1107,192.168.250.237,"Bengaluru, IN",pm_tok_synthetic_02058,385,1,0,2,1,0,NONE
tx_legit_009127,usr_norm_0873,merch_razorpay_022,956.82,INR,2026-08-07T03:26:28+00:00,dev_fingerprint_0182,192.168.21.218,"Delhi, IN",pm_tok_synthetic_01455,258,1,1,1,1,0,NONE
tx_legit_001661,usr_norm_1015,merch_razorpay_046,957.78,INR,2026-08-07T03:33:11+00:00,dev_fingerprint_0853,10.0.190.30,"Ahmedabad, IN",pm_tok_synthetic_01280,595,1,0,2,2,0,NONE
tx_legit_004394,usr_norm_1728,merch_razorpay_041,231.79,INR,2026-08-07T03:33:36+00:00,dev_fingerprint_0149,192.168.225.184,"Bengaluru, IN",pm_tok_synthetic_02340,775,1,0,1,1,0,NONE
tx_fraud_000015,usr_fraud_ringA_014,merch_razorpay_047,6857.28,INR,2026-08-07T03:34:48+00:00,dev_fraud_ring_A_4,198.51.100.85,"Pune, IN",pm_tok_ringA_006,13,11,2,13,6,1,DEVICE_SHARING_RING
tx_fraud_000390,usr_fraud_reuseC_009,merch_razorpay_023,13934.99,INR,2026-08-07T03:37:01+00:00,dev_reuseC_007,198.51.100.144,"Ahmedabad, IN",pm_tok_stolen_C_002,5,4,0,2,2,1,PAYMENT_REF_REUSE
tx_fraud_000386,usr_fraud_reuseC_005,merch_razorpay_048,6537.29,INR,2026-08-07T03:39:40+00:00,dev_reuseC_012,198.51.100.186,"Ahmedabad, IN",pm_tok_stolen_C_003,3,6,1,3,5,1,PAYMENT_REF_REUSE
tx_legit_002751,usr_norm_0672,merch_razorpay_042,210.89,INR,2026-08-07T03:49:06+00:00,dev_fingerprint_0400,192.168.119.106,"Delhi, IN",pm_tok_synthetic_02238,808,1,0,2,3,0,NONE
tx_legit_001928,usr_norm_0823,merch_razorpay_004,208.1,INR,2026-08-07T03:51:37+00:00,dev_fingerprint_0620,10.0.205.130,"Ahmedabad, IN",pm_tok_synthetic_01148,893,1,0,1,3,0,NONE
tx_fraud_000151,usr_fraud_ringA_000,merch_razorpay_042,4635.65,INR,2026-08-07T03:54:50+00:00,dev_fraud_ring_A_4,198.51.100.82,"Hyderabad, IN",pm_tok_ringA_009,5,12,4,18,6,1,DEVICE_SHARING_RING
tx_legit_009168,usr_norm_1659,merch_razorpay_046,213.62,INR,2026-08-07T04:00:39+00:00,dev_fingerprint_1496,192.168.184.81,"Pune, IN",pm_tok_synthetic_02055,305,3,0,1,1,0,NONE
tx_legit_008980,usr_norm_0125,merch_razorpay_016,687.88,INR,2026-08-07T04:01:03+00:00,dev_fingerprint_1418,10.0.123.238,"Pune, IN",pm_tok_synthetic_00678,768,1,0,1,3,0,NONE
tx_legit_005698,usr_norm_1838,merch_razorpay_041,364.7,INR,2026-08-07T04:15:01+00:00,dev_fingerprint_0687,192.168.160.194,"Delhi, IN",pm_tok_synthetic_00224,557,2,0,2,1,0,NONE
tx_legit_005551,usr_norm_1515,merch_razorpay_039,501.17,INR,2026-08-07T04:19:46+00:00,dev_fingerprint_0939,10.0.236.228,"Kolkata, IN",pm_tok_synthetic_02042,586,1,1,1,1,0,NONE
tx_legit_005108,usr_norm_0306,merch_razorpay_041,507.34,INR,2026-08-07T04:26:53+00:00,dev_fingerprint_0496,192.168.54.172,"Bengaluru, IN",pm_tok_synthetic_02175,261,1,0,1,2,0,NONE
tx_legit_005057,usr_norm_0793,merch_razorpay_045,279.64,INR,2026-08-07T04:29:06+00:00,dev_fingerprint_1426,192.168.74.181,"Ahmedabad, IN",pm_tok_synthetic_00396,117,1,1,1,3,0,NONE
tx_legit_002195,usr_norm_1636,merch_razorpay_013,474.28,INR,2026-08-07T04:30:10+00:00,dev_fingerprint_1167,192.168.98.99,"Delhi, IN",pm_tok_synthetic_00144,475,1,0,1,1,0,NONE
tx_legit_006097,usr_norm_1138,merch_razorpay_039,925.89,INR,2026-08-07T04:33:23+00:00,dev_fingerprint_0443,192.168.82.229,"Mumbai, IN",pm_tok_synthetic_02484,512,1,0,2,2,0,NONE
tx_legit_002743,usr_norm_0488,merch_razorpay_017,574.59,INR,2026-08-07T04:47:44+00:00,dev_fingerprint_0674,192.168.64.216,"Kolkata, IN",pm_tok_synthetic_01371,470,1,0,1,1,0,NONE
tx_legit_001008,usr_norm_1509,merch_razorpay_012,796.86,INR,2026-08-07T04:57:53+00:00,dev_fingerprint_0349,192.168.192.223,"Kolkata, IN",pm_tok_synthetic_01372,609,2,0,3,1,0,NONE
tx_legit_005457,usr_norm_0159,merch_razorpay_019,591.35,INR,2026-08-07T05:00:39+00:00,dev_fingerprint_1168,192.168.28.200,"Chennai, IN",pm_tok_synthetic_00767,710,2,0,1,1,0,NONE
tx_legit_003869,usr_norm_1468,merch_razorpay_005,548.64,INR,2026-08-07T05:04:58+00:00,dev_fingerprint_0298,192.168.30.249,"Pune, IN",pm_tok_synthetic_00120,813,1,0,1,1,0,NONE
tx_legit_002258,usr_norm_0039,merch_razorpay_006,600.23,INR,2026-08-07T05:10:45+00:00,dev_fingerprint_1183,10.0.134.106,"Chennai, IN",pm_tok_synthetic_00871,188,1,0,1,1,0,NONE
tx_legit_003536,usr_norm_0286,merch_razorpay_033,539.33,INR,2026-08-07T05:17:48+00:00,dev_fingerprint_0845,192.168.70.129,"Chennai, IN",pm_tok_synthetic_00835,450,3,1,2,1,0,NONE
tx_fraud_000551,usr_fraud_anomD_070,merch_razorpay_027,92476.13,INR,2026-08-07T05:20:03+00:00,dev_anomD_070,192.0.2.164,Unknown / VPN Node,pm_tok_anomD_070,1,12,4,3,1,1,BEHAVIORAL_ANOMALY
tx_legit_000004,usr_norm_0539,merch_razorpay_018,136.18,INR,2026-08-07T05:21:41+00:00,dev_fingerprint_1251,10.0.158.174,"Pune, IN",pm_tok_synthetic_02404,146,2,0,1,1,0,NONE
tx_legit_008767,usr_norm_1826,merch_razorpay_027,162.69,INR,2026-08-07T05:21:41+00:00,dev_fingerprint_0271,10.0.48.250,"Delhi, IN",pm_tok_synthetic_01211,274,2,0,2,1,0,NONE
tx_legit_008605,usr_norm_0425,merch_razorpay_024,575.93,INR,2026-08-07T05:25:41+00:00,dev_fingerprint_0013,10.0.31.197,"Pune, IN",pm_tok_synthetic_00563,892,3,0,1,1,0,NONE
tx_legit_000897,usr_norm_1384,merch_razorpay_014,616.69,INR,2026-08-07T05:29:04+00:00,dev_fingerprint_0813,192.168.164.29,"Mumbai, IN",pm_tok_synthetic_00141,321,1,0,2,4,0,NONE
tx_legit_005042,usr_norm_1927,merch_razorpay_005,1656.67,INR,2026-08-07T05:30:42+00:00,dev_fingerprint_1191,192.168.98.70,"Delhi, IN",pm_tok_synthetic_00598,357,2,0,1,1,0,NONE
tx_legit_007703,usr_norm_1487,merch_razorpay_038,1248.03,INR,2026-08-07T05:34:18+00:00,dev_fingerprint_1098,192.168.80.28,"Bengaluru, IN",pm_tok_synthetic_01542,563,1,0,1,1,0,NONE
tx_legit_000547,usr_norm_0070,merch_razorpay_028,573.0,INR,2026-08-07T05:34:42+00:00,dev_fingerprint_1179,192.168.244.194,"Hyderabad, IN",pm_tok_synthetic_02348,444,1,0,1,1,0,NONE
tx_legit_006490,usr_norm_1589,merch_razorpay_046,740.79,INR,2026-08-07T05:40:04+00:00,dev_fingerprint_0305,192.168.232.9,"Delhi, IN",pm_tok_synthetic_01120,147,1,0,1,3,0,NONE
tx_legit_003177,usr_norm_1159,merch_razorpay_035,1587.01,INR,2026-08-07T05:48:04+00:00,dev_fingerprint_1225,192.168.176.200,"Bengaluru, IN",pm_tok_synthetic_02227,448,1,0,1,1,0,NONE
tx_legit_007795,usr_norm_1432,merch_razorpay_036,1277.74,INR,2026-08-07T05:51:42+00:00,dev_fingerprint_0046,192.168.50.103,"Hyderabad, IN",pm_tok_synthetic_00856,787,2,0,1,3,0,NONE
tx_legit_004178,usr_norm_1522,merch_razorpay_030,1168.93,INR,2026-08-07T05:57:11+00:00,dev_fingerprint_0112,192.168.146.159,"Kolkata, IN",pm_tok_synthetic_01429,67,1,0,1,1,0,NONE
tx_legit_003829,usr_norm_1430,merch_razorpay_020,316.89,INR,2026-08-07T06:02:32+00:00,dev_fingerprint_0589,192.168.167.180,"Bengaluru, IN",pm_tok_synthetic_01406,740,1,0,1,3,0,NONE
tx_fraud_000585,usr_fraud_anomD_104,merch_razorpay_003,37485.88,INR,2026-08-07T06:02:39+00:00,dev_anomD_104,192.0.2.232,Unknown / VPN Node,pm_tok_anomD_104,2,8,5,3,2,1,BEHAVIORAL_ANOMALY
tx_legit_000192,usr_norm_1865,merch_razorpay_032,284.0,INR,2026-08-07T06:13:09+00:00,dev_fingerprint_1215,192.168.121.75,"Mumbai, IN",pm_tok_synthetic_02171,892,1,1,1,4,0,NONE
tx_legit_000223,usr_norm_0969,merch_razorpay_007,214.46,INR,2026-08-07T06:16:39+00:00,dev_fingerprint_1890,10.0.167.237,"Ahmedabad, IN",pm_tok_synthetic_01861,369,1,0,1,1,0,NONE
tx_legit_002781,usr_norm_1147,merch_razorpay_006,359.72,INR,2026-08-07T06:21:45+00:00,dev_fingerprint_1701,10.0.58.69,"Ahmedabad, IN",pm_tok_synthetic_00612,650,1,0,1,2,0,NONE
tx_legit_008169,usr_norm_0538,merch_razorpay_035,1353.94,INR,2026-08-07T06:28:44+00:00,dev_fingerprint_1308,192.168.7.46,"Hyderabad, IN",pm_tok_synthetic_02445,427,1,0,2,1,0,NONE
tx_legit_005915,usr_norm_0808,merch_razorpay_003,204.29,INR,2026-08-07T06:37:18+00:00,dev_fingerprint_1741,10.0.250.225,"Ahmedabad, IN",pm_tok_synthetic_01131,562,1,0,1,2,0,NONE
tx_legit_007183,usr_norm_0174,merch_razorpay_028,1114.04,INR,2026-08-07T06:49:32+00:00,dev_fingerprint_0635,192.168.30.145,"Ahmedabad, IN",pm_tok_synthetic_01631,864,1,0,1,1,0,NONE
tx_fraud_000372,usr_fraud_reuseC_011,merch_razorpay_031,9837.89,INR,2026-08-07T06:53:54+00:00,dev_reuseC_003,198.51.100.112,"Mumbai, IN",pm_tok_stolen_C_001,2,5,3,3,4,1,PAYMENT_REF_REUSE
tx_legit_005784,usr_norm_0976,merch_razorpay_007,667.55,INR,2026-08-07T06:54:16+00:00,dev_fingerprint_0336,192.168.13.67,"Chennai, IN",pm_tok_synthetic_00575,871,1,0,1,1,0,NONE
tx_legit_008262,usr_norm_1967,merch_razorpay_046,741.17,INR,2026-08-07T07:08:01+00:00,dev_fingerprint_1167,192.168.69.17,"Pune, IN",pm_tok_synthetic_00405,869,1,1,1,2,0,NONE
tx_legit_004957,usr_norm_0120,merch_razorpay_049,201.97,INR,2026-08-07T07:08:44+00:00,dev_fingerprint_0317,192.168.64.191,"Hyderabad, IN",pm_tok_synthetic_01211,894,1,0,3,1,0,NONE
tx_legit_003065,usr_norm_1321,merch_razorpay_035,645.22,INR,2026-08-07T07:10:08+00:00,dev_fingerprint_0324,192.168.113.88,"Ahmedabad, IN",pm_tok_synthetic_00172,792,4,0,1,1,0,NONE
tx_fraud_000426,usr_fraud_reuseC_005,merch_razorpay_017,21506.26,INR,2026-08-07T07:12:22+00:00,dev_reuseC_023,198.51.100.133,"Ahmedabad, IN",pm_tok_stolen_C_002,0,5,1,2,6,1,PAYMENT_REF_REUSE
tx_legit_003707,usr_norm_1012,merch_razorpay_000,316.28,INR,2026-08-07T07:12:41+00:00,dev_fingerprint_1325,192.168.212.188,"Bengaluru, IN",pm_tok_synthetic_01592,273,1,0,1,1,0,NONE
tx_legit_002313,usr_norm_0274,merch_razorpay_031,613.73,INR,2026-08-07T07:23:45+00:00,dev_fingerprint_0688,192.168.246.167,"Bengaluru, IN",pm_tok_synthetic_02087,575,1,0,2,1,0,NONE
tx_legit_006164,usr_norm_0259,merch_razorpay_040,179.84,INR,2026-08-07T07:30:24+00:00,dev_fingerprint_0749,192.168.99.49,"Ahmedabad, IN",pm_tok_synthetic_01651,404,2,0,1,5,0,NONE
tx_legit_001549,usr_norm_1948,merch_razorpay_025,616.5,INR,2026-08-07T07:31:56+00:00,dev_fingerprint_0742,192.168.156.109,"Mumbai, IN",pm_tok_synthetic_02229,641,1,0,1,1,0,NONE
tx_legit_002862,usr_norm_0063,merch_razorpay_026,238.81,INR,2026-08-07T07:34:04+00:00,dev_fingerprint_0281,192.168.99.49,"Chennai, IN",pm_tok_synthetic_01046,326,1,0,1,1,0,NONE
tx_legit_008630,usr_norm_1363,merch_razorpay_005,237.72,INR,2026-08-07T07:38:06+00:00,dev_fingerprint_1957,192.168.119.47,"Pune, IN",pm_tok_synthetic_00327,509,1,0,1,2,0,NONE
tx_legit_006419,usr_norm_0206,merch_razorpay_026,187.73,INR,2026-08-07T07:44:53+00:00,dev_fingerprint_1974,192.168.60.99,"Delhi, IN",pm_tok_synthetic_00707,760,2,0,1,1,0,NONE
tx_legit_003137,usr_norm_1019,merch_razorpay_000,83.03,INR,2026-08-07T07:45:43+00:00,dev_fingerprint_1932,192.168.4.218,"Delhi, IN",pm_tok_synthetic_02471,231,1,0,1,1,0,NONE
tx_fraud_000085,usr_fraud_ringA_009,merch_razorpay_043,17961.51,INR,2026-08-07T07:48:51+00:00,dev_fraud_ring_A_0,198.51.100.20,"Chennai, IN",pm_tok_ringA_008,9,7,2,18,3,1,DEVICE_SHARING_RING
tx_legit_007926,usr_norm_0964,merch_razorpay_010,612.97,INR,2026-08-07T07:57:28+00:00,dev_fingerprint_0844,192.168.213.161,"Hyderabad, IN",pm_tok_synthetic_02282,592,2,1,1,4,0,NONE
tx_legit_003399,usr_norm_1973,merch_razorpay_023,169.99,INR,2026-08-07T08:03:49+00:00,dev_fingerprint_1207,192.168.72.119,"Kolkata, IN",pm_tok_synthetic_01800,719,1,0,1,2,0,NONE
tx_legit_005889,usr_norm_0218,merch_razorpay_045,474.34,INR,2026-08-07T08:10:50+00:00,dev_fingerprint_1177,192.168.102.227,"Mumbai, IN",pm_tok_synthetic_00513,354,3,0,1,2,0,NONE
tx_legit_007548,usr_norm_0794,merch_razorpay_015,326.35,INR,2026-08-07T08:15:01+00:00,dev_fingerprint_1368,192.168.247.252,"Bengaluru, IN",pm_tok_synthetic_02217,453,1,2,1,2,0,NONE
tx_legit_003780,usr_norm_0822,merch_razorpay_010,733.7,INR,2026-08-07T08:19:23+00:00,dev_fingerprint_0762,192.168.207.41,"Mumbai, IN",pm_tok_synthetic_01383,867,1,0,1,1,0,NONE
tx_fraud_000580,usr_fraud_anomD_099,merch_razorpay_022,53096.38,INR,2026-08-07T08:24:52+00:00,dev_anomD_099,192.0.2.173,Unknown / VPN Node,pm_tok_anomD_099,8,8,5,3,2,1,BEHAVIORAL_ANOMALY
tx_legit_002376,usr_norm_0919,merch_razorpay_020,708.99,INR,2026-08-07T08:26:16+00:00,dev_fingerprint_0733,192.168.173.211,"Chennai, IN",pm_tok_synthetic_01678,332,1,0,1,1,0,NONE
tx_legit_007940,usr_norm_0316,merch_razorpay_018,272.48,INR,2026-08-07T08:41:48+00:00,dev_fingerprint_0855,192.168.74.199,"Ahmedabad, IN",pm_tok_synthetic_00720,67,1,0,1,2,0,NONE
tx_legit_006602,usr_norm_1938,merch_razorpay_000,404.36,INR,2026-08-07T08:44:30+00:00,dev_fingerprint_0294,192.168.51.184,"Delhi, IN",pm_tok_synthetic_00560,560,1,1,1,1,0,NONE
tx_fraud_000334,usr_fraud_reuseC_013,merch_razorpay_042,4028.32,INR,2026-08-07T08:49:56+00:00,dev_reuseC_003,198.51.100.140,"Mumbai, IN",pm_tok_stolen_C_001,4,4,0,4,6,1,PAYMENT_REF_REUSE
tx_legit_001278,usr_norm_0504,merch_razorpay_049,159.47,INR,2026-08-07T08:55:10+00:00,dev_fingerprint_0981,192.168.62.185,"Pune, IN",pm_tok_synthetic_01641,577,2,0,2,1,0,NONE
tx_legit_006239,usr_norm_1622,merch_razorpay_043,194.27,INR,2026-08-07T08:55:49+00:00,dev_fingerprint_1421,192.168.53.172,"Hyderabad, IN",pm_tok_synthetic_00708,708,1,0,1,2,0,NONE
tx_legit_008628,usr_norm_0965,merch_razorpay_011,578.24,INR,2026-08-07T09:01:13+00:00,dev_fingerprint_0000,192.168.61.162,"Chennai, IN",pm_tok_synthetic_00372,840,1,0,1,2,0,NONE
tx_legit_007091,usr_norm_0180,merch_razorpay_006,637.53,INR,2026-08-07T09:03:29+00:00,dev_fingerprint_1933,10.0.91.79,"Delhi, IN",pm_tok_synthetic_00765,538,1,0,1,1,0,NONE
tx_legit_002045,usr_norm_1731,merch_razorpay_038,713.81,INR,2026-08-07T09:05:52+00:00,dev_fingerprint_1361,192.168.231.246,"Pune, IN",pm_tok_synthetic_01091,185,1,0,1,2,0,NONE
tx_legit_002914,usr_norm_0678,merch_razorpay_022,758.22,INR,2026-08-07T09:09:17+00:00,dev_fingerprint_1575,10.0.133.116,"Hyderabad, IN",pm_tok_synthetic_01719,533,2,0,1,3,0,NONE
tx_fraud_000639,usr_fraud_anomD_158,merch_razorpay_021,74111.43,INR,2026-08-07T09:17:46+00:00,dev_anomD_158,192.0.2.235,Unknown / VPN Node,pm_tok_anomD_158,1,16,7,1,4,1,BEHAVIORAL_ANOMALY
tx_fraud_000065,usr_fraud_ringA_014,merch_razorpay_027,5159.83,INR,2026-08-07T09:20:48+00:00,dev_fraud_ring_A_0,198.51.100.52,"Ahmedabad, IN",pm_tok_ringA_005,14,11,3,16,4,1,DEVICE_SHARING_RING
tx_legit_004271,usr_norm_1670,merch_razorpay_002,3432.79,INR,2026-08-07T09:21:49+00:00,dev_fingerprint_0022,192.168.219.229,"Bengaluru, IN",pm_tok_synthetic_01859,554,1,0,2,3,0,NONE
tx_legit_007985,usr_norm_0997,merch_razorpay_018,1446.48,INR,2026-08-07T09:23:27+00:00,dev_fingerprint_0429,192.168.223.193,"Hyderabad, IN",pm_tok_synthetic_01190,733,1,1,1,1,0,NONE
tx_legit_006974,usr_norm_1014,merch_razorpay_003,287.66,INR,2026-08-07T09:25:41+00:00,dev_fingerprint_1360,10.0.197.31,"Bengaluru, IN",pm_tok_synthetic_01562,426,2,0,1,2,0,NONE
tx_legit_004723,usr_norm_1329,merch_razorpay_018,616.78,INR,2026-08-07T09:25:45+00:00,dev_fingerprint_0086,192.168.49.22,"Delhi, IN",pm_tok_synthetic_01946,734,1,0,1,4,0,NONE
tx_fraud_000094,usr_fraud_ringA_018,merch_razorpay_020,13263.94,INR,2026-08-07T09:28:29+00:00,dev_fraud_ring_A_0,198.51.100.33,"Chennai, IN",pm_tok_ringA_008,5,5,3,8,6,1,DEVICE_SHARING_RING
tx_legit_003796,usr_norm_0786,merch_razorpay_042,585.28,INR,2026-08-07T09:35:25+00:00,dev_fingerprint_0969,192.168.44.45,"Bengaluru, IN",pm_tok_synthetic_00473,345,1,0,1,1,0,NONE
tx_legit_008540,usr_norm_0703,merch_razorpay_025,450.77,INR,2026-08-07T09:42:26+00:00,dev_fingerprint_0024,192.168.176.84,"Pune, IN",pm_tok_synthetic_00910,163,2,0,1,1,0,NONE
tx_legit_009075,usr_norm_0431,merch_razorpay_041,318.27,INR,2026-08-07T09:47:00+00:00,dev_fingerprint_1921,192.168.63.38,"Delhi, IN",pm_tok_synthetic_00048,47,1,0,1,1,0,NONE
tx_legit_001548,usr_norm_1852,merch_razorpay_028,771.23,INR,2026-08-07T09:48:19+00:00,dev_fingerprint_1091,192.168.76.84,"Kolkata, IN",pm_tok_synthetic_01197,492,1,0,1,3,0,NONE
tx_legit_004741,usr_norm_0490,merch_razorpay_031,471.75,INR,2026-08-07T09:51:34+00:00,dev_fingerprint_0615,192.168.202.180,"Delhi, IN",pm_tok_synthetic_02470,741,2,0,1,3,0,NONE
tx_legit_005586,usr_norm_1778,merch_razorpay_047,248.86,INR,2026-08-07T09:54:01+00:00,dev_fingerprint_0554,192.168.200.210,"Delhi, IN",pm_tok_synthetic_01844,451,1,0,2,1,0,NONE
tx_legit_008940,usr_norm_1290,merch_razorpay_003,565.67,INR,2026-08-07T09:56:08+00:00,dev_fingerprint_0977,192.168.231.92,"Delhi, IN",pm_tok_synthetic_00037,814,2,1,1,4,0,NONE
tx_legit_004438,usr_norm_0878,merch_razorpay_018,722.59,INR,2026-08-07T10:01:36+00:00,dev_fingerprint_1623,192.168.65.214,"Delhi, IN",pm_tok_synthetic_00490,727,1,0,2,3,0,NONE
tx_legit_006386,usr_norm_1140,merch_razorpay_049,426.39,INR,2026-08-07T10:02:08+00:00,dev_fingerprint_0841,10.0.182.212,"Pune, IN",pm_tok_synthetic_00584,843,1,0,1,2,0,NONE
tx_legit_000577,usr_norm_1051,merch_razorpay_025,232.02,INR,2026-08-07T10:07:48+00:00,dev_fingerprint_0147,192.168.205.62,"Delhi, IN",pm_tok_synthetic_00629,54,1,0,1,2,0,NONE
tx_legit_005090,usr_norm_0358,merch_razorpay_001,2010.06,INR,2026-08-07T10:16:37+00:00,dev_fingerprint_0149,192.168.26.98,"Chennai, IN",pm_tok_synthetic_01735,382,1,0,1,1,0,NONE
tx_legit_001121,usr_norm_1403,merch_razorpay_007,903.49,INR,2026-08-07T10:17:38+00:00,dev_fingerprint_1336,192.168.234.150,"Delhi, IN",pm_tok_synthetic_02467,41,1,0,1,1,0,NONE
tx_legit_007486,usr_norm_0119,merch_razorpay_019,575.21,INR,2026-08-07T10:19:58+00:00,dev_fingerprint_0995,192.168.139.215,"Pune, IN",pm_tok_synthetic_00927,170,1,0,1,2,0,NONE
tx_legit_003508,usr_norm_1885,merch_razorpay_035,186.59,INR,2026-08-07T10:30:37+00:00,dev_fingerprint_0301,192.168.247.10,"Delhi, IN",pm_tok_synthetic_02315,776,1,1,1,1,0,NONE
tx_legit_000069,usr_norm_0714,merch_razorpay_019,443.08,INR,2026-08-07T10:44:03+00:00,dev_fingerprint_0573,192.168.20.183,"Ahmedabad, IN",pm_tok_synthetic_00608,65,2,0,1,1,0,NONE
tx_legit_008215,usr_norm_1522,merch_razorpay_047,288.49,INR,2026-08-07T10:47:01+00:00,dev_fingerprint_0112,192.168.146.159,"Ahmedabad, IN",pm_tok_synthetic_01429,67,1,0,1,2,0,NONE
tx_legit_006265,usr_norm_0076,merch_razorpay_004,222.33,INR,2026-08-07T10:47:19+00:00,dev_fingerprint_0892,192.168.5.24,"Ahmedabad, IN",pm_tok_synthetic_01640,566,1,0,1,3,0,NONE
tx_legit_005559,usr_norm_0712,merch_razorpay_048,256.46,INR,2026-08-07T10:48:00+00:00,dev_fingerprint_0783,192.168.203.79,"Delhi, IN",pm_tok_synthetic_01747,206,1,0,1,1,0,NONE
tx_fraud_000480,usr_fraud_reuseC_019,merch_razorpay_020,12222.9,INR,2026-08-07T10:52:18+00:00,dev_reuseC_023,198.51.100.187,"Bengaluru, IN",pm_tok_stolen_C_005,5,9,1,5,3,1,PAYMENT_REF_REUSE
tx_legit_001125,usr_norm_1685,merch_razorpay_024,331.37,INR,2026-08-07T10:54:24+00:00,dev_fingerprint_0370,192.168.247.10,"Ahmedabad, IN",pm_tok_synthetic_02160,63,2,0,1,1,0,NONE
tx_legit_000195,usr_norm_0350,merch_razorpay_040,1027.61,INR,2026-08-07T10:55:22+00:00,dev_fingerprint_0238,192.168.69.212,"Delhi, IN",pm_tok_synthetic_00841,764,1,0,1,1,0,NONE
tx_legit_004596,usr_norm_0899,merch_razorpay_024,683.7,INR,2026-08-07T10:56:56+00:00,dev_fingerprint_0691,192.168.213.233,"Ahmedabad, IN",pm_tok_synthetic_00548,380,2,0,1,3,0,NONE
tx_legit_007031,usr_norm_0694,merch_razorpay_011,530.99,INR,2026-08-07T11:02:17+00:00,dev_fingerprint_0185,10.0.126.147,"Kolkata, IN",pm_tok_synthetic_01246,876,1,0,2,3,0,NONE
tx_legit_000706,usr_norm_0807,merch_razorpay_018,775.66,INR,2026-08-07T11:04:13+00:00,dev_fingerprint_0794,192.168.167.70,"Delhi, IN",pm_tok_synthetic_01627,595,1,0,1,2,0,NONE
tx_legit_004870,usr_norm_1585,merch_razorpay_033,1421.13,INR,2026-08-07T11:04:29+00:00,dev_fingerprint_1182,192.168.131.181,"Hyderabad, IN",pm_tok_synthetic_01278,684,1,0,1,2,0,NONE
tx_legit_000289,usr_norm_0904,merch_razorpay_011,209.38,INR,2026-08-07T11:12:31+00:00,dev_fingerprint_0252,192.168.218.32,"Pune, IN",pm_tok_synthetic_00153,414,4,0,1,1,0,NONE
tx_fraud_000401,usr_fraud_reuseC_000,merch_razorpay_011,11190.6,INR,2026-08-07T11:18:32+00:00,dev_reuseC_010,198.51.100.188,"Pune, IN",pm_tok_stolen_C_001,5,9,1,3,4,1,PAYMENT_REF_REUSE
tx_legit_000462,usr_norm_0725,merch_razorpay_046,815.48,INR,2026-08-07T11:22:18+00:00,dev_fingerprint_1222,192.168.219.136,"Mumbai, IN",pm_tok_synthetic_00120,860,4,0,1,1,0,NONE
tx_legit_005353,usr_norm_0456,merch_razorpay_042,515.12,INR,2026-08-07T11:25:14+00:00,dev_fingerprint_0286,192.168.106.12,"Ahmedabad, IN",pm_tok_synthetic_00321,542,1,0,1,1,0,NONE
tx_legit_006121,usr_norm_0258,merch_razorpay_002,317.83,INR,2026-08-07T11:25:38+00:00,dev_fingerprint_0274,192.168.74.199,"Bengaluru, IN",pm_tok_synthetic_01083,774,1,0,1,3,0,NONE
tx_legit_001971,usr_norm_1897,merch_razorpay_049,275.74,INR,2026-08-07T11:29:38+00:00,dev_fingerprint_1365,10.0.20.14,"Pune, IN",pm_tok_synthetic_01628,181,1,0,1,2,0,NONE
tx_legit_006932,usr_norm_1224,merch_razorpay_030,292.46,INR,2026-08-07T11:33:24+00:00,dev_fingerprint_1176,192.168.98.147,"Pune, IN",pm_tok_synthetic_01125,532,4,0,1,1,0,NONE
tx_legit_006736,usr_norm_1219,merch_razorpay_001,596.49,INR,2026-08-07T11:34:28+00:00,dev_fingerprint_1916,192.168.12.84,"Pune, IN",pm_tok_synthetic_01458,189,1,0,2,1,0,NONE
tx_legit_004014,usr_norm_0180,merch_razorpay_041,144.58,INR,2026-08-07T11:35:16+00:00,dev_fingerprint_0694,192.168.248.32,"Delhi, IN",pm_tok_synthetic_00765,538,1,0,1,3,0,NONE
tx_legit_000196,usr_norm_1686,merch_razorpay_040,922.01,INR,2026-08-07T11:40:07+00:00,dev_fingerprint_0702,192.168.131.127,"Pune, IN",pm_tok_synthetic_00594,639,1,0,1,1,0,NONE
tx_legit_005020,usr_norm_0152,merch_razorpay_001,930.79,INR,2026-08-07T11:43:38+00:00,dev_fingerprint_1879,192.168.77.215,"Mumbai, IN",pm_tok_synthetic_01180,273,2,0,3,1,0,NONE
tx_legit_002687,usr_norm_1655,merch_razorpay_012,504.79,INR,2026-08-07T11:46:03+00:00,dev_fingerprint_0368,192.168.17.107,"Bengaluru, IN",pm_tok_synthetic_02086,464,2,0,1,2,0,NONE
tx_legit_008511,usr_norm_0480,merch_razorpay_031,557.74,INR,2026-08-07T11:52:00+00:00,dev_fingerprint_0616,192.168.70.73,"Ahmedabad, IN",pm_tok_synthetic_02019,179,1,0,1,2,0,NONE
tx_legit_000923,usr_norm_0734,merch_razorpay_025,523.11,INR,2026-08-07T11:54:46+00:00,dev_fingerprint_1440,192.168.221.148,"Pune, IN",pm_tok_synthetic_01440,611,1,0,1,1,0,NONE
tx_legit_001075,usr_norm_0185,merch_razorpay_021,82.29,INR,2026-08-07T12:00:05+00:00,dev_fingerprint_0210,192.168.68.192,"Kolkata, IN",pm_tok_synthetic_01343,706,3,0,1,1,0,NONE
tx_legit_002576,usr_norm_0337,merch_razorpay_025,821.98,INR,2026-08-07T12:00:12+00:00,dev_fingerprint_1029,192.168.94.24,"Chennai, IN",pm_tok_synthetic_01273,736,1,0,1,1,0,NONE
tx_legit_008554,usr_norm_0139,merch_razorpay_014,315.75,INR,2026-08-07T12:00:14+00:00,dev_fingerprint_0920,192.168.136.129,"Mumbai, IN",pm_tok_synthetic_02102,180,1,0,1,2,0,NONE
tx_legit_005595,usr_norm_0285,merch_razorpay_049,471.43,INR,2026-08-07T12:10:22+00:00,dev_fingerprint_1710,10.0.73.71,"Pune, IN",pm_tok_synthetic_01426,185,1,2,1,1,0,NONE
tx_legit_006264,usr_norm_1113,merch_razorpay_016,702.19,INR,2026-08-07T12:13:04+00:00,dev_fingerprint_0739,192.168.55.131,"Delhi, IN",pm_tok_synthetic_01923,495,1,0,1,1,0,NONE
tx_legit_003108,usr_norm_0356,merch_razorpay_026,1483.83,INR,2026-08-07T12:14:10+00:00,dev_fingerprint_0044,192.168.86.24,"Hyderabad, IN",pm_tok_synthetic_01042,866,1,0,1,2,0,NONE
tx_legit_001950,usr_norm_1072,merch_razorpay_003,257.37,INR,2026-08-07T12:16:28+00:00,dev_fingerprint_0174,192.168.105.250,"Bengaluru, IN",pm_tok_synthetic_00860,796,1,0,2,1,0,NONE
tx_legit_008538,usr_norm_0568,merch_razorpay_048,330.52,INR,2026-08-07T12:20:51+00:00,dev_fingerprint_0718,192.168.151.77,"Delhi, IN",pm_tok_synthetic_02499,677,1,2,1,1,0,NONE
tx_legit_000166,usr_norm_1102,merch_razorpay_002,849.69,INR,2026-08-07T12:21:49+00:00,dev_fingerprint_0803,192.168.48.18,"Hyderabad, IN",pm_tok_synthetic_02415,780,1,0,1,1,0,NONE
tx_legit_001420,usr_norm_0719,merch_razorpay_012,220.6,INR,2026-08-07T12:23:42+00:00,dev_fingerprint_1316,192.168.156.206,"Ahmedabad, IN",pm_tok_synthetic_02153,285,1,0,1,2,0,NONE
tx_legit_005564,usr_norm_0234,merch_razorpay_040,1363.66,INR,2026-08-07T12:27:27+00:00,dev_fingerprint_1333,192.168.40.49,"Ahmedabad, IN",pm_tok_synthetic_02343,456,1,0,1,3,0,NONE
tx_legit_008697,usr_norm_1648,merch_razorpay_020,853.6,INR,2026-08-07T12:29:21+00:00,dev_fingerprint_0737,10.0.161.167,"Hyderabad, IN",pm_tok_synthetic_01708,187,1,0,1,2,0,NONE
tx_legit_004865,usr_norm_1849,merch_razorpay_014,594.94,INR,2026-08-07T12:31:22+00:00,dev_fingerprint_0129,192.168.76.142,"Kolkata, IN",pm_tok_synthetic_01414,493,3,0,2,2,0,NONE
tx_legit_008413,usr_norm_1608,merch_razorpay_043,465.41,INR,2026-08-07T12:33:22+00:00,dev_fingerprint_0375,192.168.173.215,"Kolkata, IN",pm_tok_synthetic_01353,837,1,0,1,1,0,NONE
tx_legit_007637,usr_norm_0140,merch_razorpay_023,717.84,INR,2026-08-07T12:53:09+00:00,dev_fingerprint_0895,192.168.17.99,"Chennai, IN",pm_tok_synthetic_00909,866,1,0,1,1,0,NONE
tx_legit_009057,usr_norm_1426,merch_razorpay_020,904.07,INR,2026-08-07T12:56:18+00:00,dev_fingerprint_0091,192.168.203.102,"Kolkata, IN",pm_tok_synthetic_00956,234,1,0,1,3,0,NONE
tx_legit_007547,usr_norm_0608,merch_razorpay_043,114.48,INR,2026-08-07T12:57:22+00:00,dev_fingerprint_1527,192.168.111.202,"Ahmedabad, IN",pm_tok_synthetic_00365,778,1,0,1,3,0,NONE
tx_legit_009093,usr_norm_0626,merch_razorpay_042,97.81,INR,2026-08-07T12:59:11+00:00,dev_fingerprint_0493,192.168.213.108,"Ahmedabad, IN",pm_tok_synthetic_02432,102,1,1,1,2,0,NONE
tx_legit_007900,usr_norm_0199,merch_razorpay_024,170.4,INR,2026-08-07T13:09:18+00:00,dev_fingerprint_0281,192.168.97.102,"Hyderabad, IN",pm_tok_synthetic_01503,437,1,0,1,1,0,NONE
tx_legit_006446,usr_norm_0631,merch_razorpay_012,552.19,INR,2026-08-07T13:10:36+00:00,dev_fingerprint_0149,192.168.151.72,"Pune, IN",pm_tok_synthetic_02405,99,1,0,2,2,0,NONE
tx_legit_000786,usr_norm_1144,merch_razorpay_022,1004.36,INR,2026-08-07T13:10:53+00:00,dev_fingerprint_1221,10.0.45.148,"Ahmedabad, IN",pm_tok_synthetic_00281,265,4,0,1,1,0,NONE
tx_legit_006893,usr_norm_0899,merch_razorpay_033,1086.24,INR,2026-08-07T13:20:58+00:00,dev_fingerprint_0691,192.168.213.233,"Chennai, IN",pm_tok_synthetic_00548,380,1,0,1,2,0,NONE
tx_legit_004686,usr_norm_0407,merch_razorpay_040,432.82,INR,2026-08-07T13:22:55+00:00,dev_fingerprint_0579,192.168.141.214,"Hyderabad, IN",pm_tok_synthetic_01909,576,1,0,1,1,0,NONE
tx_legit_008291,usr_norm_1768,merch_razorpay_028,216.45,INR,2026-08-07T13:23:44+00:00,dev_fingerprint_0129,192.168.154.83,"Mumbai, IN",pm_tok_synthetic_01121,174,1,0,1,2,0,NONE
tx_legit_004075,usr_norm_1926,merch_razorpay_016,274.86,INR,2026-08-07T13:26:39+00:00,dev_fingerprint_1178,192.168.151.72,"Pune, IN",pm_tok_synthetic_01063,196,2,0,2,2,0,NONE
tx_legit_000643,usr_norm_0259,merch_razorpay_007,343.35,INR,2026-08-07T13:32:26+00:00,dev_fingerprint_1617,192.168.99.49,"Ahmedabad, IN",pm_tok_synthetic_01651,404,1,0,2,2,0,NONE
tx_fraud_000338,usr_fraud_reuseC_017,merch_razorpay_011,19094.39,INR,2026-08-07T13:32:49+00:00,dev_reuseC_004,198.51.100.168,"Bengaluru, IN",pm_tok_stolen_C_003,0,4,1,3,6,1,PAYMENT_REF_REUSE
tx_legit_001265,usr_norm_1113,merch_razorpay_006,731.37,INR,2026-08-07T13:33:22+00:00,dev_fingerprint_0739,192.168.55.131,"Bengaluru, IN",pm_tok_synthetic_01923,495,2,0,1,3,0,NONE
tx_legit_003480,usr_norm_0298,merch_razorpay_033,343.85,INR,2026-08-07T13:38:47+00:00,dev_fingerprint_0249,192.168.125.55,"Hyderabad, IN",pm_tok_synthetic_02224,418,4,1,1,1,0,NONE
tx_legit_003188,usr_norm_1888,merch_razorpay_005,327.41,INR,2026-08-07T13:41:00+00:00,dev_fingerprint_1827,192.168.229.213,"Mumbai, IN",pm_tok_synthetic_00478,345,1,0,3,3,0,NONE
tx_legit_002345,usr_norm_0131,merch_razorpay_018,355.93,INR,2026-08-07T13:45:40+00:00,dev_fingerprint_1389,192.168.78.127,"Bengaluru, IN",pm_tok_synthetic_02336,481,1,2,1,1,0,NONE
tx_legit_001135,usr_norm_0271,merch_razorpay_020,191.46,INR,2026-08-07T13:47:24+00:00,dev_fingerprint_1241,192.168.232.161,"Kolkata, IN",pm_tok_synthetic_02111,173,1,0,1,2,0,NONE
tx_legit_004722,usr_norm_1346,merch_razorpay_018,283.05,INR,2026-08-07T13:49:02+00:00,dev_fingerprint_0605,192.168.245.82,"Chennai, IN",pm_tok_synthetic_01078,584,1,0,1,2,0,NONE
tx_legit_002555,usr_norm_1837,merch_razorpay_020,1243.61,INR,2026-08-07T13:51:57+00:00,dev_fingerprint_1626,192.168.62.147,"Kolkata, IN",pm_tok_synthetic_00331,665,1,0,1,2,0,NONE
tx_legit_002950,usr_norm_0197,merch_razorpay_016,791.63,INR,2026-08-07T13:53:50+00:00,dev_fingerprint_1239,192.168.57.2,"Mumbai, IN",pm_tok_synthetic_00645,409,3,0,1,1,0,NONE
tx_legit_007967,usr_norm_1517,merch_razorpay_025,762.47,INR,2026-08-07T13:57:09+00:00,dev_fingerprint_0444,10.0.134.199,"Ahmedabad, IN",pm_tok_synthetic_01948,494,1,0,1,1,0,NONE
tx_legit_003966,usr_norm_0820,merch_razorpay_007,476.13,INR,2026-08-07T14:00:56+00:00,dev_fingerprint_0810,192.168.185.197,"Ahmedabad, IN",pm_tok_synthetic_01357,737,1,0,1,1,0,NONE
tx_legit_006270,usr_norm_0872,merch_razorpay_001,894.2,INR,2026-08-07T14:02:06+00:00,dev_fingerprint_0374,192.168.78.127,"Hyderabad, IN",pm_tok_synthetic_01374,700,1,0,1,3,0,NONE
tx_legit_003299,usr_norm_1861,merch_razorpay_011,831.71,INR,2026-08-07T14:03:07+00:00,dev_fingerprint_1320,192.168.179.109,"Delhi, IN",pm_tok_synthetic_01194,223,1,0,1,1,0,NONE
tx_fraud_000365,usr_fraud_reuseC_004,merch_razorpay_026,12994.14,INR,2026-08-07T14:07:42+00:00,dev_reuseC_003,198.51.100.188,"Pune, IN",pm_tok_stolen_C_002,0,9,3,4,4,1,PAYMENT_REF_REUSE
tx_legit_000988,usr_norm_0552,merch_razorpay_045,751.03,INR,2026-08-07T14:12:02+00:00,dev_fingerprint_0992,192.168.243.141,"Hyderabad, IN",pm_tok_synthetic_00799,864,2,0,1,1,0,NONE
tx_legit_008054,usr_norm_1300,merch_razorpay_000,335.29,INR,2026-08-07T14:18:59+00:00,dev_fingerprint_0550,10.0.63.199,"Mumbai, IN",pm_tok_synthetic_00770,100,1,0,1,1,0,NONE
tx_legit_005029,usr_norm_0331,merch_razorpay_016,523.72,INR,2026-08-07T14:23:11+00:00,dev_fingerprint_0013,192.168.77.239,"Bengaluru, IN",pm_tok_synthetic_01571,271,2,0,1,1,0,NONE
tx_legit_009162,usr_norm_1602,merch_razorpay_015,519.19,INR,2026-08-07T14:23:11+00:00,dev_fingerprint_0405,192.168.249.24,"Delhi, IN",pm_tok_synthetic_02185,110,1,0,1,1,0,NONE
tx_legit_008761,usr_norm_1870,merch_razorpay_045,989.66,INR,2026-08-07T14:28:42+00:00,dev_fingerprint_0723,192.168.142.181,"Bengaluru, IN",pm_tok_synthetic_01867,200,1,0,1,1,0,NONE
tx_legit_004872,usr_norm_1963,merch_razorpay_013,627.99,INR,2026-08-07T14:30:16+00:00,dev_fingerprint_1373,192.168.131.30,"Delhi, IN",pm_tok_synthetic_00119,122,1,0,1,2,0,NONE
tx_legit_002021,usr_norm_0542,merch_razorpay_015,1169.49,INR,2026-08-07T14:33:19+00:00,dev_fingerprint_1208,10.0.201.238,"Pune, IN",pm_tok_synthetic_00548,350,1,0,1,1,0,NONE
tx_legit_000022,usr_norm_0669,merch_razorpay_041,1040.98,INR,2026-08-07T14:33:32+00:00,dev_fingerprint_0597,192.168.63.213,"Delhi, IN",pm_tok_synthetic_01244,787,1,0,1,1,0,NONE
tx_legit_000717,usr_norm_1256,merch_razorpay_039,432.98,INR,2026-08-07T14:35:50+00:00,dev_fingerprint_0582,192.168.182.112,"Bengaluru, IN",pm_tok_synthetic_01331,719,3,0,1,1,0,NONE
tx_legit_001719,usr_norm_0326,merch_razorpay_018,950.8,INR,2026-08-07T14:39:57+00:00,dev_fingerprint_1606,10.0.242.98,"Delhi, IN",pm_tok_synthetic_00791,209,1,0,1,1,0,NONE
tx_legit_001709,usr_norm_1809,merch_razorpay_017,150.67,INR,2026-08-07T14:40:33+00:00,dev_fingerprint_0227,192.168.66.118,"Mumbai, IN",pm_tok_synthetic_01906,499,1,0,1,1,0,NONE
tx_legit_003611,usr_norm_1113,merch_razorpay_030,449.28,INR,2026-08-07T14:42:52+00:00,dev_fingerprint_0739,192.168.55.131,"Chennai, IN",pm_tok_synthetic_01923,495,1,1,1,1,0,NONE
tx_legit_005502,usr_norm_0485,merch_razorpay_046,650.41,INR,2026-08-07T14:47:22+00:00,dev_fingerprint_1262,192.168.61.43,"Hyderabad, IN",pm_tok_synthetic_01875,139,1,0,1,1,0,NONE
tx_legit_004381,usr_norm_0300,merch_razorpay_035,142.95,INR,2026-08-07T14:49:04+00:00,dev_fingerprint_0299,192.168.140.10,"Delhi, IN",pm_tok_synthetic_00172,324,1,0,1,1,0,NONE
tx_legit_000279,usr_norm_1197,merch_razorpay_013,4803.92,INR,2026-08-07T14:55:14+00:00,dev_fingerprint_1241,192.168.177.95,"Delhi, IN",pm_tok_synthetic_00796,495,1,0,2,1,0,NONE
tx_legit_004443,usr_norm_1463,merch_razorpay_011,337.55,INR,2026-08-07T14:56:48+00:00,dev_fingerprint_0632,192.168.78.180,"Delhi, IN",pm_tok_synthetic_02145,168,1,1,1,2,0,NONE
tx_legit_001879,usr_norm_0808,merch_razorpay_025,729.21,INR,2026-08-07T15:01:22+00:00,dev_fingerprint_0667,192.168.174.140,"Kolkata, IN",pm_tok_synthetic_01131,562,2,0,1,2,0,NONE
tx_legit_007598,usr_norm_0814,merch_razorpay_031,2336.07,INR,2026-08-07T15:05:36+00:00,dev_fingerprint_0206,192.168.223.49,"Hyderabad, IN",pm_tok_synthetic_01171,578,2,0,1,1,0,NONE
tx_legit_000967,usr_norm_0906,merch_razorpay_004,83.49,INR,2026-08-07T15:05:39+00:00,dev_fingerprint_0099,10.0.152.208,"Chennai, IN",pm_tok_synthetic_00196,707,1,0,2,2,0,NONE
tx_legit_008255,usr_norm_1139,merch_razorpay_026,707.51,INR,2026-08-07T15:14:26+00:00,dev_fingerprint_0986,192.168.25.169,"Pune, IN",pm_tok_synthetic_00898,880,1,0,1,1,0,NONE
tx_legit_003807,usr_norm_0333,merch_razorpay_028,322.0,INR,2026-08-07T15:16:47+00:00,dev_fingerprint_1612,192.168.62.185,"Mumbai, IN",pm_tok_synthetic_01904,41,1,0,1,2,0,NONE
tx_legit_003165,usr_norm_0600,merch_razorpay_006,186.17,INR,2026-08-07T15:21:01+00:00,dev_fingerprint_0811,192.168.126.27,"Pune, IN",pm_tok_synthetic_01251,773,1,0,2,2,0,NONE
tx_legit_005707,usr_norm_1497,merch_razorpay_021,1536.28,INR,2026-08-07T15:21:37+00:00,dev_fingerprint_1025,192.168.216.164,"Pune, IN",pm_tok_synthetic_00736,827,2,0,1,1,0,NONE
tx_legit_001677,usr_norm_0681,merch_razorpay_034,942.12,INR,2026-08-07T15:29:53+00:00,dev_fingerprint_1064,192.168.168.177,"Chennai, IN",pm_tok_synthetic_01525,499,1,0,1,2,0,NONE
tx_fraud_000158,usr_fraud_ringA_007,merch_razorpay_025,8173.7,INR,2026-08-07T15:30:59+00:00,dev_fraud_ring_A_3,198.51.100.80,"Ahmedabad, IN",pm_tok_ringA_003,4,7,3,18,6,1,DEVICE_SHARING_RING
tx_legit_001749,usr_norm_1174,merch_razorpay_029,360.62,INR,2026-08-07T15:31:44+00:00,dev_fingerprint_1432,10.0.53.16,"Mumbai, IN",pm_tok_synthetic_00662,132,4,0,1,1,0,NONE
tx_legit_007291,usr_norm_0182,merch_razorpay_021,1307.88,INR,2026-08-07T15:37:23+00:00,dev_fingerprint_1063,192.168.142.40,"Ahmedabad, IN",pm_tok_synthetic_00338,774,1,0,1,2,0,NONE
tx_legit_008450,usr_norm_0183,merch_razorpay_035,905.93,INR,2026-08-07T15:47:44+00:00,dev_fingerprint_0869,10.0.156.97,"Mumbai, IN",pm_tok_synthetic_01763,646,1,0,3,1,0,NONE
tx_fraud_000034,usr_fraud_ringA_008,merch_razorpay_000,9463.95,INR,2026-08-07T15:47:58+00:00,dev_fraud_ring_A_0,198.51.100.16,"Bengaluru, IN",pm_tok_ringA_004,10,5,1,8,3,1,DEVICE_SHARING_RING
tx_legit_007013,usr_norm_0884,merch_razorpay_039,482.09,INR,2026-08-07T16:00:19+00:00,dev_fingerprint_0681,192.168.14.65,"Ahmedabad, IN",pm_tok_synthetic_00724,350,1,0,1,1,0,NONE
tx_legit_001920,usr_norm_1719,merch_razorpay_042,260.31,INR,2026-08-07T16:02:55+00:00,dev_fingerprint_0874,192.168.139.127,"Delhi, IN",pm_tok_synthetic_01324,293,1,0,1,1,0,NONE
tx_legit_005335,usr_norm_1350,merch_razorpay_038,747.01,INR,2026-08-07T16:11:21+00:00,dev_fingerprint_0745,192.168.77.215,"Ahmedabad, IN",pm_tok_synthetic_00978,358,1,0,2,1,0,NONE
tx_legit_003074,usr_norm_0364,merch_razorpay_045,407.57,INR,2026-08-07T16:12:22+00:00,dev_fingerprint_0164,192.168.203.79,"Hyderabad, IN",pm_tok_synthetic_02208,166,1,0,2,1,0,NONE
tx_legit_000157,usr_norm_0199,merch_razorpay_003,463.6,INR,2026-08-07T16:16:12+00:00,dev_fingerprint_0281,192.168.97.102,"Chennai, IN",pm_tok_synthetic_01503,437,1,0,2,1,0,NONE
tx_legit_001154,usr_norm_0014,merch_razorpay_030,1919.05,INR,2026-08-07T16:18:00+00:00,dev_fingerprint_1215,10.0.94.183,"Mumbai, IN",pm_tok_synthetic_01851,545,2,0,1,2,0,NONE
tx_legit_003287,usr_norm_0910,merch_razorpay_045,377.69,INR,2026-08-07T16:22:08+00:00,dev_fingerprint_0971,192.168.151.244,"Bengaluru, IN",pm_tok_synthetic_00627,240,1,2,1,1,0,NONE
tx_legit_005200,usr_norm_0486,merch_razorpay_016,742.87,INR,2026-08-07T16:23:04+00:00,dev_fingerprint_0277,10.0.78.179,"Kolkata, IN",pm_tok_synthetic_00027,435,1,0,1,1,0,NONE
tx_legit_006191,usr_norm_1953,merch_razorpay_041,576.83,INR,2026-08-07T16:27:33+00:00,dev_fingerprint_0256,192.168.184.125,"Ahmedabad, IN",pm_tok_synthetic_00533,110,1,0,1,2,0,NONE
tx_legit_001644,usr_norm_0714,merch_razorpay_004,1238.17,INR,2026-08-07T16:27:47+00:00,dev_fingerprint_0573,192.168.20.183,"Ahmedabad, IN",pm_tok_synthetic_00608,65,1,0,1,1,0,NONE
tx_legit_000291,usr_norm_1016,merch_razorpay_032,88.3,INR,2026-08-07T16:38:03+00:00,dev_fingerprint_0110,192.168.51.184,"Pune, IN",pm_tok_synthetic_01029,237,2,0,1,3,0,NONE
tx_legit_004546,usr_norm_1543,merch_razorpay_015,202.68,INR,2026-08-07T16:46:42+00:00,dev_fingerprint_1979,192.168.205.59,"Ahmedabad, IN",pm_tok_synthetic_02496,268,1,1,1,1,0,NONE
tx_legit_001475,usr_norm_1802,merch_razorpay_004,439.34,INR,2026-08-07T16:50:32+00:00,dev_fingerprint_0964,192.168.62.177,"Hyderabad, IN",pm_tok_synthetic_00973,85,2,0,1,1,0,NONE
tx_legit_001301,usr_norm_0686,merch_razorpay_007,550.57,INR,2026-08-07T16:51:03+00:00,dev_fingerprint_0597,192.168.77.239,"Pune, IN",pm_tok_synthetic_01290,850,1,0,1,2,0,NONE
tx_legit_005522,usr_norm_0838,merch_razorpay_047,1029.18,INR,2026-08-07T16:54:06+00:00,dev_fingerprint_0253,192.168.37.19,"Ahmedabad, IN",pm_tok_synthetic_00125,277,1,0,1,1,0,NONE
tx_legit_005390,usr_norm_1400,merch_razorpay_021,227.43,INR,2026-08-07T17:02:34+00:00,dev_fingerprint_0160,10.0.95.81,"Delhi, IN",pm_tok_synthetic_00229,819,1,0,1,1,0,NONE
tx_legit_005102,usr_norm_0619,merch_razorpay_003,530.37,INR,2026-08-07T17:02:58+00:00,dev_fingerprint_0567,10.0.236.182,"Pune, IN",pm_tok_synthetic_00345,284,1,0,1,1,0,NONE
tx_legit_000760,usr_norm_1900,merch_razorpay_004,972.82,INR,2026-08-07T17:03:43+00:00,dev_fingerprint_0706,192.168.131.30,"Kolkata, IN",pm_tok_synthetic_01261,486,1,0,2,3,0,NONE
tx_legit_002965,usr_norm_1660,merch_razorpay_044,159.9,INR,2026-08-07T17:08:11+00:00,dev_fingerprint_1874,192.168.138.32,"Pune, IN",pm_tok_synthetic_02237,620,1,0,1,1,0,NONE
tx_legit_001314,usr_norm_0449,merch_razorpay_033,328.5,INR,2026-08-07T17:09:08+00:00,dev_fingerprint_0574,192.168.24.233,"Kolkata, IN",pm_tok_synthetic_02224,607,2,0,1,3,0,NONE
tx_legit_006274,usr_norm_1950,merch_razorpay_019,613.22,INR,2026-08-07T17:15:36+00:00,dev_fingerprint_1453,192.168.227.224,"Mumbai, IN",pm_tok_synthetic_00117,792,1,0,1,2,0,NONE
tx_legit_005719,usr_norm_1534,merch_razorpay_027,467.99,INR,2026-08-07T17:20:12+00:00,dev_fingerprint_1880,192.168.2.229,"Ahmedabad, IN",pm_tok_synthetic_02148,244,2,0,1,3,0,NONE
tx_legit_008995,usr_norm_1842,merch_razorpay_029,1331.08,INR,2026-08-07T17:22:21+00:00,dev_fingerprint_1327,192.168.199.124,"Delhi, IN",pm_tok_synthetic_00274,604,1,0,1,3,0,NONE
tx_legit_008399,usr_norm_1930,merch_razorpay_028,332.76,INR,2026-08-07T17:23:29+00:00,dev_fingerprint_0859,192.168.19.148,"Kolkata, IN",pm_tok_synthetic_00352,79,1,0,1,1,0,NONE
tx_legit_004290,usr_norm_0517,merch_razorpay_046,326.33,INR,2026-08-07T17:28:01+00:00,dev_fingerprint_0706,10.0.170.125,"Hyderabad, IN",pm_tok_synthetic_01977,137,1,0,1,2,0,NONE
tx_legit_002197,usr_norm_1726,merch_razorpay_037,769.27,INR,2026-08-07T17:38:39+00:00,dev_fingerprint_0883,192.168.129.236,"Pune, IN",pm_tok_synthetic_00435,482,1,0,1,2,0,NONE
tx_legit_006650,usr_norm_1616,merch_razorpay_026,306.33,INR,2026-08-07T17:40:41+00:00,dev_fingerprint_0618,192.168.152.177,"Ahmedabad, IN",pm_tok_synthetic_01888,440,2,0,1,1,0,NONE
tx_legit_005556,usr_norm_1456,merch_razorpay_044,338.98,INR,2026-08-07T17:41:21+00:00,dev_fingerprint_1345,192.168.43.68,"Ahmedabad, IN",pm_tok_synthetic_00359,777,1,0,1,1,0,NONE
tx_legit_002810,usr_norm_1691,merch_razorpay_011,379.29,INR,2026-08-07T17:41:35+00:00,dev_fingerprint_1315,192.168.35.68,"Ahmedabad, IN",pm_tok_synthetic_00475,83,1,0,1,1,0,NONE
tx_legit_006348,usr_norm_0411,merch_razorpay_008,437.43,INR,2026-08-07T17:43:41+00:00,dev_fingerprint_1770,10.0.180.51,"Chennai, IN",pm_tok_synthetic_00832,409,4,0,1,1,0,NONE
tx_legit_001291,usr_norm_1853,merch_razorpay_010,343.6,INR,2026-08-07T17:45:14+00:00,dev_fingerprint_1271,192.168.185.231,"Bengaluru, IN",pm_tok_synthetic_00268,222,2,0,1,1,0,NONE
tx_legit_002088,usr_norm_0444,merch_razorpay_038,131.86,INR,2026-08-07T17:45:20+00:00,dev_fingerprint_0350,192.168.103.93,"Chennai, IN",pm_tok_synthetic_02047,895,3,0,2,1,0,NONE
tx_legit_008318,usr_norm_0975,merch_razorpay_007,367.82,INR,2026-08-07T17:46:11+00:00,dev_fingerprint_1620,192.168.33.50,"Pune, IN",pm_tok_synthetic_00435,76,4,0,1,1,0,NONE
tx_legit_004770,usr_norm_1108,merch_razorpay_014,391.88,INR,2026-08-07T17:48:39+00:00,dev_fingerprint_0366,192.168.72.226,"Bengaluru, IN",pm_tok_synthetic_02317,705,3,0,1,1,0,NONE
tx_legit_008264,usr_norm_0626,merch_razorpay_002,696.41,INR,2026-08-07T17:57:09+00:00,dev_fingerprint_0493,192.168.213.108,"Pune, IN",pm_tok_synthetic_02432,102,1,0,1,2,0,NONE
tx_legit_004209,usr_norm_0673,merch_razorpay_037,701.25,INR,2026-08-07T17:57:13+00:00,dev_fingerprint_1758,192.168.87.6,"Bengaluru, IN",pm_tok_synthetic_00026,449,1,0,1,1,0,NONE
tx_legit_004527,usr_norm_1784,merch_razorpay_011,272.48,INR,2026-08-07T17:59:48+00:00,dev_fingerprint_1085,192.168.142.221,"Ahmedabad, IN",pm_tok_synthetic_01482,809,1,0,2,1,0,NONE
tx_legit_004768,usr_norm_1834,merch_razorpay_035,1107.14,INR,2026-08-07T18:12:44+00:00,dev_fingerprint_1414,192.168.85.72,"Hyderabad, IN",pm_tok_synthetic_02174,63,2,0,1,1,0,NONE
tx_legit_009186,usr_norm_0729,merch_razorpay_029,436.92,INR,2026-08-07T18:13:10+00:00,dev_fingerprint_0493,192.168.28.191,"Mumbai, IN",pm_tok_synthetic_02185,865,1,0,1,2,0,NONE
tx_fraud_000586,usr_fraud_anomD_105,merch_razorpay_042,35874.65,INR,2026-08-07T18:14:22+00:00,dev_anomD_105,192.0.2.211,Unknown / VPN Node,pm_tok_anomD_105,6,6,5,3,3,1,BEHAVIORAL_ANOMALY
tx_legit_001368,usr_norm_0703,merch_razorpay_019,96.44,INR,2026-08-07T18:15:37+00:00,dev_fingerprint_0024,192.168.176.84,"Hyderabad, IN",pm_tok_synthetic_00910,163,2,0,1,2,0,NONE
tx_legit_007253,usr_norm_1159,merch_razorpay_010,279.46,INR,2026-08-07T18:18:56+00:00,dev_fingerprint_1225,192.168.176.200,"Bengaluru, IN",pm_tok_synthetic_02227,448,2,0,1,1,0,NONE
tx_legit_007843,usr_norm_1558,merch_razorpay_004,1160.72,INR,2026-08-07T18:19:46+00:00,dev_fingerprint_1978,192.168.147.73,"Mumbai, IN",pm_tok_synthetic_01886,579,2,0,1,1,0,NONE
tx_legit_008152,usr_norm_0234,merch_razorpay_030,248.85,INR,2026-08-07T18:22:57+00:00,dev_fingerprint_1333,10.0.175.26,"Chennai, IN",pm_tok_synthetic_02343,456,1,0,1,1,0,NONE
tx_legit_003859,usr_norm_1438,merch_razorpay_002,1969.79,INR,2026-08-07T18:22:58+00:00,dev_fingerprint_0523,192.168.25.169,"Kolkata, IN",pm_tok_synthetic_00246,320,1,0,1,1,0,NONE
tx_fraud_000138,usr_fraud_ringA_012,merch_razorpay_037,10735.82,INR,2026-08-07T18:32:05+00:00,dev_fraud_ring_A_0,198.51.100.60,"Delhi, IN",pm_tok_ringA_006,12,4,2,11,6,1,DEVICE_SHARING_RING
tx_legit_002444,usr_norm_0806,merch_razorpay_009,439.63,INR,2026-08-07T18:34:51+00:00,dev_fingerprint_0654,192.168.124.248,"Bengaluru, IN",pm_tok_synthetic_00274,119,2,0,1,1,0,NONE
tx_legit_003383,usr_norm_1471,merch_razorpay_012,179.05,INR,2026-08-07T18:36:54+00:00,dev_fingerprint_0384,192.168.185.68,"Pune, IN",pm_tok_synthetic_00538,219,1,0,1,3,0,NONE
tx_legit_001080,usr_norm_1310,merch_razorpay_033,471.66,INR,2026-08-07T18:42:46+00:00,dev_fingerprint_1020,192.168.104.179,"Ahmedabad, IN",pm_tok_synthetic_01899,743,1,0,1,2,0,NONE
tx_legit_008185,usr_norm_0881,merch_razorpay_034,463.64,INR,2026-08-07T18:43:47+00:00,dev_fingerprint_1965,10.0.38.95,"Pune, IN",pm_tok_synthetic_01676,613,1,0,1,2,0,NONE
tx_legit_005071,usr_norm_1649,merch_razorpay_030,1454.41,INR,2026-08-07T18:47:16+00:00,dev_fingerprint_0590,192.168.251.213,"Hyderabad, IN",pm_tok_synthetic_00514,167,1,1,1,1,0,NONE
tx_legit_006962,usr_norm_1007,merch_razorpay_005,878.3,INR,2026-08-07T18:51:03+00:00,dev_fingerprint_0546,192.168.105.24,"Hyderabad, IN",pm_tok_synthetic_00659,323,2,0,2,2,0,NONE
tx_fraud_000413,usr_fraud_reuseC_012,merch_razorpay_000,14537.54,INR,2026-08-07T18:53:15+00:00,dev_reuseC_001,198.51.100.177,"Chennai, IN",pm_tok_stolen_C_003,5,5,1,5,2,1,PAYMENT_REF_REUSE
tx_legit_007704,usr_norm_0072,merch_razorpay_022,507.57,INR,2026-08-07T18:58:09+00:00,dev_fingerprint_0235,192.168.218.197,"Mumbai, IN",pm_tok_synthetic_00085,362,1,0,1,2,0,NONE
tx_legit_003808,usr_norm_1918,merch_razorpay_014,71.9,INR,2026-08-07T18:59:52+00:00,dev_fingerprint_0537,192.168.54.175,"Delhi, IN",pm_tok_synthetic_01935,157,1,0,1,2,0,NONE
tx_legit_005939,usr_norm_1751,merch_razorpay_035,219.19,INR,2026-08-07T19:07:45+00:00,dev_fingerprint_0694,192.168.187.63,"Pune, IN",pm_tok_synthetic_01383,836,2,0,1,1,0,NONE
tx_fraud_000154,usr_fraud_ringA_003,merch_razorpay_025,6751.86,INR,2026-08-07T19:11:00+00:00,dev_fraud_ring_A_1,198.51.100.88,"Chennai, IN",pm_tok_ringA_001,9,11,3,15,2,1,DEVICE_SHARING_RING
tx_legit_004100,usr_norm_1811,merch_razorpay_017,949.35,INR,2026-08-07T19:20:49+00:00,dev_fingerprint_0604,192.168.31.191,"Delhi, IN",pm_tok_synthetic_00642,838,1,0,1,2,0,NONE
tx_legit_002007,usr_norm_1628,merch_razorpay_039,294.11,INR,2026-08-07T19:21:19+00:00,dev_fingerprint_1221,10.0.207.82,"Hyderabad, IN",pm_tok_synthetic_01552,365,1,1,1,2,0,NONE
tx_legit_008236,usr_norm_1196,merch_razorpay_022,290.92,INR,2026-08-07T19:23:52+00:00,dev_fingerprint_0712,192.168.112.89,"Kolkata, IN",pm_tok_synthetic_01132,261,1,0,1,1,0,NONE
tx_fraud_000095,usr_fraud_ringA_019,merch_razorpay_005,9851.89,INR,2026-08-07T19:28:22+00:00,dev_fraud_ring_A_4,198.51.100.32,"Hyderabad, IN",pm_tok_ringA_009,14,8,1,13,3,1,DEVICE_SHARING_RING
tx_legit_001346,usr_norm_0869,merch_razorpay_034,531.22,INR,2026-08-07T19:29:48+00:00,dev_fingerprint_0348,192.168.38.63,"Mumbai, IN",pm_tok_synthetic_02286,215,4,0,1,1,0,NONE
tx_legit_005527,usr_norm_0812,merch_razorpay_028,147.7,INR,2026-08-07T19:30:39+00:00,dev_fingerprint_0303,192.168.116.63,"Hyderabad, IN",pm_tok_synthetic_02408,626,2,1,1,2,0,NONE
tx_legit_001373,usr_norm_0970,merch_razorpay_012,440.19,INR,2026-08-07T19:34:28+00:00,dev_fingerprint_1147,192.168.226.35,"Hyderabad, IN",pm_tok_synthetic_02457,514,2,0,1,1,0,NONE
tx_fraud_000059,usr_fraud_ringA_008,merch_razorpay_031,8806.65,INR,2026-08-07T19:35:57+00:00,dev_fraud_ring_A_4,198.51.100.46,"Delhi, IN",pm_tok_ringA_004,11,11,4,14,6,1,DEVICE_SHARING_RING
tx_legit_009149,usr_norm_1397,merch_razorpay_022,1092.2,INR,2026-08-07T19:43:21+00:00,dev_fingerprint_1412,192.168.6.196,"Mumbai, IN",pm_tok_synthetic_02360,869,2,0,1,1,0,NONE
tx_fraud_000013,usr_fraud_ringA_012,merch_razorpay_016,9874.5,INR,2026-08-07T19:43:32+00:00,dev_fraud_ring_A_4,198.51.100.78,"Delhi, IN",pm_tok_ringA_006,2,5,2,18,6,1,DEVICE_SHARING_RING
tx_fraud_000117,usr_fraud_ringA_016,merch_razorpay_014,15360.54,INR,2026-08-07T19:45:37+00:00,dev_fraud_ring_A_2,198.51.100.26,"Bengaluru, IN",pm_tok_ringA_001,13,5,2,16,4,1,DEVICE_SHARING_RING
tx_legit_003749,usr_norm_1075,merch_razorpay_003,585.79,INR,2026-08-07T19:49:10+00:00,dev_fingerprint_0329,192.168.109.47,"Chennai, IN",pm_tok_synthetic_00904,661,1,0,1,1,0,NONE
tx_legit_004140,usr_norm_1709,merch_razorpay_018,225.68,INR,2026-08-07T19:52:06+00:00,dev_fingerprint_0449,192.168.23.81,"Chennai, IN",pm_tok_synthetic_01160,287,1,0,1,3,0,NONE
tx_legit_000818,usr_norm_1338,merch_razorpay_035,671.39,INR,2026-08-07T20:06:04+00:00,dev_fingerprint_1411,192.168.232.45,"Pune, IN",pm_tok_synthetic_01467,771,2,0,1,1,0,NONE
tx_legit_007034,usr_norm_0524,merch_razorpay_042,256.89,INR,2026-08-07T20:24:44+00:00,dev_fingerprint_1455,192.168.51.40,"Hyderabad, IN",pm_tok_synthetic_00092,899,1,0,1,1,0,NONE
tx_legit_008128,usr_norm_1368,merch_razorpay_017,324.38,INR,2026-08-07T20:30:03+00:00,dev_fingerprint_0622,192.168.64.191,"Delhi, IN",pm_tok_synthetic_00884,561,2,0,1,1,0,NONE
tx_legit_008928,usr_norm_1563,merch_razorpay_012,1112.1,INR,2026-08-07T20:32:08+00:00,dev_fingerprint_1403,10.0.74.63,"Mumbai, IN",pm_tok_synthetic_01448,97,2,0,1,2,0,NONE
tx_legit_001341,usr_norm_0340,merch_razorpay_002,1160.07,INR,2026-08-07T20:34:06+00:00,dev_fingerprint_1755,192.168.59.151,"Mumbai, IN",pm_tok_synthetic_01863,795,1,0,1,1,0,NONE
tx_fraud_000016,usr_fraud_ringA_015,merch_razorpay_033,3236.42,INR,2026-08-07T20:34:30+00:00,dev_fraud_ring_A_3,198.51.100.21,"Kolkata, IN",pm_tok_ringA_001,11,11,1,10,6,1,DEVICE_SHARING_RING
tx_legit_002889,usr_norm_1227,merch_razorpay_047,781.84,INR,2026-08-07T20:38:17+00:00,dev_fingerprint_0110,192.168.149.7,"Kolkata, IN",pm_tok_synthetic_01733,519,1,0,1,2,0,NONE
tx_legit_009122,usr_norm_0016,merch_razorpay_018,302.54,INR,2026-08-07T20:42:36+00:00,dev_fingerprint_1349,192.168.247.192,"Pune, IN",pm_tok_synthetic_01235,499,1,0,1,1,0,NONE
tx_legit_000470,usr_norm_1884,merch_razorpay_024,246.59,INR,2026-08-07T20:43:16+00:00,dev_fingerprint_0593,192.168.95.140,"Ahmedabad, IN",pm_tok_synthetic_02349,712,1,0,1,1,0,NONE
tx_legit_003229,usr_norm_1266,merch_razorpay_031,463.41,INR,2026-08-07T20:43:34+00:00,dev_fingerprint_0743,192.168.182.41,"Ahmedabad, IN",pm_tok_synthetic_02404,563,1,0,2,2,0,NONE
tx_legit_002494,usr_norm_1371,merch_razorpay_048,1245.99,INR,2026-08-07T20:45:54+00:00,dev_fingerprint_1345,192.168.68.34,"Chennai, IN",pm_tok_synthetic_02334,670,1,0,1,1,0,NONE
tx_legit_008252,usr_norm_0681,merch_razorpay_041,370.79,INR,2026-08-07T20:46:30+00:00,dev_fingerprint_1064,192.168.168.177,"Chennai, IN",pm_tok_synthetic_01525,499,1,0,1,1,0,NONE
tx_legit_008308,usr_norm_0138,merch_razorpay_046,371.3,INR,2026-08-07T20:51:02+00:00,dev_fingerprint_0583,192.168.57.36,"Delhi, IN",pm_tok_synthetic_00656,309,1,0,2,2,0,NONE
tx_legit_001015,usr_norm_1951,merch_razorpay_005,697.93,INR,2026-08-07T20:53:04+00:00,dev_fingerprint_0242,10.0.134.226,"Pune, IN",pm_tok_synthetic_00527,740,2,1,1,4,0,NONE
tx_legit_005257,usr_norm_1728,merch_razorpay_021,727.7,INR,2026-08-07T20:56:32+00:00,dev_fingerprint_0149,10.0.99.172,"Kolkata, IN",pm_tok_synthetic_02340,775,1,0,1,3,0,NONE
tx_legit_007747,usr_norm_0165,merch_razorpay_046,378.78,INR,2026-08-07T20:58:14+00:00,dev_fingerprint_0033,10.0.182.69,"Ahmedabad, IN",pm_tok_synthetic_00276,383,1,0,2,3,0,NONE
tx_legit_003714,usr_norm_1392,merch_razorpay_000,304.43,INR,2026-08-07T21:03:28+00:00,dev_fingerprint_0751,192.168.185.197,"Ahmedabad, IN",pm_tok_synthetic_02384,285,1,0,1,2,0,NONE
tx_legit_004154,usr_norm_0579,merch_razorpay_009,137.77,INR,2026-08-07T21:07:34+00:00,dev_fingerprint_1384,192.168.22.73,"Ahmedabad, IN",pm_tok_synthetic_02004,175,1,0,1,3,0,NONE
tx_legit_008341,usr_norm_0761,merch_razorpay_030,658.91,INR,2026-08-07T21:07:42+00:00,dev_fingerprint_0023,192.168.30.228,"Pune, IN",pm_tok_synthetic_00858,285,1,0,1,2,0,NONE
tx_legit_008859,usr_norm_0598,merch_razorpay_017,295.03,INR,2026-08-07T21:08:32+00:00,dev_fingerprint_1340,192.168.172.51,"Pune, IN",pm_tok_synthetic_01025,114,2,0,1,1,0,NONE
tx_fraud_000600,usr_fraud_anomD_119,merch_razorpay_031,59753.83,INR,2026-08-07T21:09:32+00:00,dev_anomD_119,192.0.2.93,Unknown / VPN Node,pm_tok_anomD_119,8,8,4,2,3,1,BEHAVIORAL_ANOMALY
tx_legit_005629,usr_norm_1773,merch_razorpay_027,595.36,INR,2026-08-07T21:15:21+00:00,dev_fingerprint_0323,10.0.160.23,"Chennai, IN",pm_tok_synthetic_01994,112,2,0,1,4,0,NONE
tx_legit_003161,usr_norm_0239,merch_razorpay_042,402.66,INR,2026-08-07T21:31:21+00:00,dev_fingerprint_0149,192.168.78.180,"Hyderabad, IN",pm_tok_synthetic_00245,191,2,0,1,1,0,NONE
tx_fraud_000637,usr_fraud_anomD_156,merch_razorpay_005,41540.18,INR,2026-08-07T21:32:43+00:00,dev_anomD_156,192.0.2.176,Unknown / VPN Node,pm_tok_anomD_156,5,8,5,2,4,1,BEHAVIORAL_ANOMALY
tx_legit_005688,usr_norm_1142,merch_razorpay_003,351.88,INR,2026-08-07T21:36:00+00:00,dev_fingerprint_1350,192.168.215.6,"Kolkata, IN",pm_tok_synthetic_01083,201,1,0,2,1,0,NONE
tx_legit_003639,usr_norm_1128,merch_razorpay_021,1475.8,INR,2026-08-07T21:39:58+00:00,dev_fingerprint_0471,192.168.193.221,"Kolkata, IN",pm_tok_synthetic_01352,767,1,0,2,2,0,NONE
tx_legit_001369,usr_norm_1401,merch_razorpay_048,665.31,INR,2026-08-07T21:43:02+00:00,dev_fingerprint_0684,192.168.187.202,"Pune, IN",pm_tok_synthetic_01778,456,1,0,1,5,0,NONE
tx_legit_004129,usr_norm_1408,merch_razorpay_048,324.8,INR,2026-08-07T21:50:33+00:00,dev_fingerprint_0103,192.168.203.161,"Kolkata, IN",pm_tok_synthetic_01609,486,1,0,2,1,0,NONE
tx_legit_000077,usr_norm_1136,merch_razorpay_028,1132.73,INR,2026-08-07T21:52:10+00:00,dev_fingerprint_0830,192.168.180.117,"Bengaluru, IN",pm_tok_synthetic_02308,682,1,2,1,1,0,NONE
tx_legit_003184,usr_norm_0903,merch_razorpay_027,359.91,INR,2026-08-07T21:55:10+00:00,dev_fingerprint_0044,192.168.5.24,"Pune, IN",pm_tok_synthetic_02066,203,1,0,2,1,0,NONE
tx_legit_008674,usr_norm_0642,merch_razorpay_005,230.83,INR,2026-08-07T22:04:38+00:00,dev_fingerprint_0500,192.168.13.221,"Ahmedabad, IN",pm_tok_synthetic_01779,148,1,0,1,1,0,NONE
tx_legit_004556,usr_norm_0175,merch_razorpay_017,474.42,INR,2026-08-07T22:05:25+00:00,dev_fingerprint_1112,192.168.140.205,"Ahmedabad, IN",pm_tok_synthetic_01037,67,1,0,2,1,0,NONE
tx_legit_006445,usr_norm_0292,merch_razorpay_015,646.18,INR,2026-08-07T22:06:28+00:00,dev_fingerprint_1118,192.168.66.12,"Mumbai, IN",pm_tok_synthetic_01082,654,1,0,1,1,0,NONE
tx_legit_000434,usr_norm_1344,merch_razorpay_031,195.21,INR,2026-08-07T22:08:09+00:00,dev_fingerprint_1226,10.0.172.184,"Hyderabad, IN",pm_tok_synthetic_02271,194,1,0,1,1,0,NONE
tx_legit_004543,usr_norm_0204,merch_razorpay_018,441.19,INR,2026-08-07T22:10:41+00:00,dev_fingerprint_0913,192.168.139.16,"Hyderabad, IN",pm_tok_synthetic_01169,740,1,0,1,1,0,NONE
tx_legit_001276,usr_norm_0277,merch_razorpay_012,615.76,INR,2026-08-07T22:24:12+00:00,dev_fingerprint_0678,192.168.203.161,"Bengaluru, IN",pm_tok_synthetic_00448,456,1,0,1,1,0,NONE
tx_legit_009081,usr_norm_0800,merch_razorpay_036,194.16,INR,2026-08-07T22:28:47+00:00,dev_fingerprint_1169,192.168.192.107,"Delhi, IN",pm_tok_synthetic_02116,849,1,0,1,2,0,NONE
tx_legit_007512,usr_norm_1357,merch_razorpay_023,519.05,INR,2026-08-07T22:43:03+00:00,dev_fingerprint_0265,192.168.104.187,"Hyderabad, IN",pm_tok_synthetic_00128,236,2,0,1,1,0,NONE
tx_legit_004795,usr_norm_0071,merch_razorpay_019,365.22,INR,2026-08-07T22:43:32+00:00,dev_fingerprint_1453,192.168.145.243,"Bengaluru, IN",pm_tok_synthetic_01710,326,1,0,1,1,0,NONE
tx_legit_008319,usr_norm_0914,merch_razorpay_014,473.27,INR,2026-08-07T22:49:03+00:00,dev_fingerprint_0280,10.0.202.97,"Mumbai, IN",pm_tok_synthetic_00429,553,1,0,1,1,0,NONE
tx_legit_004911,usr_norm_0649,merch_razorpay_047,327.27,INR,2026-08-07T22:50:20+00:00,dev_fingerprint_0241,192.168.107.88,"Bengaluru, IN",pm_tok_synthetic_00120,373,1,0,1,1,0,NONE
tx_legit_005387,usr_norm_1999,merch_razorpay_043,664.48,INR,2026-08-07T22:50:35+00:00,dev_fingerprint_1002,192.168.98.72,"Ahmedabad, IN",pm_tok_synthetic_00945,673,2,0,1,1,0,NONE
tx_legit_008443,usr_norm_1230,merch_razorpay_006,318.19,INR,2026-08-07T23:07:01+00:00,dev_fingerprint_0246,192.168.59.247,"Pune, IN",pm_tok_synthetic_02122,501,1,0,1,1,0,NONE
tx_legit_002218,usr_norm_0565,merch_razorpay_036,490.04,INR,2026-08-07T23:07:59+00:00,dev_fingerprint_0066,192.168.139.21,"Kolkata, IN",pm_tok_synthetic_01076,386,1,1,1,1,0,NONE
tx_legit_007546,usr_norm_0171,merch_razorpay_008,310.08,INR,2026-08-07T23:08:08+00:00,dev_fingerprint_0276,192.168.216.197,"Kolkata, IN",pm_tok_synthetic_01874,67,1,0,1,2,0,NONE
tx_legit_003199,usr_norm_1610,merch_razorpay_045,536.64,INR,2026-08-07T23:09:48+00:00,dev_fingerprint_1823,192.168.57.125,"Ahmedabad, IN",pm_tok_synthetic_00462,389,1,0,1,1,0,NONE
tx_legit_003747,usr_norm_1940,merch_razorpay_043,466.76,INR,2026-08-07T23:13:17+00:00,dev_fingerprint_0696,192.168.248.217,"Mumbai, IN",pm_tok_synthetic_00667,134,2,0,1,1,0,NONE
tx_legit_002274,usr_norm_1869,merch_razorpay_030,524.96,INR,2026-08-07T23:16:18+00:00,dev_fingerprint_0590,192.168.203.219,"Delhi, IN",pm_tok_synthetic_00193,181,2,0,1,2,0,NONE
tx_legit_002071,usr_norm_0744,merch_razorpay_031,616.85,INR,2026-08-07T23:17:45+00:00,dev_fingerprint_1077,192.168.151.77,"Delhi, IN",pm_tok_synthetic_01494,104,1,0,1,1,0,NONE
tx_legit_000696,usr_norm_0125,merch_razorpay_049,819.9,INR,2026-08-07T23:20:25+00:00,dev_fingerprint_1418,10.0.61.231,"Delhi, IN",pm_tok_synthetic_00678,768,1,0,1,2,0,NONE
tx_fraud_000378,usr_fraud_reuseC_017,merch_razorpay_041,6613.15,INR,2026-08-07T23:25:33+00:00,dev_reuseC_019,198.51.100.113,"Bengaluru, IN",pm_tok_stolen_C_003,0,3,2,4,4,1,PAYMENT_REF_REUSE
tx_legit_003759,usr_norm_0576,merch_razorpay_025,484.48,INR,2026-08-07T23:27:22+00:00,dev_fingerprint_0567,192.168.219.124,"Kolkata, IN",pm_tok_synthetic_00519,748,1,0,1,1,0,NONE
tx_legit_008590,usr_norm_0457,merch_razorpay_019,877.26,INR,2026-08-07T23:30:17+00:00,dev_fingerprint_0708,192.168.166.19,"Bengaluru, IN",pm_tok_synthetic_00400,477,1,0,1,1,0,NONE
tx_legit_003045,usr_norm_1436,merch_razorpay_010,494.52,INR,2026-08-07T23:38:42+00:00,dev_fingerprint_1431,192.168.73.180,"Hyderabad, IN",pm_tok_synthetic_00075,415,1,0,1,2,0,NONE
tx_legit_000504,usr_norm_1446,merch_razorpay_003,303.33,INR,2026-08-07T23:38:50+00:00,dev_fingerprint_0180,192.168.64.224,"Ahmedabad, IN",pm_tok_synthetic_00814,542,2,0,1,1,0,NONE
tx_legit_003855,usr_norm_1314,merch_razorpay_005,303.16,INR,2026-08-07T23:41:01+00:00,dev_fingerprint_0371,192.168.139.215,"Mumbai, IN",pm_tok_synthetic_01024,866,1,0,1,1,0,NONE
tx_legit_004248,usr_norm_0353,merch_razorpay_013,291.76,INR,2026-08-07T23:42:33+00:00,dev_fingerprint_0270,192.168.62.33,"Pune, IN",pm_tok_synthetic_01701,497,2,0,1,4,0,NONE
tx_legit_002446,usr_norm_0943,merch_razorpay_011,708.27,INR,2026-08-07T23:44:30+00:00,dev_fingerprint_0734,10.0.67.24,"Ahmedabad, IN",pm_tok_synthetic_00118,730,1,0,1,1,0,NONE
tx_legit_001312,usr_norm_0049,merch_razorpay_005,412.59,INR,2026-08-07T23:47:36+00:00,dev_fingerprint_0290,192.168.34.238,"Chennai, IN",pm_tok_synthetic_00125,123,2,0,1,3,0,NONE
tx_legit_001791,usr_norm_1830,merch_razorpay_045,210.38,INR,2026-08-07T23:51:53+00:00,dev_fingerprint_1821,192.168.246.196,"Pune, IN",pm_tok_synthetic_01863,504,1,0,1,2,0,NONE
tx_legit_007309,usr_norm_0009,merch_razorpay_027,515.26,INR,2026-08-07T23:52:58+00:00,dev_fingerprint_0030,192.168.138.176,"Ahmedabad, IN",pm_tok_synthetic_00974,632,2,0,1,1,0,NONE
tx_legit_008384,usr_norm_0403,merch_razorpay_008,2113.99,INR,2026-08-07T23:58:04+00:00,dev_fingerprint_0031,192.168.76.56,"Delhi, IN",pm_tok_synthetic_00778,789,1,0,1,2,0,NONE
tx_legit_001918,usr_norm_1624,merch_razorpay_020,916.08,INR,2026-08-07T23:58:24+00:00,dev_fingerprint_0996,192.168.51.40,"Pune, IN",pm_tok_synthetic_02425,640,1,0,2,2,0,NONE
tx_legit_003752,usr_norm_0545,merch_razorpay_017,2296.03,INR,2026-08-08T00:03:33+00:00,dev_fingerprint_1523,192.168.46.206,"Ahmedabad, IN",pm_tok_synthetic_02442,171,1,0,1,1,0,NONE
tx_legit_007465,usr_norm_0660,merch_razorpay_027,691.72,INR,2026-08-08T00:09:48+00:00,dev_fingerprint_0072,192.168.40.112,"Bengaluru, IN",pm_tok_synthetic_01717,259,2,0,1,1,0,NONE
tx_legit_004333,usr_norm_0975,merch_razorpay_041,727.75,INR,2026-08-08T00:17:41+00:00,dev_fingerprint_1069,192.168.33.50,"Bengaluru, IN",pm_tok_synthetic_00435,76,1,0,2,2,0,NONE
tx_legit_007103,usr_norm_1814,merch_razorpay_009,441.62,INR,2026-08-08T00:31:06+00:00,dev_fingerprint_0843,192.168.174.140,"Kolkata, IN",pm_tok_synthetic_02137,530,1,0,2,1,0,NONE
tx_legit_007543,usr_norm_1599,merch_razorpay_022,2538.72,INR,2026-08-08T00:34:35+00:00,dev_fingerprint_0802,192.168.87.205,"Mumbai, IN",pm_tok_synthetic_02441,636,1,0,1,3,0,NONE
tx_legit_004362,usr_norm_0757,merch_razorpay_001,659.43,INR,2026-08-08T00:41:25+00:00,dev_fingerprint_1016,192.168.238.139,"Chennai, IN",pm_tok_synthetic_01356,793,1,0,1,3,0,NONE
tx_legit_009174,usr_norm_1189,merch_razorpay_044,290.41,INR,2026-08-08T00:42:21+00:00,dev_fingerprint_0347,192.168.151.170,"Bengaluru, IN",pm_tok_synthetic_00147,398,1,1,1,1,0,NONE
tx_legit_001400,usr_norm_1885,merch_razorpay_005,551.37,INR,2026-08-08T00:53:55+00:00,dev_fingerprint_0301,192.168.247.10,"Pune, IN",pm_tok_synthetic_02315,776,2,0,2,1,0,NONE
tx_legit_004103,usr_norm_1228,merch_razorpay_012,456.68,INR,2026-08-08T00:57:33+00:00,dev_fingerprint_1107,192.168.250.237,"Kolkata, IN",pm_tok_synthetic_02058,385,1,0,1,2,0,NONE
tx_legit_007032,usr_norm_1072,merch_razorpay_024,872.7,INR,2026-08-08T01:02:53+00:00,dev_fingerprint_1632,192.168.105.250,"Kolkata, IN",pm_tok_synthetic_00860,796,2,0,2,2,0,NONE
tx_legit_006770,usr_norm_1266,merch_razorpay_046,219.45,INR,2026-08-08T01:06:55+00:00,dev_fingerprint_0743,192.168.182.41,"Hyderabad, IN",pm_tok_synthetic_00989,563,1,0,1,2,0,NONE
tx_legit_000044,usr_norm_1972,merch_razorpay_008,849.97,INR,2026-08-08T01:07:00+00:00,dev_fingerprint_1449,192.168.57.125,"Delhi, IN",pm_tok_synthetic_01501,744,1,0,1,2,0,NONE
tx_legit_006935,usr_norm_1849,merch_razorpay_026,324.08,INR,2026-08-08T01:12:07+00:00,dev_fingerprint_0129,192.168.76.142,"Hyderabad, IN",pm_tok_synthetic_01414,493,1,0,1,5,0,NONE
tx_legit_004084,usr_norm_1477,merch_razorpay_046,752.77,INR,2026-08-08T01:12:38+00:00,dev_fingerprint_1458,192.168.77.221,"Delhi, IN",pm_tok_synthetic_01531,218,1,0,2,1,0,NONE
tx_legit_009070,usr_norm_1878,merch_razorpay_021,514.56,INR,2026-08-08T01:21:29+00:00,dev_fingerprint_0302,192.168.76.142,"Pune, IN",pm_tok_synthetic_01836,582,1,0,1,1,0,NONE
tx_legit_006175,usr_norm_1570,merch_razorpay_000,669.75,INR,2026-08-08T01:22:06+00:00,dev_fingerprint_1017,10.0.37.207,"Chennai, IN",pm_tok_synthetic_00973,410,1,1,1,1,0,NONE
tx_legit_002733,usr_norm_0557,merch_razorpay_029,504.2,INR,2026-08-08T01:23:35+00:00,dev_fingerprint_0451,192.168.150.142,"Pune, IN",pm_tok_synthetic_00133,311,1,0,3,1,0,NONE
tx_legit_004899,usr_norm_0603,merch_razorpay_005,278.5,INR,2026-08-08T01:31:46+00:00,dev_fingerprint_0437,192.168.112.125,"Kolkata, IN",pm_tok_synthetic_00319,165,1,0,1,1,0,NONE
tx_legit_001662,usr_norm_1914,merch_razorpay_013,2997.03,INR,2026-08-08T01:33:33+00:00,dev_fingerprint_1134,192.168.35.222,"Ahmedabad, IN",pm_tok_synthetic_00172,872,1,0,2,1,0,NONE
tx_legit_000582,usr_norm_0817,merch_razorpay_029,442.93,INR,2026-08-08T01:33:48+00:00,dev_fingerprint_1247,192.168.140.205,"Delhi, IN",pm_tok_synthetic_00153,206,2,1,1,1,0,NONE
tx_legit_008382,usr_norm_0643,merch_razorpay_010,894.21,INR,2026-08-08T01:38:54+00:00,dev_fingerprint_1955,192.168.135.153,"Ahmedabad, IN",pm_tok_synthetic_02493,86,1,0,1,1,0,NONE
tx_legit_002949,usr_norm_1502,merch_razorpay_003,614.28,INR,2026-08-08T01:41:36+00:00,dev_fingerprint_1777,192.168.226.18,"Hyderabad, IN",pm_tok_synthetic_01327,738,1,0,1,1,0,NONE
tx_legit_006381,usr_norm_0619,merch_razorpay_020,1222.95,INR,2026-08-08T01:55:17+00:00,dev_fingerprint_0567,192.168.153.203,"Bengaluru, IN",pm_tok_synthetic_00345,284,1,0,2,1,0,NONE
tx_legit_005676,usr_norm_0642,merch_razorpay_024,159.22,INR,2026-08-08T01:55:55+00:00,dev_fingerprint_0500,10.0.75.105,"Kolkata, IN",pm_tok_synthetic_01779,148,1,0,1,1,0,NONE
tx_legit_003798,usr_norm_1031,merch_razorpay_008,1362.54,INR,2026-08-08T01:58:51+00:00,dev_fingerprint_0376,192.168.247.192,"Pune, IN",pm_tok_synthetic_00279,835,1,0,1,1,0,NONE
tx_legit_000626,usr_norm_1327,merch_razorpay_042,452.55,INR,2026-08-08T02:00:13+00:00,dev_fingerprint_0342,10.0.84.251,"Chennai, IN",pm_tok_synthetic_01130,628,1,0,2,3,0,NONE
tx_legit_005933,usr_norm_1179,merch_razorpay_045,376.13,INR,2026-08-08T02:07:30+00:00,dev_fingerprint_0186,192.168.139.10,"Kolkata, IN",pm_tok_synthetic_00595,512,1,0,1,2,0,NONE
tx_legit_003151,usr_norm_0284,merch_razorpay_043,312.96,INR,2026-08-08T02:08:39+00:00,dev_fingerprint_1434,192.168.130.234,"Kolkata, IN",pm_tok_synthetic_00781,49,1,0,1,1,0,NONE
tx_legit_001640,usr_norm_1877,merch_razorpay_031,691.94,INR,2026-08-08T02:09:32+00:00,dev_fingerprint_1448,192.168.142.76,"Pune, IN",pm_tok_synthetic_01298,382,1,0,1,1,0,NONE
tx_legit_007411,usr_norm_0044,merch_razorpay_044,331.76,INR,2026-08-08T02:10:16+00:00,dev_fingerprint_1148,192.168.248.32,"Bengaluru, IN",pm_tok_synthetic_02280,56,1,0,1,2,0,NONE
tx_legit_009199,usr_norm_1170,merch_razorpay_039,403.25,INR,2026-08-08T02:26:54+00:00,dev_fingerprint_1145,10.0.221.206,"Bengaluru, IN",pm_tok_synthetic_01981,289,1,0,1,2,0,NONE
tx_legit_005477,usr_norm_0970,merch_razorpay_006,213.89,INR,2026-08-08T02:33:18+00:00,dev_fingerprint_1147,192.168.226.35,"Bengaluru, IN",pm_tok_synthetic_02457,514,2,0,1,2,0,NONE
tx_legit_006767,usr_norm_0383,merch_razorpay_042,169.13,INR,2026-08-08T02:33:46+00:00,dev_fingerprint_1573,192.168.246.131,"Bengaluru, IN",pm_tok_synthetic_01693,337,1,0,1,2,0,NONE
tx_legit_005374,usr_norm_0281,merch_razorpay_018,125.89,INR,2026-08-08T02:42:11+00:00,dev_fingerprint_0983,192.168.25.169,"Pune, IN",pm_tok_synthetic_02147,674,2,0,1,2,0,NONE
tx_legit_006320,usr_norm_0453,merch_razorpay_000,419.94,INR,2026-08-08T02:51:41+00:00,dev_fingerprint_0612,192.168.55.139,"Bengaluru, IN",pm_tok_synthetic_02309,276,1,0,1,2,0,NONE
tx_legit_001211,usr_norm_1557,merch_razorpay_003,562.57,INR,2026-08-08T02:57:29+00:00,dev_fingerprint_0072,192.168.159.58,"Ahmedabad, IN",pm_tok_synthetic_00556,523,1,0,1,3,0,NONE
tx_legit_007829,usr_norm_1876,merch_razorpay_011,617.88,INR,2026-08-08T03:04:46+00:00,dev_fingerprint_0757,192.168.109.47,"Kolkata, IN",pm_tok_synthetic_00840,605,3,0,1,1,0,NONE
tx_legit_000059,usr_norm_1789,merch_razorpay_000,1691.84,INR,2026-08-08T03:06:23+00:00,dev_fingerprint_0361,192.168.19.132,"Chennai, IN",pm_tok_synthetic_00176,85,1,0,1,1,0,NONE
tx_legit_007201,usr_norm_0947,merch_razorpay_039,157.21,INR,2026-08-08T03:08:26+00:00,dev_fingerprint_0643,192.168.7.144,"Bengaluru, IN",pm_tok_synthetic_02149,815,1,0,1,2,0,NONE
tx_legit_006800,usr_norm_0714,merch_razorpay_044,229.29,INR,2026-08-08T03:10:05+00:00,dev_fingerprint_0573,192.168.20.183,"Mumbai, IN",pm_tok_synthetic_00608,65,1,1,1,1,0,NONE
tx_legit_007071,usr_norm_1922,merch_razorpay_030,255.95,INR,2026-08-08T03:10:18+00:00,dev_fingerprint_0136,192.168.180.117,"Bengaluru, IN",pm_tok_synthetic_01481,625,2,0,1,2,0,NONE
tx_fraud_000088,usr_fraud_ringA_012,merch_razorpay_033,16378.07,INR,2026-08-08T03:15:43+00:00,dev_fraud_ring_A_4,198.51.100.23,"Bengaluru, IN",pm_tok_ringA_001,1,5,3,18,6,1,DEVICE_SHARING_RING
tx_legit_002149,usr_norm_0054,merch_razorpay_028,1452.02,INR,2026-08-08T03:18:30+00:00,dev_fingerprint_0318,10.0.161.106,"Chennai, IN",pm_tok_synthetic_00203,720,2,0,1,1,0,NONE
tx_legit_007667,usr_norm_1040,merch_razorpay_015,151.12,INR,2026-08-08T03:30:44+00:00,dev_fingerprint_1397,192.168.91.57,"Chennai, IN",pm_tok_synthetic_01314,420,1,0,1,1,0,NONE
tx_legit_000680,usr_norm_1966,merch_razorpay_039,322.89,INR,2026-08-08T03:32:59+00:00,dev_fingerprint_1492,192.168.73.252,"Kolkata, IN",pm_tok_synthetic_02319,547,1,0,1,1,0,NONE
tx_legit_007302,usr_norm_1135,merch_razorpay_033,164.33,INR,2026-08-08T03:55:11+00:00,dev_fingerprint_0528,192.168.206.143,"Chennai, IN",pm_tok_synthetic_00737,559,2,0,1,1,0,NONE
tx_legit_002367,usr_norm_1583,merch_razorpay_028,1113.65,INR,2026-08-08T03:55:33+00:00,dev_fingerprint_0956,192.168.185.197,"Hyderabad, IN",pm_tok_synthetic_00188,135,1,0,1,1,0,NONE
tx_legit_000519,usr_norm_0022,merch_razorpay_001,191.42,INR,2026-08-08T03:59:01+00:00,dev_fingerprint_0563,192.168.223.193,"Kolkata, IN",pm_tok_synthetic_02397,591,1,0,1,1,0,NONE
tx_legit_004740,usr_norm_0022,merch_razorpay_039,506.83,INR,2026-08-08T04:00:26+00:00,dev_fingerprint_0563,192.168.223.193,"Kolkata, IN",pm_tok_synthetic_02397,591,1,0,1,1,0,NONE
tx_legit_004821,usr_norm_0737,merch_razorpay_037,297.69,INR,2026-08-08T04:02:08+00:00,dev_fingerprint_1004,192.168.221.93,"Chennai, IN",pm_tok_synthetic_00369,87,1,1,1,1,0,NONE
tx_legit_005942,usr_norm_1814,merch_razorpay_029,447.62,INR,2026-08-08T04:03:28+00:00,dev_fingerprint_0843,192.168.174.140,"Ahmedabad, IN",pm_tok_synthetic_02137,530,4,0,1,1,0,NONE
tx_fraud_000321,usr_fraud_reuseC_000,merch_razorpay_014,3933.49,INR,2026-08-08T04:04:54+00:00,dev_reuseC_004,198.51.100.172,"Bengaluru, IN",pm_tok_stolen_C_001,3,3,1,5,2,1,PAYMENT_REF_REUSE
tx_fraud_000573,usr_fraud_anomD_092,merch_razorpay_013,67737.94,INR,2026-08-08T04:06:35+00:00,dev_anomD_092,192.0.2.14,Unknown / VPN Node,pm_tok_anomD_092,4,12,6,1,3,1,BEHAVIORAL_ANOMALY
tx_legit_000206,usr_norm_1022,merch_razorpay_004,728.42,INR,2026-08-08T04:10:35+00:00,dev_fingerprint_0355,10.0.208.233,"Mumbai, IN",pm_tok_synthetic_02104,152,1,0,1,1,0,NONE
tx_legit_006603,usr_norm_1105,merch_razorpay_018,350.1,INR,2026-08-08T04:11:27+00:00,dev_fingerprint_1028,192.168.56.60,"Bengaluru, IN",pm_tok_synthetic_00978,898,1,0,2,1,0,NONE
tx_legit_005126,usr_norm_1866,merch_razorpay_009,482.25,INR,2026-08-08T04:12:05+00:00,dev_fingerprint_1123,192.168.71.113,"Bengaluru, IN",pm_tok_synthetic_01875,341,2,0,1,4,0,NONE
tx_legit_006927,usr_norm_1727,merch_razorpay_042,1399.89,INR,2026-08-08T04:19:48+00:00,dev_fingerprint_1465,192.168.3.171,"Hyderabad, IN",pm_tok_synthetic_00423,65,1,0,1,3,0,NONE
tx_fraud_000429,usr_fraud_reuseC_008,merch_razorpay_047,5877.1,INR,2026-08-08T04:27:00+00:00,dev_reuseC_004,198.51.100.124,"Ahmedabad, IN",pm_tok_stolen_C_004,3,5,3,3,6,1,PAYMENT_REF_REUSE
tx_legit_008406,usr_norm_0884,merch_razorpay_032,304.13,INR,2026-08-08T04:30:15+00:00,dev_fingerprint_0681,192.168.14.65,"Ahmedabad, IN",pm_tok_synthetic_00724,350,3,0,1,2,0,NONE
tx_legit_004720,usr_norm_0522,merch_razorpay_007,320.14,INR,2026-08-08T04:41:49+00:00,dev_fingerprint_1675,192.168.103.209,"Chennai, IN",pm_tok_synthetic_01853,356,1,0,2,1,0,NONE
tx_legit_007586,usr_norm_1675,merch_razorpay_025,468.01,INR,2026-08-08T04:43:15+00:00,dev_fingerprint_0125,192.168.113.88,"Hyderabad, IN",pm_tok_synthetic_01938,622,1,0,1,2,0,NONE
tx_legit_008703,usr_norm_0761,merch_razorpay_005,306.8,INR,2026-08-08T04:50:14+00:00,dev_fingerprint_0023,192.168.30.228,"Chennai, IN",pm_tok_synthetic_00858,285,1,0,1,2,0,NONE
tx_legit_008038,usr_norm_1536,merch_razorpay_008,579.34,INR,2026-08-08T04:50:47+00:00,dev_fingerprint_1170,192.168.212.253,"Pune, IN",pm_tok_synthetic_01103,119,2,0,1,2,0,NONE
tx_fraud_000130,usr_fraud_ringA_004,merch_razorpay_010,15851.97,INR,2026-08-08T04:51:19+00:00,dev_fraud_ring_A_0,198.51.100.29,"Ahmedabad, IN",pm_tok_ringA_002,6,4,4,11,3,1,DEVICE_SHARING_RING
tx_legit_001902,usr_norm_1009,merch_razorpay_018,195.54,INR,2026-08-08T04:52:50+00:00,dev_fingerprint_0127,192.168.70.129,"Bengaluru, IN",pm_tok_synthetic_01208,238,2,0,1,1,0,NONE
tx_legit_005882,usr_norm_0039,merch_razorpay_033,458.29,INR,2026-08-08T04:52:55+00:00,dev_fingerprint_1183,192.168.246.167,"Delhi, IN",pm_tok_synthetic_00871,188,2,0,1,2,0,NONE
tx_legit_004069,usr_norm_1172,merch_razorpay_024,514.9,INR,2026-08-08T05:01:58+00:00,dev_fingerprint_1444,192.168.193.61,"Bengaluru, IN",pm_tok_synthetic_00565,705,1,0,1,5,0,NONE
tx_legit_007769,usr_norm_0883,merch_razorpay_026,828.42,INR,2026-08-08T05:08:42+00:00,dev_fingerprint_1743,192.168.222.39,"Bengaluru, IN",pm_tok_synthetic_00331,529,1,0,2,1,0,NONE
tx_legit_008259,usr_norm_0540,merch_razorpay_003,1420.94,INR,2026-08-08T05:11:05+00:00,dev_fingerprint_0712,192.168.99.231,"Bengaluru, IN",pm_tok_synthetic_01875,662,1,0,1,3,0,NONE
tx_legit_003146,usr_norm_0271,merch_razorpay_023,661.47,INR,2026-08-08T05:19:00+00:00,dev_fingerprint_1241,192.168.232.161,"Ahmedabad, IN",pm_tok_synthetic_01701,173,1,1,3,2,0,NONE
tx_legit_001915,usr_norm_0612,merch_razorpay_047,423.94,INR,2026-08-08T05:28:48+00:00,dev_fingerprint_1086,192.168.83.219,"Kolkata, IN",pm_tok_synthetic_00034,654,1,0,1,1,0,NONE
tx_legit_008052,usr_norm_0710,merch_razorpay_018,417.31,INR,2026-08-08T05:29:21+00:00,dev_fingerprint_0344,192.168.203.102,"Mumbai, IN",pm_tok_synthetic_02350,473,2,0,1,2,0,NONE
tx_legit_002606,usr_norm_1792,merch_razorpay_031,1293.86,INR,2026-08-08T05:31:09+00:00,dev_fingerprint_0928,192.168.21.219,"Bengaluru, IN",pm_tok_synthetic_00427,788,1,0,1,2,0,NONE
tx_legit_003006,usr_norm_0217,merch_razorpay_046,882.11,INR,2026-08-08T05:31:43+00:00,dev_fingerprint_0841,192.168.71.198,"Mumbai, IN",pm_tok_synthetic_01677,873,1,0,1,3,0,NONE
tx_legit_004948,usr_norm_1942,merch_razorpay_040,638.76,INR,2026-08-08T05:33:26+00:00,dev_fingerprint_0385,192.168.254.170,"Bengaluru, IN",pm_tok_synthetic_02288,658,1,0,1,2,0,NONE
tx_legit_006494,usr_norm_0544,merch_razorpay_015,269.06,INR,2026-08-08T05:33:44+00:00,dev_fingerprint_1801,192.168.33.50,"Pune, IN",pm_tok_synthetic_00579,553,1,0,1,1,0,NONE
tx_legit_002752,usr_norm_1815,merch_razorpay_040,315.1,INR,2026-08-08T05:39:01+00:00,dev_fingerprint_0443,192.168.104.178,"Kolkata, IN",pm_tok_synthetic_01939,887,1,0,1,2,0,NONE
tx_legit_000025,usr_norm_1995,merch_razorpay_003,702.48,INR,2026-08-08T05:53:24+00:00,dev_fingerprint_0559,192.168.128.239,"Kolkata, IN",pm_tok_synthetic_01639,394,1,0,2,1,0,NONE
tx_legit_009002,usr_norm_1299,merch_razorpay_029,1576.19,INR,2026-08-08T05:54:47+00:00,dev_fingerprint_1905,192.168.226.179,"Chennai, IN",pm_tok_synthetic_02178,858,1,1,1,1,0,NONE
tx_legit_008804,usr_norm_1227,merch_razorpay_012,457.19,INR,2026-08-08T06:00:46+00:00,dev_fingerprint_0110,192.168.149.7,"Hyderabad, IN",pm_tok_synthetic_01733,519,1,0,1,1,0,NONE
tx_legit_006847,usr_norm_0592,merch_razorpay_007,491.71,INR,2026-08-08T06:01:10+00:00,dev_fingerprint_0703,192.168.166.11,"Chennai, IN",pm_tok_synthetic_00198,77,1,1,1,1,0,NONE
tx_legit_001559,usr_norm_0267,merch_razorpay_046,275.78,INR,2026-08-08T06:03:26+00:00,dev_fingerprint_0295,192.168.222.103,"Pune, IN",pm_tok_synthetic_02467,551,3,0,1,1,0,NONE
tx_legit_001836,usr_norm_0557,merch_razorpay_039,365.37,INR,2026-08-08T06:05:25+00:00,dev_fingerprint_0451,192.168.150.142,"Hyderabad, IN",pm_tok_synthetic_00133,311,1,0,1,2,0,NONE
tx_legit_001675,usr_norm_0029,merch_razorpay_025,886.07,INR,2026-08-08T06:05:42+00:00,dev_fingerprint_0851,192.168.212.253,"Bengaluru, IN",pm_tok_synthetic_00389,350,2,0,1,2,0,NONE
tx_legit_003819,usr_norm_1941,merch_razorpay_043,411.96,INR,2026-08-08T06:12:33+00:00,dev_fingerprint_0446,192.168.19.182,"Chennai, IN",pm_tok_synthetic_02061,256,2,0,1,3,0,NONE
tx_legit_005286,usr_norm_0666,merch_razorpay_000,639.58,INR,2026-08-08T06:18:58+00:00,dev_fingerprint_0952,192.168.51.99,"Hyderabad, IN",pm_tok_synthetic_02103,822,1,0,2,2,0,NONE
tx_legit_008672,usr_norm_0206,merch_razorpay_018,544.93,INR,2026-08-08T06:21:53+00:00,dev_fingerprint_0151,192.168.60.99,"Ahmedabad, IN",pm_tok_synthetic_00707,760,1,0,1,1,0,NONE
tx_legit_003239,usr_norm_0295,merch_razorpay_003,975.62,INR,2026-08-08T06:29:39+00:00,dev_fingerprint_0591,192.168.69.148,"Hyderabad, IN",pm_tok_synthetic_00849,736,1,0,1,1,0,NONE
tx_legit_003544,usr_norm_1489,merch_razorpay_035,1095.55,INR,2026-08-08T06:30:26+00:00,dev_fingerprint_0086,192.168.191.250,"Chennai, IN",pm_tok_synthetic_01006,561,2,0,1,1,0,NONE
tx_legit_008709,usr_norm_0251,merch_razorpay_033,214.49,INR,2026-08-08T06:38:01+00:00,dev_fingerprint_1054,192.168.91.77,"Mumbai, IN",pm_tok_synthetic_02042,345,1,0,2,1,0,NONE
tx_legit_005943,usr_norm_1312,merch_razorpay_009,424.01,INR,2026-08-08T06:38:27+00:00,dev_fingerprint_0299,192.168.187.63,"Chennai, IN",pm_tok_synthetic_01091,824,1,0,2,2,0,NONE
tx_legit_001446,usr_norm_0095,merch_razorpay_026,315.73,INR,2026-08-08T06:46:49+00:00,dev_fingerprint_1216,192.168.246.167,"Pune, IN",pm_tok_synthetic_01574,503,1,0,1,1,0,NONE
tx_legit_005615,usr_norm_0655,merch_razorpay_007,129.33,INR,2026-08-08T06:46:51+00:00,dev_fingerprint_0210,10.0.178.182,"Kolkata, IN",pm_tok_synthetic_02350,720,2,0,2,1,0,NONE
tx_legit_009016,usr_norm_0132,merch_razorpay_035,1618.63,INR,2026-08-08T06:46:57+00:00,dev_fingerprint_0945,192.168.71.198,"Kolkata, IN",pm_tok_synthetic_01154,826,1,0,1,1,0,NONE
tx_legit_003213,usr_norm_1420,merch_razorpay_016,496.78,INR,2026-08-08T06:52:27+00:00,dev_fingerprint_0880,10.0.55.2,"Kolkata, IN",pm_tok_synthetic_02359,121,1,1,1,1,0,NONE
tx_legit_006956,usr_norm_1375,merch_razorpay_001,191.23,INR,2026-08-08T06:53:02+00:00,dev_fingerprint_0341,192.168.122.181,"Kolkata, IN",pm_tok_synthetic_00738,593,1,0,1,1,0,NONE
tx_legit_003973,usr_norm_0994,merch_razorpay_034,287.21,INR,2026-08-08T06:54:51+00:00,dev_fingerprint_0845,192.168.31.185,"Chennai, IN",pm_tok_synthetic_02098,336,1,0,1,2,0,NONE
tx_legit_003756,usr_norm_0917,merch_razorpay_026,1370.77,INR,2026-08-08T06:57:00+00:00,dev_fingerprint_0406,192.168.124.71,"Pune, IN",pm_tok_synthetic_00818,826,4,0,1,1,0,NONE
tx_legit_001444,usr_norm_1970,merch_razorpay_026,344.73,INR,2026-08-08T07:06:34+00:00,dev_fingerprint_0351,192.168.45.52,"Ahmedabad, IN",pm_tok_synthetic_02200,34,1,0,1,1,0,NONE
tx_legit_003674,usr_norm_1458,merch_razorpay_005,219.99,INR,2026-08-08T07:07:02+00:00,dev_fingerprint_0492,192.168.84.47,"Delhi, IN",pm_tok_synthetic_00625,466,1,1,1,3,0,NONE
tx_fraud_000001,usr_fraud_ringA_000,merch_razorpay_027,6378.12,INR,2026-08-08T07:09:58+00:00,dev_fraud_ring_A_0,198.51.100.41,"Mumbai, IN",pm_tok_ringA_002,1,6,4,11,2,1,DEVICE_SHARING_RING
tx_legit_000347,usr_norm_1898,merch_razorpay_045,179.74,INR,2026-08-08T07:10:09+00:00,dev_fingerprint_1466,10.0.238.35,"Ahmedabad, IN",pm_tok_synthetic_01751,408,1,2,1,2,0,NONE
tx_legit_005253,usr_norm_0043,merch_razorpay_015,190.4,INR,2026-08-08T07:15:58+00:00,dev_fingerprint_0463,10.0.203.181,"Ahmedabad, IN",pm_tok_synthetic_01757,895,1,0,1,2,0,NONE
tx_legit_000230,usr_norm_1685,merch_razorpay_004,746.88,INR,2026-08-08T07:21:09+00:00,dev_fingerprint_0370,192.168.247.10,"Delhi, IN",pm_tok_synthetic_02160,63,2,1,1,1,0,NONE
tx_legit_007971,usr_norm_0260,merch_razorpay_031,427.9,INR,2026-08-08T07:26:01+00:00,dev_fingerprint_0092,192.168.51.38,"Delhi, IN",pm_tok_synthetic_00209,613,2,0,1,1,0,NONE
tx_legit_005930,usr_norm_0143,merch_razorpay_022,505.54,INR,2026-08-08T07:30:26+00:00,dev_fingerprint_0765,192.168.53.172,"Ahmedabad, IN",pm_tok_synthetic_01581,113,1,0,1,1,0,NONE
tx_legit_003814,usr_norm_0876,merch_razorpay_039,412.68,INR,2026-08-08T07:34:41+00:00,dev_fingerprint_0241,192.168.245.214,"Hyderabad, IN",pm_tok_synthetic_00219,679,1,0,1,1,0,NONE
tx_legit_000374,usr_norm_0282,merch_razorpay_005,415.82,INR,2026-08-08T07:38:01+00:00,dev_fingerprint_1476,192.168.71.12,"Pune, IN",pm_tok_synthetic_01557,181,1,0,1,1,0,NONE
tx_legit_007056,usr_norm_0682,merch_razorpay_027,581.09,INR,2026-08-08T07:45:23+00:00,dev_fingerprint_0173,192.168.133.243,"Pune, IN",pm_tok_synthetic_00391,547,1,2,1,1,0,NONE
tx_legit_001626,usr_norm_0486,merch_razorpay_006,302.76,INR,2026-08-08T07:49:45+00:00,dev_fingerprint_0277,192.168.227.224,"Kolkata, IN",pm_tok_synthetic_00027,435,1,0,1,2,0,NONE
tx_legit_007524,usr_norm_1619,merch_razorpay_025,650.33,INR,2026-08-08T07:53:21+00:00,dev_fingerprint_0786,192.168.9.207,"Hyderabad, IN",pm_tok_synthetic_01952,243,1,0,1,2,0,NONE
tx_legit_005565,usr_norm_0845,merch_razorpay_008,387.9,INR,2026-08-08T07:56:12+00:00,dev_fingerprint_1325,192.168.173.221,"Chennai, IN",pm_tok_synthetic_00846,305,1,0,1,1,0,NONE
tx_legit_002875,usr_norm_1620,merch_razorpay_041,172.57,INR,2026-08-08T07:57:43+00:00,dev_fingerprint_1421,192.168.104.178,"Delhi, IN",pm_tok_synthetic_01765,833,1,1,1,2,0,NONE
tx_legit_003875,usr_norm_1482,merch_razorpay_044,229.83,INR,2026-08-08T08:00:35+00:00,dev_fingerprint_0418,192.168.9.207,"Ahmedabad, IN",pm_tok_synthetic_00725,479,1,0,1,1,0,NONE
tx_fraud_000469,usr_fraud_reuseC_008,merch_razorpay_032,4846.48,INR,2026-08-08T08:04:11+00:00,dev_reuseC_001,198.51.100.165,"Ahmedabad, IN",pm_tok_stolen_C_004,2,8,1,4,6,1,PAYMENT_REF_REUSE
tx_legit_003712,usr_norm_1474,merch_razorpay_004,708.5,INR,2026-08-08T08:04:34+00:00,dev_fingerprint_0475,192.168.159.21,"Mumbai, IN",pm_tok_synthetic_00106,397,2,0,1,1,0,NONE
tx_legit_002196,usr_norm_1422,merch_razorpay_043,158.28,INR,2026-08-08T08:12:55+00:00,dev_fingerprint_1605,192.168.187.202,"Hyderabad, IN",pm_tok_synthetic_00780,358,1,0,3,1,0,NONE
tx_legit_004798,usr_norm_0170,merch_razorpay_028,167.72,INR,2026-08-08T08:14:43+00:00,dev_fingerprint_0980,192.168.14.65,"Kolkata, IN",pm_tok_synthetic_00746,860,1,0,2,1,0,NONE
tx_legit_007237,usr_norm_1150,merch_razorpay_027,1227.03,INR,2026-08-08T08:15:38+00:00,dev_fingerprint_0240,192.168.120.136,"Kolkata, IN",pm_tok_synthetic_01975,705,1,0,1,1,0,NONE
tx_legit_004287,usr_norm_0749,merch_razorpay_020,534.51,INR,2026-08-08T08:17:02+00:00,dev_fingerprint_0649,192.168.187.14,"Ahmedabad, IN",pm_tok_synthetic_02301,740,3,1,1,2,0,NONE
tx_legit_002347,usr_norm_0740,merch_razorpay_031,90.5,INR,2026-08-08T08:20:55+00:00,dev_fingerprint_1257,192.168.1.253,"Mumbai, IN",pm_tok_synthetic_00534,378,2,0,2,1,0,NONE
tx_legit_004931,usr_norm_0209,merch_razorpay_004,763.01,INR,2026-08-08T08:23:15+00:00,dev_fingerprint_1110,192.168.140.10,"Pune, IN",pm_tok_synthetic_01228,191,1,0,1,1,0,NONE
tx_legit_000838,usr_norm_0863,merch_razorpay_040,500.97,INR,2026-08-08T08:28:17+00:00,dev_fingerprint_1018,192.168.79.94,"Kolkata, IN",pm_tok_synthetic_01062,458,2,0,1,1,0,NONE
tx_legit_003715,usr_norm_0614,merch_razorpay_005,757.54,INR,2026-08-08T08:28:33+00:00,dev_fingerprint_1725,192.168.149.189,"Chennai, IN",pm_tok_synthetic_00620,451,1,0,1,1,0,NONE
tx_legit_000056,usr_norm_0587,merch_razorpay_048,299.0,INR,2026-08-08T08:38:23+00:00,dev_fingerprint_0129,192.168.254.170,"Kolkata, IN",pm_tok_synthetic_02189,437,2,0,1,1,0,NONE
tx_legit_005315,usr_norm_0636,merch_razorpay_042,860.0,INR,2026-08-08T08:40:07+00:00,dev_fingerprint_1311,192.168.78.218,"Delhi, IN",pm_tok_synthetic_02202,660,1,0,1,3,0,NONE
tx_legit_008846,usr_norm_0931,merch_razorpay_021,446.73,INR,2026-08-08T08:40:16+00:00,dev_fingerprint_0237,192.168.142.221,"Pune, IN",pm_tok_synthetic_01830,39,1,0,1,1,0,NONE
tx_legit_008537,usr_norm_0846,merch_razorpay_043,1126.68,INR,2026-08-08T08:51:24+00:00,dev_fingerprint_1334,192.168.179.99,"Bengaluru, IN",pm_tok_synthetic_02102,50,1,0,2,1,0,NONE
tx_legit_002604,usr_norm_1316,merch_razorpay_000,523.84,INR,2026-08-08T08:57:56+00:00,dev_fingerprint_1463,10.0.22.196,"Kolkata, IN",pm_tok_synthetic_01576,819,1,0,1,3,0,NONE
tx_legit_006654,usr_norm_0396,merch_razorpay_031,421.82,INR,2026-08-08T08:58:14+00:00,dev_fingerprint_0161,10.0.251.156,"Chennai, IN",pm_tok_synthetic_01842,897,1,0,1,3,0,NONE
tx_legit_002256,usr_norm_1409,merch_razorpay_010,299.76,INR,2026-08-08T09:02:44+00:00,dev_fingerprint_1218,192.168.67.88,"Ahmedabad, IN",pm_tok_synthetic_02067,122,2,0,1,4,0,NONE
tx_legit_004830,usr_norm_0965,merch_razorpay_024,149.71,INR,2026-08-08T09:04:07+00:00,dev_fingerprint_0000,192.168.61.162,"Chennai, IN",pm_tok_synthetic_00372,840,1,0,1,1,0,NONE
tx_legit_005371,usr_norm_0567,merch_razorpay_026,280.24,INR,2026-08-08T09:07:38+00:00,dev_fingerprint_0485,10.0.127.55,"Kolkata, IN",pm_tok_synthetic_02408,735,1,0,1,1,0,NONE
tx_legit_008692,usr_norm_0565,merch_razorpay_046,813.34,INR,2026-08-08T09:08:59+00:00,dev_fingerprint_0066,192.168.139.21,"Pune, IN",pm_tok_synthetic_01076,386,1,0,1,1,0,NONE
tx_legit_009124,usr_norm_0086,merch_razorpay_019,243.51,INR,2026-08-08T09:10:33+00:00,dev_fingerprint_1154,192.168.214.124,"Chennai, IN",pm_tok_synthetic_02373,489,2,1,1,1,0,NONE
tx_legit_005416,usr_norm_1624,merch_razorpay_010,751.33,INR,2026-08-08T09:10:59+00:00,dev_fingerprint_0996,10.0.90.53,"Delhi, IN",pm_tok_synthetic_02425,640,2,0,1,1,0,NONE
tx_legit_004862,usr_norm_0801,merch_razorpay_004,452.07,INR,2026-08-08T09:19:58+00:00,dev_fingerprint_1929,10.0.80.105,"Pune, IN",pm_tok_synthetic_00603,153,1,2,1,1,0,NONE
tx_legit_001621,usr_norm_1969,merch_razorpay_009,506.71,INR,2026-08-08T09:22:06+00:00,dev_fingerprint_0444,192.168.105.86,"Chennai, IN",pm_tok_synthetic_00784,318,2,0,1,1,0,NONE
tx_legit_001012,usr_norm_0184,merch_razorpay_001,281.03,INR,2026-08-08T09:24:18+00:00,dev_fingerprint_0369,192.168.166.88,"Bengaluru, IN",pm_tok_synthetic_01203,358,2,0,1,3,0,NONE
tx_legit_002805,usr_norm_0027,merch_razorpay_007,848.32,INR,2026-08-08T09:29:42+00:00,dev_fingerprint_0440,192.168.229.114,"Delhi, IN",pm_tok_synthetic_01849,263,1,0,1,4,0,NONE
tx_legit_006124,usr_norm_0053,merch_razorpay_043,951.23,INR,2026-08-08T09:30:11+00:00,dev_fingerprint_1162,192.168.89.109,"Pune, IN",pm_tok_synthetic_00347,83,1,0,1,1,0,NONE
tx_fraud_000431,usr_fraud_reuseC_010,merch_razorpay_021,7490.43,INR,2026-08-08T09:40:05+00:00,dev_reuseC_020,198.51.100.193,"Chennai, IN",pm_tok_stolen_C_003,2,5,2,4,6,1,PAYMENT_REF_REUSE
tx_legit_000524,usr_norm_1562,merch_razorpay_043,317.42,INR,2026-08-08T09:49:39+00:00,dev_fingerprint_1633,192.168.2.195,"Mumbai, IN",pm_tok_synthetic_00853,621,3,0,1,1,0,NONE
tx_legit_000509,usr_norm_1414,merch_razorpay_025,1126.21,INR,2026-08-08T09:53:26+00:00,dev_fingerprint_0174,192.168.173.80,"Ahmedabad, IN",pm_tok_synthetic_02055,474,1,0,1,1,0,NONE
tx_legit_006373,usr_norm_0691,merch_razorpay_027,352.56,INR,2026-08-08T09:56:38+00:00,dev_fingerprint_0954,192.168.189.237,"Mumbai, IN",pm_tok_synthetic_00631,153,1,0,1,1,0,NONE
tx_legit_000000,usr_norm_1930,merch_razorpay_004,317.55,INR,2026-08-08T09:57:03+00:00,dev_fingerprint_0859,192.168.19.148,"Ahmedabad, IN",pm_tok_synthetic_01458,79,1,0,1,2,0,NONE
tx_legit_007946,usr_norm_1299,merch_razorpay_038,1333.99,INR,2026-08-08T09:58:54+00:00,dev_fingerprint_1328,192.168.226.179,"Pune, IN",pm_tok_synthetic_02178,858,1,0,1,1,0,NONE
tx_legit_006464,usr_norm_0355,merch_razorpay_000,452.17,INR,2026-08-08T10:03:09+00:00,dev_fingerprint_1377,192.168.4.185,"Kolkata, IN",pm_tok_synthetic_01262,770,1,0,1,1,0,NONE
tx_legit_009120,usr_norm_0884,merch_razorpay_003,329.89,INR,2026-08-08T10:03:47+00:00,dev_fingerprint_0681,10.0.73.144,"Delhi, IN",pm_tok_synthetic_00724,350,1,0,1,3,0,NONE
tx_legit_001195,usr_norm_1221,merch_razorpay_036,269.67,INR,2026-08-08T10:05:26+00:00,dev_fingerprint_1358,192.168.13.67,"Ahmedabad, IN",pm_tok_synthetic_00027,812,1,0,1,2,0,NONE
tx_legit_006694,usr_norm_0728,merch_razorpay_026,222.86,INR,2026-08-08T10:05:35+00:00,dev_fingerprint_0326,192.168.193.69,"Kolkata, IN",pm_tok_synthetic_01015,702,1,0,1,3,0,NONE
tx_legit_006396,usr_norm_0426,merch_razorpay_036,357.0,INR,2026-08-08T10:08:41+00:00,dev_fingerprint_1291,192.168.159.21,"Ahmedabad, IN",pm_tok_synthetic_00876,754,1,0,1,1,0,NONE
tx_legit_007043,usr_norm_0256,merch_razorpay_012,625.12,INR,2026-08-08T10:12:12+00:00,dev_fingerprint_1339,192.168.68.202,"Bengaluru, IN",pm_tok_synthetic_01927,322,1,0,1,1,0,NONE
tx_legit_004802,usr_norm_0884,merch_razorpay_041,527.68,INR,2026-08-08T10:20:08+00:00,dev_fingerprint_0681,192.168.14.65,"Kolkata, IN",pm_tok_synthetic_00724,350,1,0,2,2,0,NONE
tx_legit_001687,usr_norm_0558,merch_razorpay_003,514.19,INR,2026-08-08T10:26:10+00:00,dev_fingerprint_0460,192.168.176.154,"Kolkata, IN",pm_tok_synthetic_01182,202,1,0,1,2,0,NONE
tx_legit_008790,usr_norm_0591,merch_razorpay_028,338.79,INR,2026-08-08T10:26:58+00:00,dev_fingerprint_0267,192.168.72.226,"Ahmedabad, IN",pm_tok_synthetic_01987,837,1,0,1,1,0,NONE
tx_legit_007296,usr_norm_1172,merch_razorpay_007,422.12,INR,2026-08-08T10:27:47+00:00,dev_fingerprint_1444,192.168.193.61,"Kolkata, IN",pm_tok_synthetic_00565,705,1,0,1,1,0,NONE
tx_legit_007414,usr_norm_1325,merch_razorpay_046,244.34,INR,2026-08-08T10:28:28+00:00,dev_fingerprint_0446,192.168.71.49,"Delhi, IN",pm_tok_synthetic_00462,271,1,0,1,2,0,NONE
tx_legit_001710,usr_norm_1823,merch_razorpay_011,502.54,INR,2026-08-08T10:28:50+00:00,dev_fingerprint_1853,192.168.228.195,"Ahmedabad, IN",pm_tok_synthetic_00401,493,2,0,1,2,0,NONE
tx_legit_005470,usr_norm_0912,merch_razorpay_010,168.53,INR,2026-08-08T10:29:20+00:00,dev_fingerprint_0861,10.0.240.61,"Chennai, IN",pm_tok_synthetic_00348,708,2,0,1,2,0,NONE
tx_legit_005695,usr_norm_0667,merch_razorpay_000,443.14,INR,2026-08-08T10:31:42+00:00,dev_fingerprint_0636,192.168.79.211,"Kolkata, IN",pm_tok_synthetic_00353,596,2,0,1,3,0,NONE
tx_legit_000591,usr_norm_1641,merch_razorpay_014,905.61,INR,2026-08-08T10:33:31+00:00,dev_fingerprint_0001,192.168.173.211,"Hyderabad, IN",pm_tok_synthetic_02293,870,2,0,1,1,0,NONE
tx_legit_006504,usr_norm_1516,merch_razorpay_007,683.54,INR,2026-08-08T10:45:46+00:00,dev_fingerprint_0011,192.168.56.190,"Ahmedabad, IN",pm_tok_synthetic_02021,273,1,0,3,2,0,NONE
tx_legit_004709,usr_norm_1020,merch_razorpay_031,705.49,INR,2026-08-08T10:49:34+00:00,dev_fingerprint_1484,192.168.56.114,"Chennai, IN",pm_tok_synthetic_00792,331,1,0,1,1,0,NONE
tx_legit_001050,usr_norm_1749,merch_razorpay_029,289.6,INR,2026-08-08T10:51:00+00:00,dev_fingerprint_1523,192.168.213.108,"Delhi, IN",pm_tok_synthetic_02187,884,1,0,1,2,0,NONE
tx_legit_003125,usr_norm_1347,merch_razorpay_000,660.44,INR,2026-08-08T11:03:57+00:00,dev_fingerprint_0751,192.168.181.55,"Kolkata, IN",pm_tok_synthetic_00002,824,1,0,1,3,0,NONE
tx_fraud_000385,usr_fraud_reuseC_004,merch_razorpay_020,12187.25,INR,2026-08-08T11:04:25+00:00,dev_reuseC_001,198.51.100.200,"Delhi, IN",pm_tok_stolen_C_005,4,3,1,5,6,1,PAYMENT_REF_REUSE
tx_legit_000640,usr_norm_0071,merch_razorpay_006,737.19,INR,2026-08-08T11:07:11+00:00,dev_fingerprint_1453,192.168.145.243,"Bengaluru, IN",pm_tok_synthetic_01710,326,1,0,1,1,0,NONE
tx_legit_008458,usr_norm_0017,merch_razorpay_013,526.46,INR,2026-08-08T11:13:50+00:00,dev_fingerprint_1317,192.168.56.114,"Pune, IN",pm_tok_synthetic_00127,92,1,0,1,1,0,NONE
tx_legit_002831,usr_norm_1361,merch_razorpay_015,553.06,INR,2026-08-08T11:14:13+00:00,dev_fingerprint_0100,192.168.218.32,"Pune, IN",pm_tok_synthetic_01645,650,1,0,1,2,0,NONE
tx_legit_000878,usr_norm_1414,merch_razorpay_040,758.61,INR,2026-08-08T11:23:11+00:00,dev_fingerprint_1572,10.0.236.183,"Bengaluru, IN",pm_tok_synthetic_02055,474,1,2,2,1,0,NONE
tx_legit_008883,usr_norm_1396,merch_razorpay_020,649.52,INR,2026-08-08T11:26:06+00:00,dev_fingerprint_0988,10.0.245.115,"Chennai, IN",pm_tok_synthetic_01999,875,1,0,1,1,0,NONE
tx_legit_000037,usr_norm_0522,merch_razorpay_013,393.84,INR,2026-08-08T11:34:47+00:00,dev_fingerprint_0897,10.0.222.103,"Delhi, IN",pm_tok_synthetic_01853,356,1,0,1,2,0,NONE
tx_legit_005600,usr_norm_0385,merch_razorpay_025,552.52,INR,2026-08-08T11:37:05+00:00,dev_fingerprint_0358,192.168.224.4,"Pune, IN",pm_tok_synthetic_01749,599,1,0,1,2,0,NONE
tx_legit_005884,usr_norm_0428,merch_razorpay_049,948.82,INR,2026-08-08T11:37:55+00:00,dev_fingerprint_1860,192.168.33.50,"Pune, IN",pm_tok_synthetic_00247,662,1,0,1,2,0,NONE
tx_legit_001802,usr_norm_0068,merch_razorpay_025,717.41,INR,2026-08-08T11:42:59+00:00,dev_fingerprint_0813,192.168.164.247,"Mumbai, IN",pm_tok_synthetic_00173,476,1,0,1,2,0,NONE
tx_legit_007788,usr_norm_0621,merch_razorpay_027,185.14,INR,2026-08-08T11:48:03+00:00,dev_fingerprint_1244,192.168.142.181,"Kolkata, IN",pm_tok_synthetic_00109,898,1,0,2,1,0,NONE
tx_legit_005965,usr_norm_0841,merch_razorpay_042,155.33,INR,2026-08-08T11:56:06+00:00,dev_fingerprint_1129,192.168.156.252,"Delhi, IN",pm_tok_synthetic_01410,197,1,1,1,1,0,NONE
tx_legit_006500,usr_norm_1244,merch_razorpay_035,638.93,INR,2026-08-08T11:59:37+00:00,dev_fingerprint_0019,192.168.252.166,"Chennai, IN",pm_tok_synthetic_01726,541,1,0,1,2,0,NONE
tx_legit_005389,usr_norm_0230,merch_razorpay_039,403.52,INR,2026-08-08T12:00:08+00:00,dev_fingerprint_1189,192.168.57.2,"Pune, IN",pm_tok_synthetic_00701,704,1,0,1,1,0,NONE
tx_legit_005063,usr_norm_1118,merch_razorpay_001,682.58,INR,2026-08-08T12:02:52+00:00,dev_fingerprint_1338,192.168.158.146,"Delhi, IN",pm_tok_synthetic_01496,631,3,0,2,2,0,NONE
tx_legit_002790,usr_norm_0824,merch_razorpay_024,541.96,INR,2026-08-08T12:04:02+00:00,dev_fingerprint_1006,192.168.41.19,"Pune, IN",pm_tok_synthetic_00402,263,1,0,1,1,0,NONE
tx_legit_004335,usr_norm_0491,merch_razorpay_011,50.0,INR,2026-08-08T12:05:24+00:00,dev_fingerprint_0411,192.168.87.172,"Hyderabad, IN",pm_tok_synthetic_01286,211,1,0,1,1,0,NONE
tx_legit_004792,usr_norm_1209,merch_razorpay_040,968.13,INR,2026-08-08T12:05:53+00:00,dev_fingerprint_1436,192.168.153.11,"Ahmedabad, IN",pm_tok_synthetic_01293,452,1,0,1,2,0,NONE
tx_legit_007526,usr_norm_1050,merch_razorpay_009,2549.58,INR,2026-08-08T12:11:21+00:00,dev_fingerprint_1101,192.168.192.24,"Kolkata, IN",pm_tok_synthetic_01782,692,1,0,1,1,0,NONE
tx_legit_002019,usr_norm_0960,merch_razorpay_021,399.2,INR,2026-08-08T12:23:48+00:00,dev_fingerprint_0940,10.0.204.248,"Hyderabad, IN",pm_tok_synthetic_02347,488,1,0,1,1,0,NONE
tx_legit_001704,usr_norm_1419,merch_razorpay_009,680.98,INR,2026-08-08T12:25:43+00:00,dev_fingerprint_1772,192.168.81.55,"Delhi, IN",pm_tok_synthetic_01090,825,1,1,1,3,0,NONE
tx_legit_001905,usr_norm_0061,merch_razorpay_039,415.5,INR,2026-08-08T12:25:49+00:00,dev_fingerprint_1897,192.168.163.159,"Mumbai, IN",pm_tok_synthetic_02454,86,2,2,1,2,0,NONE
tx_legit_000523,usr_norm_0703,merch_razorpay_033,653.25,INR,2026-08-08T12:34:10+00:00,dev_fingerprint_0024,192.168.176.84,"Kolkata, IN",pm_tok_synthetic_00910,163,1,0,1,1,0,NONE
tx_legit_006606,usr_norm_1763,merch_razorpay_003,920.55,INR,2026-08-08T12:38:17+00:00,dev_fingerprint_0415,192.168.171.136,"Kolkata, IN",pm_tok_synthetic_02482,860,2,0,1,1,0,NONE
tx_fraud_000352,usr_fraud_reuseC_011,merch_razorpay_041,11303.67,INR,2026-08-08T12:55:18+00:00,dev_reuseC_025,198.51.100.133,"Chennai, IN",pm_tok_stolen_C_005,3,5,0,4,3,1,PAYMENT_REF_REUSE
tx_legit_006217,usr_norm_1229,merch_razorpay_017,469.97,INR,2026-08-08T12:58:21+00:00,dev_fingerprint_0806,10.0.218.210,"Pune, IN",pm_tok_synthetic_00715,498,1,0,1,2,0,NONE
tx_legit_004844,usr_norm_0191,merch_razorpay_015,75.96,INR,2026-08-08T13:14:49+00:00,dev_fingerprint_1374,192.168.162.176,"Hyderabad, IN",pm_tok_synthetic_01663,402,1,0,1,1,0,NONE
tx_legit_000589,usr_norm_0528,merch_razorpay_047,622.99,INR,2026-08-08T13:17:06+00:00,dev_fingerprint_1146,192.168.171.136,"Pune, IN",pm_tok_synthetic_01892,267,1,0,1,2,0,NONE
tx_legit_005852,usr_norm_1886,merch_razorpay_018,678.68,INR,2026-08-08T13:20:36+00:00,dev_fingerprint_1598,192.168.252.216,"Pune, IN",pm_tok_synthetic_00460,779,1,0,1,3,0,NONE
tx_legit_006326,usr_norm_0588,merch_razorpay_033,170.34,INR,2026-08-08T13:23:41+00:00,dev_fingerprint_0446,192.168.252.176,"Hyderabad, IN",pm_tok_synthetic_01759,874,3,0,1,5,0,NONE
tx_legit_008356,usr_norm_0915,merch_razorpay_044,1362.58,INR,2026-08-08T13:32:13+00:00,dev_fingerprint_1472,192.168.4.182,"Chennai, IN",pm_tok_synthetic_00482,319,1,0,1,1,0,NONE
tx_legit_005032,usr_norm_1370,merch_razorpay_031,342.55,INR,2026-08-08T13:43:22+00:00,dev_fingerprint_0789,192.168.141.26,"Ahmedabad, IN",pm_tok_synthetic_00791,568,1,1,1,1,0,NONE
tx_legit_001508,usr_norm_0068,merch_razorpay_033,384.58,INR,2026-08-08T13:51:53+00:00,dev_fingerprint_0813,192.168.164.247,"Pune, IN",pm_tok_synthetic_00173,476,1,0,1,2,0,NONE
tx_legit_005142,usr_norm_0347,merch_razorpay_044,1491.24,INR,2026-08-08T13:53:44+00:00,dev_fingerprint_0229,192.168.176.84,"Chennai, IN",pm_tok_synthetic_02243,547,1,0,1,3,0,NONE
tx_legit_005757,usr_norm_1521,merch_razorpay_021,606.58,INR,2026-08-08T13:58:11+00:00,dev_fingerprint_0425,192.168.95.91,"Chennai, IN",pm_tok_synthetic_00757,181,1,0,1,1,0,NONE
tx_legit_004205,usr_norm_1784,merch_razorpay_014,436.69,INR,2026-08-08T14:02:04+00:00,dev_fingerprint_1085,192.168.142.221,"Ahmedabad, IN",pm_tok_synthetic_01482,809,1,1,1,3,0,NONE
tx_legit_002905,usr_norm_1504,merch_razorpay_045,695.76,INR,2026-08-08T14:03:40+00:00,dev_fingerprint_0253,192.168.17.99,"Bengaluru, IN",pm_tok_synthetic_00467,753,3,0,1,1,0,NONE
tx_legit_004559,usr_norm_0380,merch_razorpay_003,748.68,INR,2026-08-08T14:06:03+00:00,dev_fingerprint_1498,192.168.67.88,"Hyderabad, IN",pm_tok_synthetic_01306,621,1,0,1,1,0,NONE
tx_legit_007294,usr_norm_0954,merch_razorpay_018,488.63,INR,2026-08-08T14:07:19+00:00,dev_fingerprint_1317,192.168.60.121,"Delhi, IN",pm_tok_synthetic_00642,547,1,0,1,2,0,NONE
tx_legit_001717,usr_norm_0084,merch_razorpay_024,225.55,INR,2026-08-08T14:07:29+00:00,dev_fingerprint_1661,192.168.118.37,"Chennai, IN",pm_tok_synthetic_00725,821,4,0,3,1,0,NONE
tx_legit_003274,usr_norm_1245,merch_razorpay_023,387.83,INR,2026-08-08T14:12:29+00:00,dev_fingerprint_0275,192.168.232.161,"Kolkata, IN",pm_tok_synthetic_02117,576,1,1,2,1,0,NONE
tx_legit_006983,usr_norm_1371,merch_razorpay_042,288.4,INR,2026-08-08T14:29:53+00:00,dev_fingerprint_1345,192.168.68.34,"Hyderabad, IN",pm_tok_synthetic_02334,670,1,0,1,1,0,NONE
tx_legit_002704,usr_norm_0005,merch_razorpay_019,486.83,INR,2026-08-08T14:38:36+00:00,dev_fingerprint_0477,192.168.204.224,"Hyderabad, IN",pm_tok_synthetic_00126,837,1,0,1,1,0,NONE
tx_legit_006052,usr_norm_1398,merch_razorpay_046,414.18,INR,2026-08-08T14:41:01+00:00,dev_fingerprint_0195,10.0.122.68,"Bengaluru, IN",pm_tok_synthetic_01230,68,1,0,3,2,0,NONE
tx_legit_000214,usr_norm_0867,merch_razorpay_036,762.21,INR,2026-08-08T14:41:09+00:00,dev_fingerprint_1094,10.0.142.183,"Chennai, IN",pm_tok_synthetic_01948,717,1,0,1,4,0,NONE
tx_legit_001896,usr_norm_0554,merch_razorpay_015,418.08,INR,2026-08-08T14:42:05+00:00,dev_fingerprint_1337,192.168.55.117,"Bengaluru, IN",pm_tok_synthetic_01675,731,1,0,1,1,0,NONE
tx_legit_007057,usr_norm_0449,merch_razorpay_012,260.73,INR,2026-08-08T14:42:15+00:00,dev_fingerprint_0574,192.168.24.233,"Bengaluru, IN",pm_tok_synthetic_02224,607,1,0,1,1,0,NONE
tx_legit_004568,usr_norm_1246,merch_razorpay_021,3157.93,INR,2026-08-08T14:44:47+00:00,dev_fingerprint_1475,192.168.239.106,"Mumbai, IN",pm_tok_synthetic_01993,337,1,0,1,3,0,NONE
tx_legit_004410,usr_norm_0103,merch_razorpay_027,1152.37,INR,2026-08-08T14:44:53+00:00,dev_fingerprint_1070,192.168.186.151,"Pune, IN",pm_tok_synthetic_00650,402,1,0,1,1,0,NONE
tx_legit_000336,usr_norm_0330,merch_razorpay_015,388.41,INR,2026-08-08T14:51:17+00:00,dev_fingerprint_1669,192.168.112.125,"Mumbai, IN",pm_tok_synthetic_01325,284,1,0,1,2,0,NONE
tx_legit_002401,usr_norm_0549,merch_razorpay_026,99.52,INR,2026-08-08T14:53:54+00:00,dev_fingerprint_0341,192.168.165.110,"Ahmedabad, IN",pm_tok_synthetic_01183,173,4,0,1,1,0,NONE
tx_legit_000335,usr_norm_0682,merch_razorpay_003,400.77,INR,2026-08-08T14:54:35+00:00,dev_fingerprint_1892,192.168.133.243,"Hyderabad, IN",pm_tok_synthetic_00391,547,2,0,1,1,0,NONE
tx_legit_003134,usr_norm_1776,merch_razorpay_019,391.88,INR,2026-08-08T14:58:30+00:00,dev_fingerprint_0852,192.168.154.11,"Kolkata, IN",pm_tok_synthetic_01949,738,1,1,1,2,0,NONE
tx_legit_007095,usr_norm_0700,merch_razorpay_022,372.33,INR,2026-08-08T15:01:21+00:00,dev_fingerprint_1777,192.168.206.120,"Kolkata, IN",pm_tok_synthetic_01852,599,1,0,1,1,0,NONE
tx_legit_000835,usr_norm_1972,merch_razorpay_031,186.35,INR,2026-08-08T15:07:21+00:00,dev_fingerprint_1941,192.168.57.125,"Ahmedabad, IN",pm_tok_synthetic_01501,744,1,0,1,1,0,NONE
tx_legit_006764,usr_norm_1739,merch_razorpay_043,200.95,INR,2026-08-08T15:10:43+00:00,dev_fingerprint_1094,192.168.66.171,"Mumbai, IN",pm_tok_synthetic_01392,112,1,0,1,1,0,NONE
tx_legit_002285,usr_norm_0880,merch_razorpay_048,138.18,INR,2026-08-08T15:14:57+00:00,dev_fingerprint_0110,10.0.3.106,"Chennai, IN",pm_tok_synthetic_00617,170,1,0,1,1,0,NONE
tx_legit_008899,usr_norm_1143,merch_razorpay_008,518.75,INR,2026-08-08T15:15:04+00:00,dev_fingerprint_1483,10.0.161.170,"Ahmedabad, IN",pm_tok_synthetic_01403,494,1,0,1,2,0,NONE
tx_legit_008578,usr_norm_0042,merch_razorpay_019,653.39,INR,2026-08-08T15:15:54+00:00,dev_fingerprint_0235,192.168.63.117,"Kolkata, IN",pm_tok_synthetic_01141,617,1,0,1,1,0,NONE
tx_fraud_000433,usr_fraud_reuseC_012,merch_razorpay_028,16859.23,INR,2026-08-08T15:17:30+00:00,dev_reuseC_017,198.51.100.145,"Hyderabad, IN",pm_tok_stolen_C_001,4,4,3,3,3,1,PAYMENT_REF_REUSE
tx_legit_007513,usr_norm_1882,merch_razorpay_031,579.53,INR,2026-08-08T15:27:00+00:00,dev_fingerprint_0319,192.168.189.27,"Ahmedabad, IN",pm_tok_synthetic_02237,549,4,0,1,3,0,NONE
tx_legit_002489,usr_norm_1424,merch_razorpay_043,563.32,INR,2026-08-08T15:36:24+00:00,dev_fingerprint_0624,192.168.49.25,"Ahmedabad, IN",pm_tok_synthetic_01432,661,1,0,1,1,0,NONE
tx_legit_007410,usr_norm_0096,merch_razorpay_024,148.54,INR,2026-08-08T15:41:30+00:00,dev_fingerprint_1188,192.168.46.188,"Ahmedabad, IN",pm_tok_synthetic_00168,490,1,0,1,1,0,NONE
tx_legit_003000,usr_norm_1292,merch_razorpay_032,961.15,INR,2026-08-08T15:51:13+00:00,dev_fingerprint_0473,192.168.203.211,"Chennai, IN",pm_tok_synthetic_00029,591,1,0,2,2,0,NONE
tx_legit_007497,usr_norm_0225,merch_razorpay_012,436.61,INR,2026-08-08T15:52:54+00:00,dev_fingerprint_0461,10.0.64.194,"Hyderabad, IN",pm_tok_synthetic_02125,320,1,1,1,2,0,NONE
tx_legit_003307,usr_norm_1892,merch_razorpay_032,1310.34,INR,2026-08-08T15:56:50+00:00,dev_fingerprint_1535,10.0.92.24,"Hyderabad, IN",pm_tok_synthetic_01138,230,1,0,1,1,0,NONE
tx_legit_007558,usr_norm_1487,merch_razorpay_048,627.86,INR,2026-08-08T16:03:06+00:00,dev_fingerprint_1098,192.168.80.28,"Chennai, IN",pm_tok_synthetic_00157,563,2,0,2,1,0,NONE
tx_legit_003762,usr_norm_0306,merch_razorpay_029,1609.48,INR,2026-08-08T16:04:19+00:00,dev_fingerprint_0496,192.168.54.172,"Bengaluru, IN",pm_tok_synthetic_02175,261,2,0,1,1,0,NONE
tx_legit_004121,usr_norm_0372,merch_razorpay_010,336.74,INR,2026-08-08T16:10:13+00:00,dev_fingerprint_0386,192.168.144.84,"Pune, IN",pm_tok_synthetic_00462,62,1,0,1,1,0,NONE
tx_legit_000400,usr_norm_1559,merch_razorpay_023,713.59,INR,2026-08-08T16:26:08+00:00,dev_fingerprint_0686,192.168.179.6,"Pune, IN",pm_tok_synthetic_01695,790,1,0,1,2,0,NONE
tx_legit_003445,usr_norm_1306,merch_razorpay_007,1331.64,INR,2026-08-08T16:29:51+00:00,dev_fingerprint_0577,10.0.139.191,"Bengaluru, IN",pm_tok_synthetic_00512,762,1,0,1,1,0,NONE
tx_legit_002199,usr_norm_0468,merch_razorpay_030,504.93,INR,2026-08-08T16:30:32+00:00,dev_fingerprint_0738,192.168.185.68,"Delhi, IN",pm_tok_synthetic_00374,35,1,0,1,1,0,NONE
tx_legit_001562,usr_norm_1425,merch_razorpay_019,1262.06,INR,2026-08-08T16:36:33+00:00,dev_fingerprint_0905,10.0.247.80,"Ahmedabad, IN",pm_tok_synthetic_00597,481,1,0,1,3,0,NONE
tx_legit_004007,usr_norm_0624,merch_razorpay_013,327.21,INR,2026-08-08T16:37:44+00:00,dev_fingerprint_0802,10.0.99.72,"Hyderabad, IN",pm_tok_synthetic_00223,832,1,0,1,3,0,NONE
tx_legit_005973,usr_norm_0102,merch_razorpay_027,747.8,INR,2026-08-08T16:43:13+00:00,dev_fingerprint_1449,192.168.122.116,"Hyderabad, IN",pm_tok_synthetic_01799,566,1,0,1,1,0,NONE
tx_legit_003737,usr_norm_0208,merch_razorpay_034,273.35,INR,2026-08-08T16:44:21+00:00,dev_fingerprint_0711,192.168.235.72,"Kolkata, IN",pm_tok_synthetic_00265,593,1,0,2,2,0,NONE
tx_legit_000051,usr_norm_1011,merch_razorpay_001,1003.68,INR,2026-08-08T16:47:19+00:00,dev_fingerprint_0926,192.168.88.29,"Pune, IN",pm_tok_synthetic_02301,259,1,0,1,2,0,NONE
tx_legit_003331,usr_norm_1843,merch_razorpay_004,291.75,INR,2026-08-08T16:56:26+00:00,dev_fingerprint_1452,192.168.211.1,"Mumbai, IN",pm_tok_synthetic_00838,171,1,0,1,1,0,NONE
tx_legit_002108,usr_norm_0772,merch_razorpay_049,225.78,INR,2026-08-08T17:03:41+00:00,dev_fingerprint_0329,192.168.223.139,"Delhi, IN",pm_tok_synthetic_00307,590,1,0,1,2,0,NONE
tx_legit_001153,usr_norm_0333,merch_razorpay_007,1472.12,INR,2026-08-08T17:10:10+00:00,dev_fingerprint_0618,192.168.62.185,"Kolkata, IN",pm_tok_synthetic_02346,41,1,0,1,1,0,NONE
tx_legit_003348,usr_norm_0512,merch_razorpay_019,366.6,INR,2026-08-08T17:10:18+00:00,dev_fingerprint_0021,10.0.168.14,"Ahmedabad, IN",pm_tok_synthetic_01059,257,2,0,2,1,0,NONE
tx_legit_005859,usr_norm_1570,merch_razorpay_029,683.52,INR,2026-08-08T17:21:58+00:00,dev_fingerprint_1017,192.168.191.250,"Delhi, IN",pm_tok_synthetic_00973,410,1,0,1,1,0,NONE
tx_legit_001654,usr_norm_0828,merch_razorpay_012,247.6,INR,2026-08-08T17:25:54+00:00,dev_fingerprint_0432,192.168.87.206,"Pune, IN",pm_tok_synthetic_01667,788,2,0,1,2,0,NONE
tx_legit_001248,usr_norm_0614,merch_razorpay_015,1973.58,INR,2026-08-08T17:32:39+00:00,dev_fingerprint_1479,192.168.149.189,"Kolkata, IN",pm_tok_synthetic_00897,451,1,0,3,1,0,NONE
tx_legit_005304,usr_norm_0011,merch_razorpay_038,562.34,INR,2026-08-08T17:33:20+00:00,dev_fingerprint_0107,192.168.62.15,"Chennai, IN",pm_tok_synthetic_01724,568,1,0,1,2,0,NONE
tx_legit_002509,usr_norm_0011,merch_razorpay_010,581.89,INR,2026-08-08T17:35:16+00:00,dev_fingerprint_0107,10.0.75.145,"Bengaluru, IN",pm_tok_synthetic_01724,568,3,0,1,4,0,NONE
tx_legit_000539,usr_norm_1393,merch_razorpay_040,637.8,INR,2026-08-08T17:44:49+00:00,dev_fingerprint_0477,192.168.157.252,"Delhi, IN",pm_tok_synthetic_01230,124,2,0,3,2,0,NONE
tx_legit_002663,usr_norm_1661,merch_razorpay_026,149.81,INR,2026-08-08T17:48:54+00:00,dev_fingerprint_0751,192.168.97.21,"Bengaluru, IN",pm_tok_synthetic_00155,611,1,0,1,1,0,NONE
tx_legit_006012,usr_norm_1628,merch_razorpay_017,377.62,INR,2026-08-08T17:53:17+00:00,dev_fingerprint_1221,192.168.107.88,"Ahmedabad, IN",pm_tok_synthetic_01552,365,1,0,1,3,0,NONE
tx_legit_003302,usr_norm_1124,merch_razorpay_049,62.83,INR,2026-08-08T17:54:16+00:00,dev_fingerprint_0339,192.168.153.11,"Kolkata, IN",pm_tok_synthetic_00315,556,2,0,1,1,0,NONE
tx_legit_007658,usr_norm_0021,merch_razorpay_035,1038.19,INR,2026-08-08T17:56:18+00:00,dev_fingerprint_1245,192.168.133.116,"Kolkata, IN",pm_tok_synthetic_00269,159,1,0,2,2,0,NONE
tx_legit_001027,usr_norm_1745,merch_razorpay_039,408.12,INR,2026-08-08T17:59:54+00:00,dev_fingerprint_1295,192.168.122.116,"Chennai, IN",pm_tok_synthetic_00776,173,1,0,1,1,0,NONE
tx_legit_005244,usr_norm_1747,merch_razorpay_006,538.98,INR,2026-08-08T18:03:16+00:00,dev_fingerprint_1214,192.168.102.34,"Mumbai, IN",pm_tok_synthetic_02003,428,1,0,2,1,0,NONE
tx_legit_004072,usr_norm_1336,merch_razorpay_013,251.93,INR,2026-08-08T18:05:12+00:00,dev_fingerprint_0648,192.168.236.138,"Ahmedabad, IN",pm_tok_synthetic_01422,854,2,0,1,2,0,NONE
tx_legit_005511,usr_norm_0524,merch_razorpay_019,2000.31,INR,2026-08-08T18:06:11+00:00,dev_fingerprint_1455,192.168.51.40,"Hyderabad, IN",pm_tok_synthetic_00092,899,1,1,1,1,0,NONE
tx_legit_001307,usr_norm_1538,merch_razorpay_033,509.29,INR,2026-08-08T18:06:49+00:00,dev_fingerprint_1447,192.168.20.242,"Ahmedabad, IN",pm_tok_synthetic_01749,653,1,0,1,2,0,NONE
tx_fraud_000414,usr_fraud_reuseC_013,merch_razorpay_004,7742.94,INR,2026-08-08T18:22:33+00:00,dev_reuseC_007,198.51.100.105,"Chennai, IN",pm_tok_stolen_C_003,3,6,1,2,2,1,PAYMENT_REF_REUSE
tx_legit_006594,usr_norm_0055,merch_razorpay_042,3005.07,INR,2026-08-08T18:24:50+00:00,dev_fingerprint_0167,192.168.163.219,"Kolkata, IN",pm_tok_synthetic_01814,707,1,0,1,1,0,NONE
tx_legit_006761,usr_norm_0346,merch_razorpay_046,737.92,INR,2026-08-08T18:28:19+00:00,dev_fingerprint_1441,192.168.94.111,"Bengaluru, IN",pm_tok_synthetic_00319,607,1,0,3,1,0,NONE
tx_legit_003866,usr_norm_0020,merch_razorpay_035,773.65,INR,2026-08-08T18:30:15+00:00,dev_fingerprint_0908,192.168.102.227,"Pune, IN",pm_tok_synthetic_00330,359,1,0,1,1,0,NONE
tx_legit_003072,usr_norm_1139,merch_razorpay_049,581.86,INR,2026-08-08T18:33:12+00:00,dev_fingerprint_0986,192.168.25.169,"Pune, IN",pm_tok_synthetic_00898,880,1,0,1,1,0,NONE
tx_legit_004839,usr_norm_0230,merch_razorpay_016,265.3,INR,2026-08-08T18:35:47+00:00,dev_fingerprint_1189,192.168.57.2,"Mumbai, IN",pm_tok_synthetic_00701,704,1,0,1,2,0,NONE
tx_legit_004940,usr_norm_1491,merch_razorpay_008,350.5,INR,2026-08-08T18:40:23+00:00,dev_fingerprint_0793,192.168.243.56,"Bengaluru, IN",pm_tok_synthetic_00201,224,2,0,1,1,0,NONE
tx_legit_000443,usr_norm_1890,merch_razorpay_048,214.4,INR,2026-08-08T18:42:29+00:00,dev_fingerprint_0731,192.168.98.153,"Kolkata, IN",pm_tok_synthetic_01336,86,2,0,2,1,0,NONE
tx_legit_006462,usr_norm_0014,merch_razorpay_037,151.36,INR,2026-08-08T18:43:54+00:00,dev_fingerprint_1215,192.168.196.46,"Pune, IN",pm_tok_synthetic_01851,545,1,0,1,1,0,NONE
tx_fraud_000513,usr_fraud_anomD_032,merch_razorpay_015,71777.72,INR,2026-08-08T18:50:22+00:00,dev_anomD_032,192.0.2.223,Unknown / VPN Node,pm_tok_anomD_032,8,9,6,2,1,1,BEHAVIORAL_ANOMALY
tx_legit_007968,usr_norm_0892,merch_razorpay_041,435.34,INR,2026-08-08T18:51:39+00:00,dev_fingerprint_1087,192.168.13.167,"Mumbai, IN",pm_tok_synthetic_00073,722,1,0,1,2,0,NONE
tx_legit_006544,usr_norm_0154,merch_razorpay_005,198.78,INR,2026-08-08T18:52:34+00:00,dev_fingerprint_0859,192.168.39.208,"Hyderabad, IN",pm_tok_synthetic_01872,94,1,0,1,1,0,NONE
tx_legit_001733,usr_norm_0907,merch_razorpay_018,595.29,INR,2026-08-08T18:56:31+00:00,dev_fingerprint_0221,192.168.16.157,"Bengaluru, IN",pm_tok_synthetic_00080,79,1,0,2,3,0,NONE
tx_legit_002488,usr_norm_1453,merch_razorpay_048,1438.81,INR,2026-08-08T19:03:09+00:00,dev_fingerprint_0527,192.168.13.234,"Kolkata, IN",pm_tok_synthetic_01585,864,1,0,1,2,0,NONE
tx_legit_005100,usr_norm_1745,merch_razorpay_007,189.5,INR,2026-08-08T19:03:38+00:00,dev_fingerprint_1931,10.0.124.131,"Chennai, IN",pm_tok_synthetic_00776,173,1,0,1,1,0,NONE
tx_legit_003550,usr_norm_1550,merch_razorpay_048,732.84,INR,2026-08-08T19:06:32+00:00,dev_fingerprint_1765,192.168.104.242,"Pune, IN",pm_tok_synthetic_01153,290,1,0,1,1,0,NONE
tx_legit_000229,usr_norm_1972,merch_razorpay_026,448.29,INR,2026-08-08T19:12:59+00:00,dev_fingerprint_1449,192.168.57.125,"Ahmedabad, IN",pm_tok_synthetic_01501,744,3,0,2,1,0,NONE
tx_legit_004142,usr_norm_0137,merch_razorpay_010,148.14,INR,2026-08-08T19:21:20+00:00,dev_fingerprint_0210,192.168.112.163,"Bengaluru, IN",pm_tok_synthetic_02113,157,1,0,1,3,0,NONE
tx_legit_002016,usr_norm_0466,merch_razorpay_039,80.67,INR,2026-08-08T19:23:48+00:00,dev_fingerprint_0548,192.168.57.2,"Delhi, IN",pm_tok_synthetic_01556,758,1,0,2,1,0,NONE
tx_legit_004634,usr_norm_0504,merch_razorpay_049,315.6,INR,2026-08-08T19:34:17+00:00,dev_fingerprint_0981,192.168.62.185,"Ahmedabad, IN",pm_tok_synthetic_01641,577,1,1,1,2,0,NONE
tx_legit_003463,usr_norm_0184,merch_razorpay_042,326.89,INR,2026-08-08T19:38:06+00:00,dev_fingerprint_0369,192.168.166.88,"Delhi, IN",pm_tok_synthetic_01203,358,2,0,1,1,0,NONE
tx_legit_003724,usr_norm_0431,merch_razorpay_028,1140.35,INR,2026-08-08T19:39:10+00:00,dev_fingerprint_1129,10.0.213.113,"Pune, IN",pm_tok_synthetic_00048,47,1,0,2,1,0,NONE
tx_legit_002689,usr_norm_0977,merch_razorpay_006,476.05,INR,2026-08-08T20:00:14+00:00,dev_fingerprint_1468,192.168.226.179,"Hyderabad, IN",pm_tok_synthetic_01676,139,1,0,1,1,0,NONE
tx_legit_000393,usr_norm_0186,merch_razorpay_041,778.81,INR,2026-08-08T20:01:13+00:00,dev_fingerprint_1511,192.168.159.192,"Kolkata, IN",pm_tok_synthetic_01826,647,1,0,1,1,0,NONE
tx_legit_007117,usr_norm_1416,merch_razorpay_005,983.17,INR,2026-08-08T20:02:38+00:00,dev_fingerprint_1145,192.168.124.55,"Hyderabad, IN",pm_tok_synthetic_01998,434,1,0,1,2,0,NONE
tx_legit_008957,usr_norm_0131,merch_razorpay_041,672.14,INR,2026-08-08T20:06:45+00:00,dev_fingerprint_1389,192.168.78.127,"Ahmedabad, IN",pm_tok_synthetic_02336,481,2,0,1,1,0,NONE
tx_legit_001350,usr_norm_0483,merch_razorpay_022,117.48,INR,2026-08-08T20:07:13+00:00,dev_fingerprint_0157,192.168.172.51,"Mumbai, IN",pm_tok_synthetic_01030,282,1,0,1,1,0,NONE
tx_legit_004240,usr_norm_1033,merch_razorpay_005,644.98,INR,2026-08-08T20:16:42+00:00,dev_fingerprint_1099,192.168.122.157,"Bengaluru, IN",pm_tok_synthetic_00376,387,1,0,1,1,0,NONE
tx_legit_008895,usr_norm_1806,merch_razorpay_001,568.15,INR,2026-08-08T20:17:04+00:00,dev_fingerprint_0734,192.168.243.218,"Bengaluru, IN",pm_tok_synthetic_01104,237,1,0,1,2,0,NONE
tx_legit_008563,usr_norm_0840,merch_razorpay_037,491.23,INR,2026-08-08T20:21:28+00:00,dev_fingerprint_0363,192.168.158.105,"Bengaluru, IN",pm_tok_synthetic_01943,630,1,0,1,1,0,NONE
tx_legit_003518,usr_norm_1661,merch_razorpay_010,229.83,INR,2026-08-08T20:23:04+00:00,dev_fingerprint_0751,192.168.97.21,"Bengaluru, IN",pm_tok_synthetic_00155,611,1,0,1,4,0,NONE
tx_legit_005598,usr_norm_0002,merch_razorpay_043,478.58,INR,2026-08-08T20:23:19+00:00,dev_fingerprint_0683,192.168.19.3,"Chennai, IN",pm_tok_synthetic_00515,835,1,0,1,1,0,NONE
tx_legit_006880,usr_norm_1725,merch_razorpay_034,91.17,INR,2026-08-08T20:25:39+00:00,dev_fingerprint_1007,192.168.196.46,"Pune, IN",pm_tok_synthetic_00589,583,1,0,1,1,0,NONE
tx_legit_005682,usr_norm_1235,merch_razorpay_000,587.78,INR,2026-08-08T20:29:57+00:00,dev_fingerprint_1838,10.0.242.34,"Kolkata, IN",pm_tok_synthetic_01930,657,2,0,1,1,0,NONE
tx_legit_001713,usr_norm_1891,merch_razorpay_028,203.1,INR,2026-08-08T20:41:12+00:00,dev_fingerprint_1245,192.168.78.22,"Delhi, IN",pm_tok_synthetic_00799,627,1,0,2,1,0,NONE
tx_legit_000851,usr_norm_0244,merch_razorpay_047,210.9,INR,2026-08-08T20:58:46+00:00,dev_fingerprint_1514,192.168.30.145,"Chennai, IN",pm_tok_synthetic_02300,138,1,0,2,3,0,NONE
tx_legit_003402,usr_norm_0316,merch_razorpay_011,548.16,INR,2026-08-08T21:10:40+00:00,dev_fingerprint_0855,192.168.74.199,"Hyderabad, IN",pm_tok_synthetic_00720,67,2,0,1,1,0,NONE
tx_legit_003464,usr_norm_0999,merch_razorpay_018,836.28,INR,2026-08-08T21:11:07+00:00,dev_fingerprint_1331,192.168.243.218,"Ahmedabad, IN",pm_tok_synthetic_00728,545,1,0,1,1,0,NONE
tx_legit_006619,usr_norm_0426,merch_razorpay_015,504.55,INR,2026-08-08T21:17:44+00:00,dev_fingerprint_1291,192.168.159.21,"Mumbai, IN",pm_tok_synthetic_00278,754,2,0,3,2,0,NONE
tx_legit_004941,usr_norm_1810,merch_razorpay_049,1796.45,INR,2026-08-08T21:24:06+00:00,dev_fingerprint_0856,192.168.111.91,"Kolkata, IN",pm_tok_synthetic_01407,255,1,0,1,1,0,NONE
tx_legit_002976,usr_norm_0731,merch_razorpay_023,288.35,INR,2026-08-08T21:25:22+00:00,dev_fingerprint_0795,192.168.182.112,"Pune, IN",pm_tok_synthetic_00711,210,1,0,1,1,0,NONE
tx_legit_007027,usr_norm_0596,merch_razorpay_044,469.71,INR,2026-08-08T21:41:44+00:00,dev_fingerprint_1410,192.168.212.242,"Bengaluru, IN",pm_tok_synthetic_00540,695,1,0,1,4,0,NONE
tx_legit_002731,usr_norm_0156,merch_razorpay_032,790.67,INR,2026-08-08T21:47:30+00:00,dev_fingerprint_1097,10.0.158.64,"Delhi, IN",pm_tok_synthetic_02110,618,2,0,2,1,0,NONE
tx_legit_006634,usr_norm_1813,merch_razorpay_015,1296.3,INR,2026-08-08T21:48:48+00:00,dev_fingerprint_1132,192.168.206.120,"Delhi, IN",pm_tok_synthetic_00940,118,3,0,2,1,0,NONE
tx_legit_008093,usr_norm_1710,merch_razorpay_048,638.24,INR,2026-08-08T21:48:53+00:00,dev_fingerprint_0395,192.168.97.21,"Bengaluru, IN",pm_tok_synthetic_00097,664,4,0,1,2,0,NONE
tx_legit_005365,usr_norm_0551,merch_razorpay_029,539.64,INR,2026-08-08T21:49:19+00:00,dev_fingerprint_0109,192.168.51.99,"Bengaluru, IN",pm_tok_synthetic_01470,39,1,2,1,1,0,NONE
tx_legit_002940,usr_norm_0542,merch_razorpay_020,321.12,INR,2026-08-08T21:53:22+00:00,dev_fingerprint_1208,192.168.131.127,"Pune, IN",pm_tok_synthetic_00548,350,1,0,1,2,0,NONE
tx_fraud_000615,usr_fraud_anomD_134,merch_razorpay_039,45345.62,INR,2026-08-08T21:55:39+00:00,dev_anomD_134,192.0.2.30,Unknown / VPN Node,pm_tok_anomD_134,2,6,4,2,1,1,BEHAVIORAL_ANOMALY
tx_legit_004155,usr_norm_0891,merch_razorpay_024,490.25,INR,2026-08-08T22:00:50+00:00,dev_fingerprint_1496,192.168.33.50,"Mumbai, IN",pm_tok_synthetic_00057,359,2,0,1,2,0,NONE
tx_legit_001325,usr_norm_1204,merch_razorpay_034,787.44,INR,2026-08-08T22:01:07+00:00,dev_fingerprint_1153,192.168.33.252,"Pune, IN",pm_tok_synthetic_00996,805,1,0,1,1,0,NONE
tx_legit_005268,usr_norm_0759,merch_razorpay_038,399.94,INR,2026-08-08T22:01:57+00:00,dev_fingerprint_0343,10.0.203.83,"Ahmedabad, IN",pm_tok_synthetic_00363,871,2,0,1,1,0,NONE
tx_legit_006080,usr_norm_1450,merch_razorpay_019,244.4,INR,2026-08-08T22:02:24+00:00,dev_fingerprint_0321,192.168.208.223,"Bengaluru, IN",pm_tok_synthetic_01420,730,1,0,1,1,0,NONE
tx_legit_004203,usr_norm_0190,merch_razorpay_016,2139.21,INR,2026-08-08T22:06:37+00:00,dev_fingerprint_0890,10.0.130.110,"Chennai, IN",pm_tok_synthetic_00234,106,1,0,1,1,0,NONE
tx_legit_002719,usr_norm_1596,merch_razorpay_038,269.79,INR,2026-08-08T22:11:05+00:00,dev_fingerprint_0908,10.0.208.34,"Chennai, IN",pm_tok_synthetic_00532,59,1,0,1,3,0,NONE
tx_legit_001139,usr_norm_1314,merch_razorpay_015,486.57,INR,2026-08-08T22:20:10+00:00,dev_fingerprint_1648,192.168.139.215,"Chennai, IN",pm_tok_synthetic_01024,866,1,1,1,1,0,NONE
tx_legit_002909,usr_norm_0248,merch_razorpay_017,1009.16,INR,2026-08-08T22:20:55+00:00,dev_fingerprint_1260,192.168.46.206,"Mumbai, IN",pm_tok_synthetic_01016,193,1,0,1,2,0,NONE
tx_legit_008244,usr_norm_1414,merch_razorpay_007,219.01,INR,2026-08-08T22:22:00+00:00,dev_fingerprint_0174,192.168.173.80,"Hyderabad, IN",pm_tok_synthetic_02055,474,1,0,1,1,0,NONE
tx_legit_008142,usr_norm_1928,merch_razorpay_020,1973.54,INR,2026-08-08T22:23:50+00:00,dev_fingerprint_0944,192.168.13.234,"Hyderabad, IN",pm_tok_synthetic_00554,395,1,0,1,1,0,NONE
tx_fraud_000083,usr_fraud_ringA_007,merch_razorpay_031,6864.36,INR,2026-08-08T22:27:04+00:00,dev_fraud_ring_A_2,198.51.100.64,"Mumbai, IN",pm_tok_ringA_010,12,11,4,18,5,1,DEVICE_SHARING_RING
tx_legit_000867,usr_norm_0943,merch_razorpay_043,167.65,INR,2026-08-08T22:36:30+00:00,dev_fingerprint_0734,192.168.135.153,"Ahmedabad, IN",pm_tok_synthetic_00118,730,2,1,1,2,0,NONE
tx_legit_002575,usr_norm_0648,merch_razorpay_046,2852.0,INR,2026-08-08T22:40:00+00:00,dev_fingerprint_0761,192.168.62.15,"Bengaluru, IN",pm_tok_synthetic_01100,780,3,1,1,2,0,NONE
tx_legit_002126,usr_norm_0124,merch_razorpay_020,526.67,INR,2026-08-08T22:51:36+00:00,dev_fingerprint_0315,192.168.55.139,"Mumbai, IN",pm_tok_synthetic_00740,881,1,0,1,1,0,NONE
tx_legit_006652,usr_norm_1964,merch_razorpay_019,175.97,INR,2026-08-08T22:57:17+00:00,dev_fingerprint_0298,192.168.223.98,"Mumbai, IN",pm_tok_synthetic_01136,623,3,0,1,1,0,NONE
tx_legit_004017,usr_norm_1523,merch_razorpay_013,171.24,INR,2026-08-08T23:07:01+00:00,dev_fingerprint_0297,192.168.3.231,"Ahmedabad, IN",pm_tok_synthetic_00132,713,1,0,1,2,0,NONE
tx_legit_003081,usr_norm_1644,merch_razorpay_039,681.5,INR,2026-08-08T23:08:48+00:00,dev_fingerprint_1280,192.168.222.189,"Mumbai, IN",pm_tok_synthetic_01395,445,1,0,1,2,0,NONE
tx_legit_003092,usr_norm_0990,merch_razorpay_028,280.51,INR,2026-08-08T23:16:10+00:00,dev_fingerprint_0659,192.168.244.90,"Bengaluru, IN",pm_tok_synthetic_01575,458,4,1,3,1,0,NONE
tx_legit_003523,usr_norm_1673,merch_razorpay_025,290.74,INR,2026-08-08T23:18:04+00:00,dev_fingerprint_0343,192.168.213.161,"Pune, IN",pm_tok_synthetic_02447,797,1,0,1,2,0,NONE
tx_legit_006427,usr_norm_0583,merch_razorpay_025,272.27,INR,2026-08-08T23:18:22+00:00,dev_fingerprint_1055,192.168.4.142,"Chennai, IN",pm_tok_synthetic_01139,741,1,0,2,2,0,NONE
tx_legit_006771,usr_norm_0680,merch_razorpay_006,374.55,INR,2026-08-08T23:19:02+00:00,dev_fingerprint_0573,192.168.120.136,"Hyderabad, IN",pm_tok_synthetic_00179,267,1,0,1,1,0,NONE
tx_legit_006424,usr_norm_1282,merch_razorpay_034,508.38,INR,2026-08-08T23:20:39+00:00,dev_fingerprint_0935,192.168.14.65,"Mumbai, IN",pm_tok_synthetic_02310,475,1,0,1,2,0,NONE
tx_legit_007070,usr_norm_1268,merch_razorpay_023,282.99,INR,2026-08-08T23:25:26+00:00,dev_fingerprint_1795,192.168.207.79,"Pune, IN",pm_tok_synthetic_00961,707,1,0,3,1,0,NONE
tx_legit_006166,usr_norm_0743,merch_razorpay_005,594.74,INR,2026-08-08T23:27:08+00:00,dev_fingerprint_0290,192.168.211.1,"Hyderabad, IN",pm_tok_synthetic_00454,896,1,0,1,2,0,NONE
tx_legit_002913,usr_norm_1449,merch_razorpay_046,315.16,INR,2026-08-08T23:30:48+00:00,dev_fingerprint_0683,192.168.165.110,"Ahmedabad, IN",pm_tok_synthetic_01611,792,2,0,2,1,0,NONE
tx_legit_006149,usr_norm_0567,merch_razorpay_046,239.13,INR,2026-08-08T23:32:24+00:00,dev_fingerprint_0485,10.0.193.240,"Delhi, IN",pm_tok_synthetic_02408,735,1,0,1,1,0,NONE
tx_legit_008696,usr_norm_0868,merch_razorpay_023,400.47,INR,2026-08-08T23:33:05+00:00,dev_fingerprint_0734,192.168.246.167,"Chennai, IN",pm_tok_synthetic_01229,895,2,0,1,1,0,NONE
tx_legit_003412,usr_norm_1963,merch_razorpay_042,275.72,INR,2026-08-08T23:34:47+00:00,dev_fingerprint_1373,192.168.131.30,"Hyderabad, IN",pm_tok_synthetic_00119,122,1,0,3,2,0,NONE
tx_legit_005665,usr_norm_1023,merch_razorpay_004,372.65,INR,2026-08-08T23:40:35+00:00,dev_fingerprint_1747,192.168.12.170,"Bengaluru, IN",pm_tok_synthetic_01755,315,1,0,1,1,0,NONE
tx_legit_005186,usr_norm_0684,merch_razorpay_026,933.94,INR,2026-08-08T23:45:36+00:00,dev_fingerprint_1829,192.168.193.119,"Chennai, IN",pm_tok_synthetic_00255,475,1,0,1,1,0,NONE
tx_legit_003818,usr_norm_0624,merch_razorpay_013,344.69,INR,2026-08-08T23:52:05+00:00,dev_fingerprint_1843,192.168.79.94,"Delhi, IN",pm_tok_synthetic_00223,832,1,0,1,1,0,NONE
tx_legit_004098,usr_norm_0275,merch_razorpay_026,849.18,INR,2026-08-08T23:53:53+00:00,dev_fingerprint_1003,192.168.167.114,"Kolkata, IN",pm_tok_synthetic_02305,336,1,0,1,2,0,NONE
tx_legit_006221,usr_norm_1659,merch_razorpay_023,232.06,INR,2026-08-08T23:54:08+00:00,dev_fingerprint_1496,192.168.184.81,"Bengaluru, IN",pm_tok_synthetic_02055,305,1,0,1,2,0,NONE
tx_fraud_000070,usr_fraud_ringA_019,merch_razorpay_042,16301.88,INR,2026-08-09T00:04:13+00:00,dev_fraud_ring_A_2,198.51.100.57,"Kolkata, IN",pm_tok_ringA_004,3,9,3,18,3,1,DEVICE_SHARING_RING
tx_legit_008565,usr_norm_1840,merch_razorpay_030,1118.63,INR,2026-08-09T00:06:47+00:00,dev_fingerprint_0784,192.168.81.170,"Mumbai, IN",pm_tok_synthetic_01906,663,1,0,1,4,0,NONE
tx_legit_008640,usr_norm_0888,merch_razorpay_012,966.78,INR,2026-08-09T00:26:01+00:00,dev_fingerprint_1258,192.168.213.233,"Kolkata, IN",pm_tok_synthetic_00957,443,1,0,1,1,0,NONE
tx_legit_000595,usr_norm_0105,merch_razorpay_023,613.11,INR,2026-08-09T00:29:49+00:00,dev_fingerprint_0837,192.168.73.186,"Pune, IN",pm_tok_synthetic_01385,725,2,0,1,1,0,NONE
tx_legit_005817,usr_norm_1711,merch_razorpay_045,240.13,INR,2026-08-09T00:36:05+00:00,dev_fingerprint_0188,192.168.42.119,"Chennai, IN",pm_tok_synthetic_02433,702,1,0,1,1,0,NONE
tx_legit_002221,usr_norm_1110,merch_razorpay_027,1296.77,INR,2026-08-09T00:36:36+00:00,dev_fingerprint_0082,192.168.219.136,"Mumbai, IN",pm_tok_synthetic_01594,267,2,0,2,3,0,NONE
tx_legit_003187,usr_norm_1525,merch_razorpay_030,237.02,INR,2026-08-09T00:38:10+00:00,dev_fingerprint_0678,192.168.251.102,"Ahmedabad, IN",pm_tok_synthetic_00359,80,1,0,1,2,0,NONE
tx_legit_001808,usr_norm_0118,merch_razorpay_041,129.9,INR,2026-08-09T00:42:16+00:00,dev_fingerprint_0369,192.168.100.117,"Kolkata, IN",pm_tok_synthetic_00877,379,1,0,1,1,0,NONE
tx_legit_007990,usr_norm_0323,merch_razorpay_036,392.51,INR,2026-08-09T00:53:58+00:00,dev_fingerprint_0230,192.168.7.169,"Ahmedabad, IN",pm_tok_synthetic_00665,778,1,0,1,1,0,NONE
tx_legit_008112,usr_norm_1815,merch_razorpay_000,845.23,INR,2026-08-09T00:56:20+00:00,dev_fingerprint_0443,192.168.104.178,"Ahmedabad, IN",pm_tok_synthetic_01939,887,1,0,2,2,0,NONE
tx_legit_000441,usr_norm_1152,merch_razorpay_023,306.22,INR,2026-08-09T00:58:45+00:00,dev_fingerprint_0002,192.168.149.94,"Hyderabad, IN",pm_tok_synthetic_01767,564,1,0,1,3,0,NONE
tx_legit_001037,usr_norm_1302,merch_razorpay_000,369.15,INR,2026-08-09T00:59:40+00:00,dev_fingerprint_1304,192.168.105.85,"Bengaluru, IN",pm_tok_synthetic_01854,308,1,0,2,1,0,NONE
tx_legit_000246,usr_norm_1015,merch_razorpay_012,1157.01,INR,2026-08-09T00:59:59+00:00,dev_fingerprint_0853,10.0.237.50,"Chennai, IN",pm_tok_synthetic_01280,595,2,1,1,3,0,NONE
tx_legit_009059,usr_norm_0211,merch_razorpay_034,367.77,INR,2026-08-09T01:05:48+00:00,dev_fingerprint_0740,192.168.11.194,"Hyderabad, IN",pm_tok_synthetic_00918,154,1,0,1,2,0,NONE
tx_legit_005060,usr_norm_0087,merch_razorpay_017,620.89,INR,2026-08-09T01:13:15+00:00,dev_fingerprint_1394,192.168.203.102,"Hyderabad, IN",pm_tok_synthetic_02312,688,1,0,1,4,0,NONE
tx_legit_001776,usr_norm_0684,merch_razorpay_049,529.87,INR,2026-08-09T01:24:02+00:00,dev_fingerprint_1580,192.168.193.119,"Mumbai, IN",pm_tok_synthetic_00255,475,1,0,1,2,0,NONE
tx_legit_006054,usr_norm_0392,merch_razorpay_048,195.9,INR,2026-08-09T01:24:24+00:00,dev_fingerprint_0948,192.168.30.120,"Pune, IN",pm_tok_synthetic_00236,605,1,0,1,2,0,NONE
tx_legit_007405,usr_norm_1067,merch_razorpay_016,462.66,INR,2026-08-09T01:31:21+00:00,dev_fingerprint_1298,192.168.183.80,"Pune, IN",pm_tok_synthetic_01220,723,1,0,1,1,0,NONE
tx_legit_001642,usr_norm_0597,merch_razorpay_000,869.18,INR,2026-08-09T01:33:12+00:00,dev_fingerprint_0618,192.168.221.85,"Mumbai, IN",pm_tok_synthetic_01122,125,1,2,1,1,0,NONE
tx_legit_007610,usr_norm_0653,merch_razorpay_023,480.09,INR,2026-08-09T01:34:56+00:00,dev_fingerprint_0737,192.168.44.137,"Ahmedabad, IN",pm_tok_synthetic_02046,610,1,0,2,1,0,NONE
tx_legit_004221,usr_norm_0622,merch_razorpay_023,457.24,INR,2026-08-09T01:36:48+00:00,dev_fingerprint_1348,192.168.145.222,"Hyderabad, IN",pm_tok_synthetic_01235,240,2,0,1,3,0,NONE
tx_legit_002234,usr_norm_1747,merch_razorpay_034,802.49,INR,2026-08-09T01:37:22+00:00,dev_fingerprint_1214,10.0.35.104,"Mumbai, IN",pm_tok_synthetic_02003,428,3,2,1,3,0,NONE
tx_legit_005623,usr_norm_1683,merch_razorpay_015,1016.38,INR,2026-08-09T01:46:38+00:00,dev_fingerprint_0309,192.168.68.170,"Ahmedabad, IN",pm_tok_synthetic_01829,408,1,0,2,1,0,NONE
tx_legit_005343,usr_norm_1148,merch_razorpay_026,216.32,INR,2026-08-09T01:47:52+00:00,dev_fingerprint_0197,192.168.26.16,"Bengaluru, IN",pm_tok_synthetic_01949,659,2,0,1,1,0,NONE
tx_legit_008821,usr_norm_0669,merch_razorpay_037,489.48,INR,2026-08-09T01:48:16+00:00,dev_fingerprint_0597,192.168.63.213,"Bengaluru, IN",pm_tok_synthetic_01244,787,1,0,1,1,0,NONE
tx_legit_001757,usr_norm_0438,merch_razorpay_007,171.99,INR,2026-08-09T01:51:13+00:00,dev_fingerprint_0812,10.0.19.107,"Bengaluru, IN",pm_tok_synthetic_01528,445,1,0,1,1,0,NONE
tx_legit_004650,usr_norm_1032,merch_razorpay_013,188.4,INR,2026-08-09T01:52:16+00:00,dev_fingerprint_1034,192.168.19.132,"Bengaluru, IN",pm_tok_synthetic_01703,586,1,0,1,1,0,NONE
tx_legit_001144,usr_norm_0069,merch_razorpay_022,479.95,INR,2026-08-09T01:56:18+00:00,dev_fingerprint_1852,192.168.108.100,"Bengaluru, IN",pm_tok_synthetic_00318,350,2,0,1,1,0,NONE
tx_legit_007202,usr_norm_1847,merch_razorpay_031,646.73,INR,2026-08-09T01:57:49+00:00,dev_fingerprint_0722,192.168.188.34,"Pune, IN",pm_tok_synthetic_01095,545,1,0,2,1,0,NONE
tx_fraud_000017,usr_fraud_ringA_016,merch_razorpay_001,6956.83,INR,2026-08-09T01:59:37+00:00,dev_fraud_ring_A_2,198.51.100.69,"Delhi, IN",pm_tok_ringA_003,10,11,3,18,5,1,DEVICE_SHARING_RING
tx_legit_008981,usr_norm_0740,merch_razorpay_011,339.0,INR,2026-08-09T02:02:38+00:00,dev_fingerprint_1591,192.168.1.253,"Ahmedabad, IN",pm_tok_synthetic_00534,378,1,0,1,4,0,NONE
tx_legit_005621,usr_norm_1455,merch_razorpay_003,1301.07,INR,2026-08-09T02:05:37+00:00,dev_fingerprint_0461,192.168.151.142,"Pune, IN",pm_tok_synthetic_01399,432,1,0,1,2,0,NONE
tx_legit_008204,usr_norm_0252,merch_razorpay_013,644.12,INR,2026-08-09T02:09:38+00:00,dev_fingerprint_1018,192.168.40.56,"Ahmedabad, IN",pm_tok_synthetic_00368,432,1,0,1,1,0,NONE
tx_legit_002795,usr_norm_1149,merch_razorpay_008,1031.06,INR,2026-08-09T02:10:36+00:00,dev_fingerprint_1228,192.168.148.50,"Ahmedabad, IN",pm_tok_synthetic_02176,545,2,0,1,2,0,NONE
tx_legit_007617,usr_norm_1522,merch_razorpay_045,649.53,INR,2026-08-09T02:18:43+00:00,dev_fingerprint_0112,192.168.146.159,"Delhi, IN",pm_tok_synthetic_01429,67,1,2,2,1,0,NONE
tx_legit_001480,usr_norm_1058,merch_razorpay_026,322.18,INR,2026-08-09T02:20:05+00:00,dev_fingerprint_0242,192.168.63.27,"Pune, IN",pm_tok_synthetic_00024,686,1,0,1,2,0,NONE
tx_legit_000498,usr_norm_1208,merch_razorpay_012,212.76,INR,2026-08-09T02:25:53+00:00,dev_fingerprint_0783,192.168.123.30,"Chennai, IN",pm_tok_synthetic_00902,723,1,0,1,1,0,NONE
tx_fraud_000578,usr_fraud_anomD_097,merch_razorpay_002,83471.14,INR,2026-08-09T02:26:46+00:00,dev_anomD_097,192.0.2.116,Unknown / VPN Node,pm_tok_anomD_097,9,7,7,1,1,1,BEHAVIORAL_ANOMALY
tx_legit_001103,usr_norm_1672,merch_razorpay_003,232.62,INR,2026-08-09T02:29:45+00:00,dev_fingerprint_0722,192.168.158.105,"Delhi, IN",pm_tok_synthetic_01206,326,1,0,1,1,0,NONE
tx_legit_009071,usr_norm_1256,merch_razorpay_033,396.58,INR,2026-08-09T02:32:41+00:00,dev_fingerprint_0582,10.0.71.172,"Pune, IN",pm_tok_synthetic_01331,719,3,0,1,2,0,NONE
tx_legit_002128,usr_norm_1701,merch_razorpay_000,491.02,INR,2026-08-09T02:34:00+00:00,dev_fingerprint_0553,10.0.60.83,"Bengaluru, IN",pm_tok_synthetic_00402,291,1,0,1,3,0,NONE
tx_fraud_000584,usr_fraud_anomD_103,merch_razorpay_048,83247.28,INR,2026-08-09T02:37:19+00:00,dev_anomD_103,192.0.2.54,Unknown / VPN Node,pm_tok_anomD_103,4,13,5,1,3,1,BEHAVIORAL_ANOMALY
tx_legit_005656,usr_norm_0672,merch_razorpay_025,315.55,INR,2026-08-09T02:37:46+00:00,dev_fingerprint_0400,192.168.119.106,"Pune, IN",pm_tok_synthetic_02238,808,2,0,1,2,0,NONE
tx_legit_009180,usr_norm_0659,merch_razorpay_023,1103.13,INR,2026-08-09T02:50:48+00:00,dev_fingerprint_0784,192.168.251.102,"Pune, IN",pm_tok_synthetic_00614,213,2,0,1,1,0,NONE
tx_legit_008671,usr_norm_0639,merch_razorpay_006,719.13,INR,2026-08-09T02:53:18+00:00,dev_fingerprint_0318,192.168.78.218,"Delhi, IN",pm_tok_synthetic_01338,430,1,0,1,1,0,NONE
tx_legit_000469,usr_norm_1677,merch_razorpay_007,842.38,INR,2026-08-09T03:01:04+00:00,dev_fingerprint_0597,192.168.223.168,"Chennai, IN",pm_tok_synthetic_00111,323,2,0,1,5,0,NONE
tx_legit_008013,usr_norm_0833,merch_razorpay_028,368.03,INR,2026-08-09T03:01:46+00:00,dev_fingerprint_0059,192.168.120.222,"Delhi, IN",pm_tok_synthetic_00789,882,2,0,1,1,0,NONE
tx_fraud_000325,usr_fraud_reuseC_004,merch_razorpay_034,11986.42,INR,2026-08-09T03:03:22+00:00,dev_reuseC_005,198.51.100.165,"Bengaluru, IN",pm_tok_stolen_C_005,2,8,2,3,6,1,PAYMENT_REF_REUSE
tx_legit_007429,usr_norm_1200,merch_razorpay_048,427.52,INR,2026-08-09T03:07:06+00:00,dev_fingerprint_1144,192.168.168.128,"Bengaluru, IN",pm_tok_synthetic_02060,331,2,0,1,1,0,NONE
tx_legit_008738,usr_norm_1637,merch_razorpay_017,410.6,INR,2026-08-09T03:10:33+00:00,dev_fingerprint_1470,192.168.247.20,"Delhi, IN",pm_tok_synthetic_01410,121,1,1,1,2,0,NONE
tx_legit_002423,usr_norm_1550,merch_razorpay_047,218.21,INR,2026-08-09T03:16:45+00:00,dev_fingerprint_0412,10.0.14.102,"Kolkata, IN",pm_tok_synthetic_01153,290,3,0,1,1,0,NONE
tx_legit_001454,usr_norm_1776,merch_razorpay_016,863.11,INR,2026-08-09T03:20:15+00:00,dev_fingerprint_0852,192.168.154.11,"Ahmedabad, IN",pm_tok_synthetic_01949,738,1,0,1,1,0,NONE
tx_legit_005744,usr_norm_0334,merch_razorpay_040,391.62,INR,2026-08-09T03:20:40+00:00,dev_fingerprint_0535,192.168.16.157,"Hyderabad, IN",pm_tok_synthetic_01472,739,1,0,2,3,0,NONE
tx_legit_005338,usr_norm_0244,merch_razorpay_000,532.04,INR,2026-08-09T03:21:57+00:00,dev_fingerprint_0758,192.168.30.145,"Bengaluru, IN",pm_tok_synthetic_02300,138,1,0,1,2,0,NONE
tx_legit_000720,usr_norm_0866,merch_razorpay_018,353.8,INR,2026-08-09T03:23:42+00:00,dev_fingerprint_1487,192.168.249.24,"Kolkata, IN",pm_tok_synthetic_00910,732,2,0,2,1,0,NONE
tx_legit_001800,usr_norm_0109,merch_razorpay_029,391.26,INR,2026-08-09T03:26:12+00:00,dev_fingerprint_1344,10.0.5.170,"Hyderabad, IN",pm_tok_synthetic_02468,183,1,0,1,1,0,NONE
tx_legit_002286,usr_norm_1048,merch_razorpay_026,78.84,INR,2026-08-09T03:40:33+00:00,dev_fingerprint_1372,192.168.113.88,"Ahmedabad, IN",pm_tok_synthetic_00873,731,2,0,1,1,0,NONE
tx_legit_000933,usr_norm_1078,merch_razorpay_007,447.93,INR,2026-08-09T03:50:26+00:00,dev_fingerprint_1124,192.168.150.243,"Mumbai, IN",pm_tok_synthetic_02251,104,1,0,1,1,0,NONE
tx_legit_004250,usr_norm_1976,merch_razorpay_015,175.23,INR,2026-08-09T03:54:04+00:00,dev_fingerprint_0834,192.168.216.164,"Chennai, IN",pm_tok_synthetic_01287,156,1,0,1,1,0,NONE
tx_legit_003963,usr_norm_1175,merch_razorpay_027,362.14,INR,2026-08-09T03:54:36+00:00,dev_fingerprint_0439,192.168.11.194,"Delhi, IN",pm_tok_synthetic_01640,834,1,0,1,3,0,NONE
tx_legit_000033,usr_norm_0730,merch_razorpay_046,845.23,INR,2026-08-09T04:04:40+00:00,dev_fingerprint_1787,192.168.99.49,"Delhi, IN",pm_tok_synthetic_00898,619,1,0,1,2,0,NONE
tx_legit_004637,usr_norm_0945,merch_razorpay_029,1613.47,INR,2026-08-09T04:05:57+00:00,dev_fingerprint_0999,192.168.216.164,"Chennai, IN",pm_tok_synthetic_01684,481,1,0,3,2,0,NONE
tx_legit_004961,usr_norm_0191,merch_razorpay_044,590.02,INR,2026-08-09T04:09:23+00:00,dev_fingerprint_1374,192.168.162.176,"Delhi, IN",pm_tok_synthetic_01663,402,1,0,1,2,0,NONE
tx_legit_003197,usr_norm_0036,merch_razorpay_021,358.88,INR,2026-08-09T04:11:59+00:00,dev_fingerprint_0250,192.168.127.103,"Mumbai, IN",pm_tok_synthetic_01448,711,1,0,1,2,0,NONE
tx_legit_004288,usr_norm_1500,merch_razorpay_031,636.1,INR,2026-08-09T04:13:37+00:00,dev_fingerprint_0051,192.168.87.205,"Delhi, IN",pm_tok_synthetic_01858,634,1,1,1,1,0,NONE
tx_legit_006998,usr_norm_1296,merch_razorpay_045,520.91,INR,2026-08-09T04:13:57+00:00,dev_fingerprint_0774,192.168.41.15,"Bengaluru, IN",pm_tok_synthetic_01077,111,1,0,2,2,0,NONE
tx_legit_005045,usr_norm_0565,merch_razorpay_039,219.08,INR,2026-08-09T04:14:24+00:00,dev_fingerprint_0066,192.168.139.21,"Bengaluru, IN",pm_tok_synthetic_01076,386,2,1,1,1,0,NONE
tx_legit_007098,usr_norm_0895,merch_razorpay_017,451.89,INR,2026-08-09T04:15:58+00:00,dev_fingerprint_0264,192.168.76.112,"Delhi, IN",pm_tok_synthetic_01571,545,1,0,1,3,0,NONE
tx_legit_004987,usr_norm_1675,merch_razorpay_032,496.78,INR,2026-08-09T04:19:12+00:00,dev_fingerprint_1875,192.168.113.88,"Kolkata, IN",pm_tok_synthetic_01888,622,1,0,1,1,0,NONE
tx_legit_001736,usr_norm_0614,merch_razorpay_015,662.12,INR,2026-08-09T04:21:11+00:00,dev_fingerprint_1596,192.168.149.189,"Delhi, IN",pm_tok_synthetic_00620,451,1,0,3,1,0,NONE
tx_legit_005622,usr_norm_1174,merch_razorpay_010,321.08,INR,2026-08-09T04:22:20+00:00,dev_fingerprint_1432,192.168.138.35,"Delhi, IN",pm_tok_synthetic_01273,132,2,0,1,3,0,NONE
tx_legit_005248,usr_norm_0280,merch_razorpay_042,379.92,INR,2026-08-09T04:29:04+00:00,dev_fingerprint_0466,192.168.170.242,"Hyderabad, IN",pm_tok_synthetic_00210,627,1,0,1,2,0,NONE
tx_legit_006907,usr_norm_0671,merch_razorpay_017,230.51,INR,2026-08-09T04:39:39+00:00,dev_fingerprint_1211,192.168.16.102,"Bengaluru, IN",pm_tok_synthetic_02020,821,1,0,2,1,0,NONE
tx_legit_008685,usr_norm_0455,merch_razorpay_045,719.12,INR,2026-08-09T04:43:43+00:00,dev_fingerprint_1107,192.168.50.103,"Mumbai, IN",pm_tok_synthetic_01572,803,1,0,1,1,0,NONE
tx_legit_004478,usr_norm_0107,merch_razorpay_038,602.97,INR,2026-08-09T04:57:03+00:00,dev_fingerprint_0675,192.168.65.249,"Mumbai, IN",pm_tok_synthetic_02285,724,1,1,2,2,0,NONE
tx_legit_007134,usr_norm_0835,merch_razorpay_034,747.02,INR,2026-08-09T05:03:51+00:00,dev_fingerprint_0067,192.168.139.120,"Mumbai, IN",pm_tok_synthetic_00207,399,4,0,2,1,0,NONE
tx_legit_006944,usr_norm_0038,merch_razorpay_000,503.4,INR,2026-08-09T05:08:09+00:00,dev_fingerprint_1229,192.168.226.106,"Mumbai, IN",pm_tok_synthetic_01440,136,1,0,1,1,0,NONE
tx_legit_009137,usr_norm_1745,merch_razorpay_015,246.77,INR,2026-08-09T05:08:59+00:00,dev_fingerprint_1295,192.168.122.116,"Bengaluru, IN",pm_tok_synthetic_00776,173,2,0,1,2,0,NONE
tx_legit_006688,usr_norm_1667,merch_razorpay_022,834.53,INR,2026-08-09T05:16:48+00:00,dev_fingerprint_0502,192.168.192.189,"Pune, IN",pm_tok_synthetic_00319,730,1,0,1,2,0,NONE
tx_legit_004719,usr_norm_1228,merch_razorpay_004,608.03,INR,2026-08-09T05:20:29+00:00,dev_fingerprint_1555,192.168.250.237,"Chennai, IN",pm_tok_synthetic_02058,385,1,0,1,3,0,NONE
tx_legit_003127,usr_norm_1130,merch_razorpay_013,934.82,INR,2026-08-09T05:21:25+00:00,dev_fingerprint_0431,192.168.76.57,"Bengaluru, IN",pm_tok_synthetic_00660,692,1,0,1,1,0,NONE
tx_legit_005009,usr_norm_0199,merch_razorpay_045,855.01,INR,2026-08-09T05:22:19+00:00,dev_fingerprint_0281,192.168.97.102,"Pune, IN",pm_tok_synthetic_01503,437,1,0,1,3,0,NONE
tx_legit_007335,usr_norm_1765,merch_razorpay_000,410.62,INR,2026-08-09T05:24:07+00:00,dev_fingerprint_1401,192.168.67.88,"Ahmedabad, IN",pm_tok_synthetic_02235,170,1,1,1,1,0,NONE
tx_legit_008073,usr_norm_1479,merch_razorpay_020,588.82,INR,2026-08-09T05:24:58+00:00,dev_fingerprint_0335,10.0.251.159,"Hyderabad, IN",pm_tok_synthetic_00926,63,1,0,1,3,0,NONE
tx_legit_004020,usr_norm_0129,merch_razorpay_032,825.0,INR,2026-08-09T05:28:55+00:00,dev_fingerprint_1093,192.168.102.34,"Pune, IN",pm_tok_synthetic_01267,858,1,0,1,1,0,NONE
tx_legit_006520,usr_norm_1859,merch_razorpay_007,791.98,INR,2026-08-09T05:44:26+00:00,dev_fingerprint_1833,192.168.95.140,"Chennai, IN",pm_tok_synthetic_02217,165,1,0,1,4,0,NONE
tx_legit_005530,usr_norm_1389,merch_razorpay_028,933.13,INR,2026-08-09T05:49:13+00:00,dev_fingerprint_1933,192.168.167.70,"Hyderabad, IN",pm_tok_synthetic_02337,615,2,0,1,1,0,NONE
tx_legit_008892,usr_norm_1732,merch_razorpay_044,293.86,INR,2026-08-09T05:59:30+00:00,dev_fingerprint_1433,192.168.59.58,"Pune, IN",pm_tok_synthetic_01602,618,1,0,1,1,0,NONE
tx_legit_007471,usr_norm_1419,merch_razorpay_044,189.88,INR,2026-08-09T06:07:15+00:00,dev_fingerprint_0496,192.168.81.55,"Ahmedabad, IN",pm_tok_synthetic_01090,825,1,0,1,1,0,NONE
tx_legit_005874,usr_norm_1482,merch_razorpay_004,570.11,INR,2026-08-09T06:14:29+00:00,dev_fingerprint_1750,192.168.9.207,"Bengaluru, IN",pm_tok_synthetic_00725,479,1,1,1,4,0,NONE
tx_fraud_000516,usr_fraud_anomD_035,merch_razorpay_029,37668.25,INR,2026-08-09T06:16:04+00:00,dev_anomD_035,192.0.2.124,Unknown / VPN Node,pm_tok_anomD_035,7,16,7,2,1,1,BEHAVIORAL_ANOMALY
tx_legit_000651,usr_norm_0845,merch_razorpay_020,668.92,INR,2026-08-09T06:20:20+00:00,dev_fingerprint_1325,192.168.173.221,"Pune, IN",pm_tok_synthetic_00846,305,2,0,1,2,0,NONE
tx_fraud_000520,usr_fraud_anomD_039,merch_razorpay_014,81399.22,INR,2026-08-09T06:21:05+00:00,dev_anomD_039,192.0.2.161,Unknown / VPN Node,pm_tok_anomD_039,4,14,5,2,2,1,BEHAVIORAL_ANOMALY
tx_legit_008069,usr_norm_1288,merch_razorpay_026,1259.05,INR,2026-08-09T06:24:05+00:00,dev_fingerprint_0279,192.168.247.252,"Chennai, IN",pm_tok_synthetic_01174,510,1,1,1,2,0,NONE
tx_legit_005014,usr_norm_1324,merch_razorpay_018,217.13,INR,2026-08-09T06:25:56+00:00,dev_fingerprint_0738,192.168.159.65,"Pune, IN",pm_tok_synthetic_00213,712,1,0,1,1,0,NONE
tx_legit_006536,usr_norm_1909,merch_razorpay_021,230.6,INR,2026-08-09T06:26:55+00:00,dev_fingerprint_0769,192.168.161.41,"Mumbai, IN",pm_tok_synthetic_00390,449,1,0,1,1,0,NONE
tx_legit_002155,usr_norm_0662,merch_razorpay_048,916.99,INR,2026-08-09T06:34:22+00:00,dev_fingerprint_0655,192.168.53.176,"Ahmedabad, IN",pm_tok_synthetic_00319,615,1,0,1,1,0,NONE
tx_legit_008801,usr_norm_0933,merch_razorpay_011,342.08,INR,2026-08-09T06:37:26+00:00,dev_fingerprint_0732,192.168.166.11,"Mumbai, IN",pm_tok_synthetic_01792,666,1,0,1,1,0,NONE
tx_legit_005124,usr_norm_1584,merch_razorpay_000,345.42,INR,2026-08-09T06:38:40+00:00,dev_fingerprint_1066,192.168.131.192,"Mumbai, IN",pm_tok_synthetic_01279,53,2,0,1,1,0,NONE
tx_legit_004286,usr_norm_0818,merch_razorpay_018,884.59,INR,2026-08-09T06:40:17+00:00,dev_fingerprint_0564,192.168.63.252,"Pune, IN",pm_tok_synthetic_00589,663,2,0,3,1,0,NONE
tx_legit_004294,usr_norm_1453,merch_razorpay_042,120.4,INR,2026-08-09T06:43:07+00:00,dev_fingerprint_1573,192.168.13.234,"Delhi, IN",pm_tok_synthetic_01585,864,1,2,1,2,0,NONE
tx_legit_007620,usr_norm_1919,merch_razorpay_044,1684.55,INR,2026-08-09T06:50:30+00:00,dev_fingerprint_1339,192.168.121.75,"Chennai, IN",pm_tok_synthetic_01178,457,1,0,2,1,0,NONE
tx_fraud_000134,usr_fraud_ringA_008,merch_razorpay_017,5580.7,INR,2026-08-09T06:54:43+00:00,dev_fraud_ring_A_0,198.51.100.42,"Bengaluru, IN",pm_tok_ringA_010,4,8,4,15,4,1,DEVICE_SHARING_RING
tx_legit_003475,usr_norm_1415,merch_razorpay_010,775.32,INR,2026-08-09T06:55:21+00:00,dev_fingerprint_1429,192.168.188.125,"Kolkata, IN",pm_tok_synthetic_00552,522,1,0,2,1,0,NONE
tx_legit_005182,usr_norm_1687,merch_razorpay_024,630.26,INR,2026-08-09T07:02:19+00:00,dev_fingerprint_0315,192.168.204.15,"Delhi, IN",pm_tok_synthetic_02031,800,1,0,1,2,0,NONE
tx_legit_005573,usr_norm_0086,merch_razorpay_032,349.35,INR,2026-08-09T07:15:00+00:00,dev_fingerprint_1154,192.168.214.124,"Pune, IN",pm_tok_synthetic_02373,489,1,0,1,1,0,NONE
tx_legit_005830,usr_norm_1826,merch_razorpay_034,991.12,INR,2026-08-09T07:28:11+00:00,dev_fingerprint_0271,192.168.185.241,"Delhi, IN",pm_tok_synthetic_02009,274,1,0,1,1,0,NONE
tx_legit_006283,usr_norm_1730,merch_razorpay_004,228.33,INR,2026-08-09T07:35:46+00:00,dev_fingerprint_1019,10.0.167.184,"Bengaluru, IN",pm_tok_synthetic_00003,68,1,0,1,1,0,NONE
tx_legit_006025,usr_norm_0924,merch_razorpay_029,400.03,INR,2026-08-09T07:37:47+00:00,dev_fingerprint_1175,192.168.221.117,"Hyderabad, IN",pm_tok_synthetic_02023,182,1,0,2,1,0,NONE
tx_legit_006158,usr_norm_0154,merch_razorpay_001,346.03,INR,2026-08-09T07:38:10+00:00,dev_fingerprint_0859,192.168.39.208,"Mumbai, IN",pm_tok_synthetic_01872,94,2,0,2,1,0,NONE
tx_legit_001716,usr_norm_0607,merch_razorpay_043,399.5,INR,2026-08-09T07:38:38+00:00,dev_fingerprint_1421,10.0.43.161,"Delhi, IN",pm_tok_synthetic_01956,102,2,0,1,1,0,NONE
tx_legit_005489,usr_norm_0689,merch_razorpay_008,305.5,INR,2026-08-09T07:47:09+00:00,dev_fingerprint_0415,192.168.243.141,"Delhi, IN",pm_tok_synthetic_02394,141,1,0,1,5,0,NONE
tx_fraud_000527,usr_fraud_anomD_046,merch_razorpay_036,84007.09,INR,2026-08-09T07:56:46+00:00,dev_anomD_046,192.0.2.226,Unknown / VPN Node,pm_tok_anomD_046,8,14,7,1,3,1,BEHAVIORAL_ANOMALY
tx_legit_001070,usr_norm_0845,merch_razorpay_000,808.87,INR,2026-08-09T08:06:42+00:00,dev_fingerprint_1325,192.168.173.221,"Bengaluru, IN",pm_tok_synthetic_00846,305,1,0,1,3,0,NONE
tx_legit_004984,usr_norm_0368,merch_razorpay_032,231.55,INR,2026-08-09T08:21:31+00:00,dev_fingerprint_0007,192.168.128.239,"Bengaluru, IN",pm_tok_synthetic_00093,335,1,0,1,1,0,NONE
tx_legit_000452,usr_norm_1300,merch_razorpay_049,1590.46,INR,2026-08-09T08:27:43+00:00,dev_fingerprint_0550,192.168.168.177,"Pune, IN",pm_tok_synthetic_00770,100,2,0,1,2,0,NONE
tx_legit_008679,usr_norm_0829,merch_razorpay_012,1184.38,INR,2026-08-09T08:28:33+00:00,dev_fingerprint_0992,10.0.132.23,"Hyderabad, IN",pm_tok_synthetic_02115,412,2,1,1,1,0,NONE
tx_legit_006651,usr_norm_1995,merch_razorpay_046,1422.77,INR,2026-08-09T08:34:39+00:00,dev_fingerprint_0559,192.168.128.239,"Ahmedabad, IN",pm_tok_synthetic_01639,394,1,0,1,1,0,NONE
tx_legit_002919,usr_norm_0636,merch_razorpay_034,358.71,INR,2026-08-09T08:44:08+00:00,dev_fingerprint_1311,192.168.78.218,"Kolkata, IN",pm_tok_synthetic_02202,660,3,0,1,1,0,NONE
tx_legit_008048,usr_norm_1847,merch_razorpay_025,1376.57,INR,2026-08-09T08:46:59+00:00,dev_fingerprint_0722,192.168.188.34,"Kolkata, IN",pm_tok_synthetic_01095,545,1,0,1,1,0,NONE
tx_legit_002958,usr_norm_0351,merch_razorpay_009,677.64,INR,2026-08-09T08:47:11+00:00,dev_fingerprint_1194,192.168.7.22,"Bengaluru, IN",pm_tok_synthetic_00372,552,1,0,1,1,0,NONE
tx_legit_004635,usr_norm_1125,merch_razorpay_015,862.43,INR,2026-08-09T08:52:39+00:00,dev_fingerprint_1317,192.168.198.34,"Bengaluru, IN",pm_tok_synthetic_00866,183,1,2,1,1,0,NONE
tx_legit_001096,usr_norm_1757,merch_razorpay_005,685.56,INR,2026-08-09T08:54:07+00:00,dev_fingerprint_1266,192.168.26.98,"Ahmedabad, IN",pm_tok_synthetic_00994,748,1,0,2,1,0,NONE
tx_fraud_000362,usr_fraud_reuseC_001,merch_razorpay_021,3316.93,INR,2026-08-09T09:00:40+00:00,dev_reuseC_007,198.51.100.183,"Mumbai, IN",pm_tok_stolen_C_005,2,4,2,3,3,1,PAYMENT_REF_REUSE
tx_legit_005065,usr_norm_0120,merch_razorpay_006,256.23,INR,2026-08-09T09:03:38+00:00,dev_fingerprint_0317,192.168.64.191,"Bengaluru, IN",pm_tok_synthetic_01211,894,1,0,1,1,0,NONE
tx_legit_000761,usr_norm_1068,merch_razorpay_032,456.81,INR,2026-08-09T09:03:52+00:00,dev_fingerprint_1493,10.0.147.252,"Pune, IN",pm_tok_synthetic_01528,41,1,0,1,1,0,NONE
tx_legit_003516,usr_norm_0467,merch_razorpay_007,368.09,INR,2026-08-09T09:14:05+00:00,dev_fingerprint_1298,192.168.57.2,"Ahmedabad, IN",pm_tok_synthetic_01099,354,1,0,2,1,0,NONE
tx_fraud_000452,usr_fraud_reuseC_011,merch_razorpay_017,9923.3,INR,2026-08-09T09:16:20+00:00,dev_reuseC_003,198.51.100.159,"Delhi, IN",pm_tok_stolen_C_003,1,3,0,2,4,1,PAYMENT_REF_REUSE
tx_legit_000510,usr_norm_0285,merch_razorpay_009,370.51,INR,2026-08-09T09:18:11+00:00,dev_fingerprint_0903,192.168.189.237,"Kolkata, IN",pm_tok_synthetic_01715,185,1,1,1,1,0,NONE
tx_legit_006132,usr_norm_1264,merch_razorpay_027,1224.68,INR,2026-08-09T09:22:03+00:00,dev_fingerprint_0596,10.0.134.83,"Kolkata, IN",pm_tok_synthetic_01095,649,2,2,1,1,0,NONE
tx_legit_003765,usr_norm_1622,merch_razorpay_003,451.35,INR,2026-08-09T09:26:56+00:00,dev_fingerprint_1421,192.168.53.172,"Kolkata, IN",pm_tok_synthetic_00708,708,1,0,1,2,0,NONE
tx_legit_001646,usr_norm_0744,merch_razorpay_019,658.18,INR,2026-08-09T09:27:51+00:00,dev_fingerprint_1077,192.168.151.77,"Chennai, IN",pm_tok_synthetic_01494,104,1,0,1,1,0,NONE
tx_legit_006371,usr_norm_0192,merch_razorpay_039,719.76,INR,2026-08-09T09:33:06+00:00,dev_fingerprint_1050,192.168.248.152,"Ahmedabad, IN",pm_tok_synthetic_01000,61,1,0,1,1,0,NONE
tx_legit_003995,usr_norm_1838,merch_razorpay_007,485.57,INR,2026-08-09T09:34:03+00:00,dev_fingerprint_1783,192.168.160.194,"Bengaluru, IN",pm_tok_synthetic_00224,557,1,0,1,3,0,NONE
tx_legit_004586,usr_norm_1302,merch_razorpay_034,366.59,INR,2026-08-09T09:37:29+00:00,dev_fingerprint_1304,192.168.105.85,"Hyderabad, IN",pm_tok_synthetic_01854,308,1,0,2,2,0,NONE
tx_legit_003650,usr_norm_1646,merch_razorpay_019,288.51,INR,2026-08-09T09:39:39+00:00,dev_fingerprint_1356,192.168.120.222,"Chennai, IN",pm_tok_synthetic_01945,172,1,0,1,3,0,NONE
tx_legit_003660,usr_norm_1612,merch_razorpay_019,984.54,INR,2026-08-09T09:41:30+00:00,dev_fingerprint_0713,10.0.18.155,"Ahmedabad, IN",pm_tok_synthetic_02353,160,1,0,2,2,0,NONE
tx_legit_004201,usr_norm_0266,merch_razorpay_047,484.39,INR,2026-08-09T09:47:30+00:00,dev_fingerprint_0694,192.168.236.138,"Hyderabad, IN",pm_tok_synthetic_00818,803,3,0,1,1,0,NONE
tx_legit_005156,usr_norm_0689,merch_razorpay_007,392.17,INR,2026-08-09T09:52:17+00:00,dev_fingerprint_0415,192.168.243.141,"Pune, IN",pm_tok_synthetic_02394,141,1,0,1,2,0,NONE
tx_legit_005314,usr_norm_0510,merch_razorpay_010,435.33,INR,2026-08-09T09:52:22+00:00,dev_fingerprint_1321,192.168.30.140,"Pune, IN",pm_tok_synthetic_00828,800,1,0,2,2,0,NONE
tx_legit_005886,usr_norm_1442,merch_razorpay_044,355.33,INR,2026-08-09T09:53:59+00:00,dev_fingerprint_1351,192.168.190.189,"Bengaluru, IN",pm_tok_synthetic_00441,49,1,0,1,2,0,NONE
tx_legit_008277,usr_norm_0441,merch_razorpay_043,677.0,INR,2026-08-09T10:05:13+00:00,dev_fingerprint_1330,192.168.70.107,"Chennai, IN",pm_tok_synthetic_00129,125,4,1,1,1,0,NONE
tx_legit_003005,usr_norm_0740,merch_razorpay_044,400.86,INR,2026-08-09T10:07:50+00:00,dev_fingerprint_1257,192.168.1.253,"Bengaluru, IN",pm_tok_synthetic_00534,378,2,0,1,1,0,NONE
tx_legit_000125,usr_norm_1279,merch_razorpay_007,288.82,INR,2026-08-09T10:17:01+00:00,dev_fingerprint_0956,192.168.243.218,"Hyderabad, IN",pm_tok_synthetic_02214,308,1,0,1,1,0,NONE
tx_legit_005628,usr_norm_0350,merch_razorpay_013,560.08,INR,2026-08-09T10:19:08+00:00,dev_fingerprint_0238,192.168.69.212,"Ahmedabad, IN",pm_tok_synthetic_00841,764,1,0,1,1,0,NONE
tx_legit_006666,usr_norm_0297,merch_razorpay_045,480.04,INR,2026-08-09T10:19:36+00:00,dev_fingerprint_0714,192.168.120.112,"Kolkata, IN",pm_tok_synthetic_01120,324,1,0,2,1,0,NONE
tx_legit_001551,usr_norm_1017,merch_razorpay_010,734.37,INR,2026-08-09T10:21:11+00:00,dev_fingerprint_1270,192.168.98.147,"Chennai, IN",pm_tok_synthetic_01814,879,1,0,2,1,0,NONE
tx_legit_009095,usr_norm_1768,merch_razorpay_038,963.41,INR,2026-08-09T10:23:07+00:00,dev_fingerprint_0129,192.168.154.83,"Kolkata, IN",pm_tok_synthetic_01121,174,1,0,2,1,0,NONE
tx_legit_000238,usr_norm_1993,merch_razorpay_003,144.7,INR,2026-08-09T10:23:43+00:00,dev_fingerprint_0476,192.168.76.92,"Kolkata, IN",pm_tok_synthetic_01739,772,1,0,1,1,0,NONE
tx_legit_008160,usr_norm_0965,merch_razorpay_019,469.13,INR,2026-08-09T10:27:23+00:00,dev_fingerprint_0000,192.168.61.162,"Delhi, IN",pm_tok_synthetic_00372,840,1,0,1,1,0,NONE
tx_legit_008361,usr_norm_0794,merch_razorpay_037,551.0,INR,2026-08-09T10:35:50+00:00,dev_fingerprint_1368,192.168.247.252,"Delhi, IN",pm_tok_synthetic_02217,453,1,0,1,1,0,NONE
tx_fraud_000636,usr_fraud_anomD_155,merch_razorpay_043,47964.01,INR,2026-08-09T10:45:59+00:00,dev_anomD_155,192.0.2.5,Unknown / VPN Node,pm_tok_anomD_155,8,13,4,1,3,1,BEHAVIORAL_ANOMALY
tx_legit_003913,usr_norm_0201,merch_razorpay_011,568.07,INR,2026-08-09T10:47:33+00:00,dev_fingerprint_0232,192.168.24.98,"Mumbai, IN",pm_tok_synthetic_00762,541,1,0,1,4,0,NONE
tx_legit_003163,usr_norm_0441,merch_razorpay_037,789.86,INR,2026-08-09T10:50:48+00:00,dev_fingerprint_1330,192.168.70.107,"Bengaluru, IN",pm_tok_synthetic_00129,125,1,0,2,1,0,NONE
tx_fraud_000491,usr_fraud_anomD_010,merch_razorpay_042,48265.95,INR,2026-08-09T11:17:17+00:00,dev_anomD_010,192.0.2.208,Unknown / VPN Node,pm_tok_anomD_010,7,10,3,2,4,1,BEHAVIORAL_ANOMALY
tx_legit_002329,usr_norm_1047,merch_razorpay_022,954.3,INR,2026-08-09T11:18:07+00:00,dev_fingerprint_0015,192.168.224.4,"Ahmedabad, IN",pm_tok_synthetic_00268,245,1,0,1,3,0,NONE
tx_legit_008657,usr_norm_1761,merch_razorpay_046,672.32,INR,2026-08-09T11:20:08+00:00,dev_fingerprint_1210,192.168.199.15,"Ahmedabad, IN",pm_tok_synthetic_00435,146,1,0,3,2,0,NONE
tx_legit_003607,usr_norm_1651,merch_razorpay_006,928.31,INR,2026-08-09T11:25:00+00:00,dev_fingerprint_1933,192.168.91.57,"Mumbai, IN",pm_tok_synthetic_01993,703,1,0,3,2,0,NONE
tx_legit_006633,usr_norm_0437,merch_razorpay_044,85.86,INR,2026-08-09T11:27:46+00:00,dev_fingerprint_1078,10.0.52.64,"Hyderabad, IN",pm_tok_synthetic_02439,303,2,0,1,1,0,NONE
tx_legit_002413,usr_norm_0240,merch_razorpay_013,221.04,INR,2026-08-09T11:29:11+00:00,dev_fingerprint_0900,10.0.40.153,"Delhi, IN",pm_tok_synthetic_01983,505,3,0,1,1,0,NONE
tx_legit_006790,usr_norm_1385,merch_razorpay_042,490.99,INR,2026-08-09T11:30:51+00:00,dev_fingerprint_1220,192.168.57.115,"Delhi, IN",pm_tok_synthetic_02120,168,1,0,1,5,0,NONE
tx_legit_004570,usr_norm_0151,merch_razorpay_031,1324.3,INR,2026-08-09T11:46:33+00:00,dev_fingerprint_1489,192.168.124.71,"Hyderabad, IN",pm_tok_synthetic_02161,463,1,0,1,4,0,NONE
tx_legit_000783,usr_norm_1236,merch_razorpay_044,298.37,INR,2026-08-09T11:46:56+00:00,dev_fingerprint_0702,192.168.81.170,"Kolkata, IN",pm_tok_synthetic_00753,540,1,0,1,1,0,NONE
tx_fraud_000035,usr_fraud_ringA_009,merch_razorpay_046,6382.85,INR,2026-08-09T11:46:59+00:00,dev_fraud_ring_A_2,198.51.100.77,"Chennai, IN",pm_tok_ringA_007,13,4,2,18,3,1,DEVICE_SHARING_RING
tx_legit_006814,usr_norm_1590,merch_razorpay_044,694.45,INR,2026-08-09T11:50:11+00:00,dev_fingerprint_0031,192.168.168.26,"Delhi, IN",pm_tok_synthetic_02292,556,1,0,1,1,0,NONE
tx_legit_003717,usr_norm_1223,merch_razorpay_047,1469.1,INR,2026-08-09T11:50:31+00:00,dev_fingerprint_0987,192.168.104.179,"Ahmedabad, IN",pm_tok_synthetic_01291,534,2,0,1,1,0,NONE
tx_legit_006168,usr_norm_1781,merch_razorpay_018,617.26,INR,2026-08-09T11:50:37+00:00,dev_fingerprint_1468,192.168.213.108,"Delhi, IN",pm_tok_synthetic_00360,672,1,0,1,1,0,NONE
tx_legit_002227,usr_norm_0896,merch_razorpay_041,245.53,INR,2026-08-09T11:51:06+00:00,dev_fingerprint_1205,192.168.159.192,"Delhi, IN",pm_tok_synthetic_00684,96,1,0,2,1,0,NONE
tx_legit_003171,usr_norm_1532,merch_razorpay_013,424.89,INR,2026-08-09T11:54:52+00:00,dev_fingerprint_1127,192.168.59.211,"Bengaluru, IN",pm_tok_synthetic_01199,512,2,0,1,3,0,NONE
tx_legit_004347,usr_norm_0844,merch_razorpay_004,495.8,INR,2026-08-09T11:54:58+00:00,dev_fingerprint_1677,192.168.115.138,"Kolkata, IN",pm_tok_synthetic_00877,256,1,0,1,3,0,NONE
tx_fraud_000141,usr_fraud_ringA_015,merch_razorpay_046,4483.18,INR,2026-08-09T12:17:21+00:00,dev_fraud_ring_A_0,198.51.100.89,"Kolkata, IN",pm_tok_ringA_002,11,7,4,10,2,1,DEVICE_SHARING_RING
tx_legit_006841,usr_norm_1706,merch_razorpay_019,945.84,INR,2026-08-09T12:20:53+00:00,dev_fingerprint_1121,192.168.56.60,"Bengaluru, IN",pm_tok_synthetic_00034,881,1,0,2,1,0,NONE
tx_legit_003649,usr_norm_0951,merch_razorpay_023,378.65,INR,2026-08-09T12:21:48+00:00,dev_fingerprint_1355,192.168.30.249,"Kolkata, IN",pm_tok_synthetic_01018,523,1,0,1,1,0,NONE
tx_legit_006252,usr_norm_1398,merch_razorpay_035,718.8,INR,2026-08-09T12:25:39+00:00,dev_fingerprint_0195,192.168.142.136,"Chennai, IN",pm_tok_synthetic_01230,68,1,1,1,1,0,NONE
tx_legit_008996,usr_norm_1798,merch_razorpay_003,447.03,INR,2026-08-09T12:29:58+00:00,dev_fingerprint_1386,192.168.188.34,"Bengaluru, IN",pm_tok_synthetic_01334,265,1,0,1,1,0,NONE
tx_fraud_000112,usr_fraud_ringA_011,merch_razorpay_035,7182.8,INR,2026-08-09T12:36:44+00:00,dev_fraud_ring_A_2,198.51.100.52,"Chennai, IN",pm_tok_ringA_001,5,11,2,14,3,1,DEVICE_SHARING_RING
tx_legit_008009,usr_norm_0648,merch_razorpay_004,1640.28,INR,2026-08-09T12:37:23+00:00,dev_fingerprint_0761,10.0.161.180,"Pune, IN",pm_tok_synthetic_01010,780,2,0,1,1,0,NONE
tx_legit_005357,usr_norm_0919,merch_razorpay_018,612.22,INR,2026-08-09T12:39:06+00:00,dev_fingerprint_0733,192.168.173.211,"Mumbai, IN",pm_tok_synthetic_01678,332,1,0,3,2,0,NONE
tx_legit_000134,usr_norm_1953,merch_razorpay_005,563.92,INR,2026-08-09T12:42:16+00:00,dev_fingerprint_0256,192.168.184.125,"Chennai, IN",pm_tok_synthetic_00533,110,1,0,1,1,0,NONE
tx_legit_002237,usr_norm_0251,merch_razorpay_017,1535.44,INR,2026-08-09T12:42:23+00:00,dev_fingerprint_1054,192.168.91.77,"Bengaluru, IN",pm_tok_synthetic_02042,345,3,0,1,2,0,NONE
tx_legit_002049,usr_norm_1203,merch_razorpay_002,2346.46,INR,2026-08-09T13:01:34+00:00,dev_fingerprint_1177,192.168.226.18,"Chennai, IN",pm_tok_synthetic_01813,416,2,0,1,2,0,NONE
tx_legit_007609,usr_norm_1626,merch_razorpay_019,294.27,INR,2026-08-09T13:07:34+00:00,dev_fingerprint_0911,10.0.71.118,"Delhi, IN",pm_tok_synthetic_01261,445,1,0,1,1,0,NONE
tx_legit_009048,usr_norm_1351,merch_razorpay_041,184.51,INR,2026-08-09T13:14:33+00:00,dev_fingerprint_1476,10.0.184.242,"Ahmedabad, IN",pm_tok_synthetic_02207,868,1,0,1,1,0,NONE
tx_legit_000331,usr_norm_1972,merch_razorpay_028,290.78,INR,2026-08-09T13:16:53+00:00,dev_fingerprint_1449,192.168.57.125,"Pune, IN",pm_tok_synthetic_01501,744,1,0,1,2,0,NONE
tx_legit_004921,usr_norm_1528,merch_razorpay_004,149.89,INR,2026-08-09T13:29:20+00:00,dev_fingerprint_1151,10.0.131.220,"Delhi, IN",pm_tok_synthetic_01865,797,1,0,1,1,0,NONE
tx_legit_007554,usr_norm_0178,merch_razorpay_042,1318.95,INR,2026-08-09T13:38:31+00:00,dev_fingerprint_0254,192.168.247.10,"Ahmedabad, IN",pm_tok_synthetic_01507,477,1,0,1,1,0,NONE
tx_fraud_000614,usr_fraud_anomD_133,merch_razorpay_020,77225.06,INR,2026-08-09T13:39:33+00:00,dev_anomD_133,192.0.2.176,Unknown / VPN Node,pm_tok_anomD_133,10,12,6,1,4,1,BEHAVIORAL_ANOMALY
tx_legit_005980,usr_norm_0527,merch_razorpay_023,524.03,INR,2026-08-09T13:40:28+00:00,dev_fingerprint_0357,10.0.147.239,"Hyderabad, IN",pm_tok_synthetic_00655,368,1,0,1,5,0,NONE
tx_legit_004812,usr_norm_0771,merch_razorpay_011,949.35,INR,2026-08-09T13:43:43+00:00,dev_fingerprint_0151,192.168.249.67,"Kolkata, IN",pm_tok_synthetic_00696,414,2,0,1,1,0,NONE
tx_fraud_000544,usr_fraud_anomD_063,merch_razorpay_011,44524.53,INR,2026-08-09T13:44:19+00:00,dev_anomD_063,192.0.2.160,Unknown / VPN Node,pm_tok_anomD_063,8,13,3,1,3,1,BEHAVIORAL_ANOMALY
tx_legit_003467,usr_norm_0938,merch_razorpay_044,274.13,INR,2026-08-09T13:44:46+00:00,dev_fingerprint_0863,192.168.233.114,"Pune, IN",pm_tok_synthetic_00683,145,1,0,1,2,0,NONE
tx_legit_002845,usr_norm_0328,merch_razorpay_005,493.59,INR,2026-08-09T13:45:21+00:00,dev_fingerprint_1937,192.168.30.145,"Hyderabad, IN",pm_tok_synthetic_01343,118,1,0,1,1,0,NONE
tx_legit_001694,usr_norm_0071,merch_razorpay_006,546.78,INR,2026-08-09T13:45:58+00:00,dev_fingerprint_1792,10.0.14.174,"Ahmedabad, IN",pm_tok_synthetic_01710,326,1,0,1,1,0,NONE
tx_legit_007204,usr_norm_1164,merch_razorpay_030,978.37,INR,2026-08-09T13:48:05+00:00,dev_fingerprint_0741,192.168.185.68,"Delhi, IN",pm_tok_synthetic_00633,466,2,0,1,2,0,NONE
tx_legit_008586,usr_norm_0802,merch_razorpay_025,297.25,INR,2026-08-09T13:53:24+00:00,dev_fingerprint_0919,192.168.120.222,"Bengaluru, IN",pm_tok_synthetic_00684,246,2,0,1,5,0,NONE
tx_legit_008068,usr_norm_1541,merch_razorpay_014,417.74,INR,2026-08-09T13:53:59+00:00,dev_fingerprint_1152,192.168.195.226,"Pune, IN",pm_tok_synthetic_02128,776,1,0,1,2,0,NONE
tx_legit_002109,usr_norm_0845,merch_razorpay_030,716.76,INR,2026-08-09T14:01:42+00:00,dev_fingerprint_1919,192.168.173.221,"Mumbai, IN",pm_tok_synthetic_00846,305,1,0,1,2,0,NONE
tx_legit_005689,usr_norm_0118,merch_razorpay_036,275.23,INR,2026-08-09T14:02:33+00:00,dev_fingerprint_0369,192.168.100.117,"Mumbai, IN",pm_tok_synthetic_00877,379,1,0,2,1,0,NONE
tx_legit_005106,usr_norm_0419,merch_razorpay_022,83.47,INR,2026-08-09T14:05:34+00:00,dev_fingerprint_1000,192.168.61.219,"Bengaluru, IN",pm_tok_synthetic_02009,501,1,0,1,1,0,NONE
tx_legit_007751,usr_norm_1298,merch_razorpay_021,666.9,INR,2026-08-09T14:05:57+00:00,dev_fingerprint_1255,192.168.4.185,"Bengaluru, IN",pm_tok_synthetic_01113,321,2,0,2,2,0,NONE
tx_legit_006266,usr_norm_1377,merch_razorpay_035,330.03,INR,2026-08-09T14:09:14+00:00,dev_fingerprint_0323,192.168.213.161,"Ahmedabad, IN",pm_tok_synthetic_02457,483,1,1,2,1,0,NONE
tx_legit_007725,usr_norm_0384,merch_razorpay_003,1035.9,INR,2026-08-09T14:13:21+00:00,dev_fingerprint_0563,192.168.143.57,"Mumbai, IN",pm_tok_synthetic_02280,635,1,0,1,2,0,NONE
tx_fraud_000040,usr_fraud_ringA_014,merch_razorpay_049,11501.92,INR,2026-08-09T14:14:20+00:00,dev_fraud_ring_A_1,198.51.100.34,"Ahmedabad, IN",pm_tok_ringA_004,7,11,3,10,5,1,DEVICE_SHARING_RING
tx_legit_000501,usr_norm_1131,merch_razorpay_028,746.73,INR,2026-08-09T14:20:41+00:00,dev_fingerprint_0841,192.168.88.72,"Bengaluru, IN",pm_tok_synthetic_00998,74,1,0,1,2,0,NONE
tx_legit_000121,usr_norm_1945,merch_razorpay_010,1386.16,INR,2026-08-09T14:29:44+00:00,dev_fingerprint_0233,192.168.109.57,"Delhi, IN",pm_tok_synthetic_01886,108,1,0,1,1,0,NONE
tx_legit_005223,usr_norm_0899,merch_razorpay_045,1071.55,INR,2026-08-09T14:50:38+00:00,dev_fingerprint_0691,192.168.213.233,"Bengaluru, IN",pm_tok_synthetic_00548,380,1,1,2,2,0,NONE
tx_legit_005422,usr_norm_0092,merch_razorpay_021,1074.97,INR,2026-08-09T14:51:03+00:00,dev_fingerprint_1039,192.168.102.227,"Delhi, IN",pm_tok_synthetic_01271,502,1,0,1,5,0,NONE
tx_legit_002228,usr_norm_1891,merch_razorpay_016,329.35,INR,2026-08-09T15:01:59+00:00,dev_fingerprint_1245,192.168.78.22,"Pune, IN",pm_tok_synthetic_00799,627,1,0,3,1,0,NONE
tx_legit_002253,usr_norm_1659,merch_razorpay_035,175.83,INR,2026-08-09T15:07:14+00:00,dev_fingerprint_1496,192.168.184.81,"Delhi, IN",pm_tok_synthetic_02055,305,1,0,1,4,0,NONE
tx_legit_003956,usr_norm_1841,merch_razorpay_034,221.87,INR,2026-08-09T15:15:58+00:00,dev_fingerprint_0083,192.168.81.170,"Pune, IN",pm_tok_synthetic_01500,209,1,1,3,2,0,NONE
tx_legit_007557,usr_norm_0588,merch_razorpay_040,346.18,INR,2026-08-09T15:17:16+00:00,dev_fingerprint_1563,192.168.252.176,"Chennai, IN",pm_tok_synthetic_01759,874,1,0,2,2,0,NONE
tx_legit_004034,usr_norm_0703,merch_razorpay_001,171.24,INR,2026-08-09T15:22:47+00:00,dev_fingerprint_0024,192.168.176.84,"Pune, IN",pm_tok_synthetic_00910,163,1,0,1,2,0,NONE
tx_legit_004111,usr_norm_1447,merch_razorpay_016,194.62,INR,2026-08-09T15:26:04+00:00,dev_fingerprint_0937,192.168.212.188,"Pune, IN",pm_tok_synthetic_00088,70,1,0,1,1,0,NONE
tx_legit_006724,usr_norm_0732,merch_razorpay_011,749.41,INR,2026-08-09T15:26:55+00:00,dev_fingerprint_0484,192.168.63.79,"Delhi, IN",pm_tok_synthetic_01302,855,2,0,1,4,0,NONE
tx_legit_007423,usr_norm_0682,merch_razorpay_005,5991.8,INR,2026-08-09T15:28:18+00:00,dev_fingerprint_0173,192.168.133.243,"Hyderabad, IN",pm_tok_synthetic_00391,547,2,0,1,1,0,NONE
tx_legit_000329,usr_norm_1502,merch_razorpay_005,537.86,INR,2026-08-09T15:31:08+00:00,dev_fingerprint_0184,192.168.226.18,"Hyderabad, IN",pm_tok_synthetic_01327,738,1,0,1,2,0,NONE
tx_fraud_000028,usr_fraud_ringA_002,merch_razorpay_019,9097.76,INR,2026-08-09T15:32:31+00:00,dev_fraud_ring_A_4,198.51.100.89,"Kolkata, IN",pm_tok_ringA_005,6,10,1,7,2,1,DEVICE_SHARING_RING
tx_legit_009171,usr_norm_1404,merch_razorpay_030,279.77,INR,2026-08-09T15:33:34+00:00,dev_fingerprint_1298,192.168.169.126,"Kolkata, IN",pm_tok_synthetic_01566,85,1,0,1,2,0,NONE
tx_legit_003868,usr_norm_0255,merch_razorpay_037,282.64,INR,2026-08-09T15:34:16+00:00,dev_fingerprint_0576,10.0.146.91,"Delhi, IN",pm_tok_synthetic_02447,893,1,0,1,1,0,NONE
tx_legit_008234,usr_norm_0988,merch_razorpay_049,403.13,INR,2026-08-09T15:41:10+00:00,dev_fingerprint_1184,192.168.120.222,"Mumbai, IN",pm_tok_synthetic_00525,136,1,0,1,3,0,NONE
tx_legit_000955,usr_norm_0258,merch_razorpay_030,335.03,INR,2026-08-09T15:41:18+00:00,dev_fingerprint_0274,10.0.157.153,"Delhi, IN",pm_tok_synthetic_01083,774,1,0,1,1,0,NONE
tx_legit_000322,usr_norm_1934,merch_razorpay_003,324.19,INR,2026-08-09T15:52:10+00:00,dev_fingerprint_0342,192.168.170.95,"Kolkata, IN",pm_tok_synthetic_01321,353,3,0,2,3,0,NONE
tx_legit_008991,usr_norm_1908,merch_razorpay_016,619.28,INR,2026-08-09T15:52:11+00:00,dev_fingerprint_1996,192.168.28.173,"Mumbai, IN",pm_tok_synthetic_02419,804,1,0,1,2,0,NONE
tx_legit_002056,usr_norm_0599,merch_razorpay_022,241.68,INR,2026-08-09T15:53:27+00:00,dev_fingerprint_0761,192.168.177.153,"Bengaluru, IN",pm_tok_synthetic_00677,83,4,0,2,1,0,NONE
tx_legit_005240,usr_norm_0629,merch_razorpay_003,175.25,INR,2026-08-09T16:03:33+00:00,dev_fingerprint_1966,192.168.133.119,"Pune, IN",pm_tok_synthetic_01496,589,1,0,1,1,0,NONE
tx_legit_004505,usr_norm_1980,merch_razorpay_003,270.58,INR,2026-08-09T16:06:40+00:00,dev_fingerprint_0671,192.168.98.84,"Ahmedabad, IN",pm_tok_synthetic_00473,424,1,1,1,2,0,NONE
tx_legit_001094,usr_norm_0409,merch_razorpay_018,916.83,INR,2026-08-09T16:10:26+00:00,dev_fingerprint_0736,192.168.62.33,"Bengaluru, IN",pm_tok_synthetic_02036,507,1,0,1,1,0,NONE
tx_legit_007818,usr_norm_1459,merch_razorpay_041,474.88,INR,2026-08-09T16:15:42+00:00,dev_fingerprint_0639,10.0.142.36,"Ahmedabad, IN",pm_tok_synthetic_02479,367,4,0,1,3,0,NONE
tx_legit_007299,usr_norm_1461,merch_razorpay_033,172.03,INR,2026-08-09T16:18:17+00:00,dev_fingerprint_1574,192.168.136.224,"Hyderabad, IN",pm_tok_synthetic_02379,584,1,0,1,1,0,NONE
tx_legit_002982,usr_norm_0197,merch_razorpay_020,622.04,INR,2026-08-09T16:21:19+00:00,dev_fingerprint_1239,192.168.57.2,"Bengaluru, IN",pm_tok_synthetic_01909,409,2,0,1,1,0,NONE
tx_fraud_000027,usr_fraud_ringA_001,merch_razorpay_049,4441.05,INR,2026-08-09T16:22:42+00:00,dev_fraud_ring_A_2,198.51.100.28,"Kolkata, IN",pm_tok_ringA_007,5,11,4,18,4,1,DEVICE_SHARING_RING
tx_fraud_000126,usr_fraud_ringA_000,merch_razorpay_007,3740.68,INR,2026-08-09T16:31:07+00:00,dev_fraud_ring_A_4,198.51.100.37,"Bengaluru, IN",pm_tok_ringA_006,10,11,1,15,6,1,DEVICE_SHARING_RING
tx_fraud_000052,usr_fraud_ringA_001,merch_razorpay_048,6941.09,INR,2026-08-09T16:35:43+00:00,dev_fraud_ring_A_4,198.51.100.31,"Pune, IN",pm_tok_ringA_001,12,11,1,12,6,1,DEVICE_SHARING_RING
tx_legit_005800,usr_norm_0581,merch_razorpay_030,1164.94,INR,2026-08-09T16:39:02+00:00,dev_fingerprint_0848,192.168.241.98,"Pune, IN",pm_tok_synthetic_01851,107,1,0,1,2,0,NONE
tx_legit_005832,usr_norm_1576,merch_razorpay_004,973.47,INR,2026-08-09T16:43:15+00:00,dev_fingerprint_1645,192.168.141.26,"Bengaluru, IN",pm_tok_synthetic_01393,525,2,0,3,1,0,NONE
tx_legit_005129,usr_norm_1832,merch_razorpay_020,223.91,INR,2026-08-09T16:49:01+00:00,dev_fingerprint_0758,10.0.102.2,"Kolkata, IN",pm_tok_synthetic_01901,750,1,0,1,1,0,NONE
tx_legit_006827,usr_norm_0495,merch_razorpay_032,258.25,INR,2026-08-09T16:52:01+00:00,dev_fingerprint_0804,192.168.85.160,"Pune, IN",pm_tok_synthetic_00466,607,2,0,1,1,0,NONE
tx_legit_002499,usr_norm_1473,merch_razorpay_049,242.6,INR,2026-08-09T16:54:43+00:00,dev_fingerprint_1161,192.168.73.252,"Pune, IN",pm_tok_synthetic_00945,640,2,0,1,2,0,NONE
tx_legit_000464,usr_norm_1203,merch_razorpay_046,714.63,INR,2026-08-09T16:56:49+00:00,dev_fingerprint_1177,10.0.158.17,"Delhi, IN",pm_tok_synthetic_01813,416,2,0,2,2,0,NONE
tx_legit_000934,usr_norm_0330,merch_razorpay_006,393.68,INR,2026-08-09T17:05:11+00:00,dev_fingerprint_0287,192.168.112.125,"Mumbai, IN",pm_tok_synthetic_01325,284,1,0,2,1,0,NONE
tx_legit_007412,usr_norm_0497,merch_razorpay_009,101.81,INR,2026-08-09T17:06:15+00:00,dev_fingerprint_1396,192.168.222.18,"Bengaluru, IN",pm_tok_synthetic_02253,57,1,2,1,1,0,NONE
tx_legit_008621,usr_norm_0651,merch_razorpay_001,320.01,INR,2026-08-09T17:14:14+00:00,dev_fingerprint_0538,192.168.209.126,"Bengaluru, IN",pm_tok_synthetic_02361,672,2,0,1,1,0,NONE
tx_legit_007421,usr_norm_0613,merch_razorpay_001,837.11,INR,2026-08-09T17:19:18+00:00,dev_fingerprint_1331,192.168.240.226,"Ahmedabad, IN",pm_tok_synthetic_01802,389,1,0,2,1,0,NONE
tx_fraud_000036,usr_fraud_ringA_010,merch_razorpay_016,7418.63,INR,2026-08-09T17:19:34+00:00,dev_fraud_ring_A_4,198.51.100.27,"Hyderabad, IN",pm_tok_ringA_007,9,10,1,17,2,1,DEVICE_SHARING_RING
tx_fraud_000074,usr_fraud_ringA_023,merch_razorpay_013,13835.21,INR,2026-08-09T17:24:16+00:00,dev_fraud_ring_A_1,198.51.100.44,"Chennai, IN",pm_tok_ringA_001,11,12,4,16,5,1,DEVICE_SHARING_RING
tx_legit_000925,usr_norm_0500,merch_razorpay_026,2027.91,INR,2026-08-09T17:34:54+00:00,dev_fingerprint_0837,192.168.203.161,"Delhi, IN",pm_tok_synthetic_02045,172,1,0,1,1,0,NONE
tx_legit_006020,usr_norm_0363,merch_razorpay_033,320.68,INR,2026-08-09T17:35:30+00:00,dev_fingerprint_0783,10.0.160.108,"Ahmedabad, IN",pm_tok_synthetic_01546,414,1,0,1,1,0,NONE
tx_legit_006036,usr_norm_1417,merch_razorpay_033,273.49,INR,2026-08-09T17:37:33+00:00,dev_fingerprint_1335,10.0.58.185,"Bengaluru, IN",pm_tok_synthetic_00803,604,2,0,1,1,0,NONE
tx_legit_003928,usr_norm_1685,merch_razorpay_038,243.26,INR,2026-08-09T17:37:53+00:00,dev_fingerprint_0370,192.168.247.10,"Hyderabad, IN",pm_tok_synthetic_02160,63,1,0,1,1,0,NONE
tx_legit_005775,usr_norm_0009,merch_razorpay_011,180.54,INR,2026-08-09T17:39:33+00:00,dev_fingerprint_0030,192.168.138.176,"Kolkata, IN",pm_tok_synthetic_00974,632,1,1,1,2,0,NONE
tx_legit_008626,usr_norm_1860,merch_razorpay_000,349.15,INR,2026-08-09T17:39:52+00:00,dev_fingerprint_0970,192.168.112.89,"Delhi, IN",pm_tok_synthetic_00986,484,2,0,1,1,0,NONE
tx_legit_003545,usr_norm_1456,merch_razorpay_006,339.09,INR,2026-08-09T17:44:39+00:00,dev_fingerprint_1345,10.0.130.149,"Mumbai, IN",pm_tok_synthetic_00359,777,1,0,1,1,0,NONE
tx_legit_002890,usr_norm_0909,merch_razorpay_049,259.3,INR,2026-08-09T17:48:30+00:00,dev_fingerprint_0778,192.168.93.225,"Mumbai, IN",pm_tok_synthetic_02241,288,1,0,1,1,0,NONE
tx_legit_001935,usr_norm_0145,merch_razorpay_024,1489.3,INR,2026-08-09T17:58:52+00:00,dev_fingerprint_1542,192.168.96.111,"Ahmedabad, IN",pm_tok_synthetic_01373,840,3,0,1,1,0,NONE
tx_legit_004985,usr_norm_0945,merch_razorpay_016,508.78,INR,2026-08-09T17:58:56+00:00,dev_fingerprint_0999,192.168.216.164,"Mumbai, IN",pm_tok_synthetic_01684,481,1,0,1,1,0,NONE
tx_legit_007765,usr_norm_0395,merch_razorpay_021,380.38,INR,2026-08-09T18:00:59+00:00,dev_fingerprint_0522,192.168.238.201,"Hyderabad, IN",pm_tok_synthetic_01352,692,1,1,2,2,0,NONE
tx_legit_004383,usr_norm_0748,merch_razorpay_005,994.02,INR,2026-08-09T18:06:51+00:00,dev_fingerprint_0894,192.168.82.191,"Bengaluru, IN",pm_tok_synthetic_01995,694,1,0,1,1,0,NONE
tx_legit_000199,usr_norm_1847,merch_razorpay_011,2157.59,INR,2026-08-09T18:11:20+00:00,dev_fingerprint_0722,192.168.188.34,"Hyderabad, IN",pm_tok_synthetic_01095,545,1,0,1,1,0,NONE
tx_legit_006077,usr_norm_0773,merch_razorpay_017,400.27,INR,2026-08-09T18:14:40+00:00,dev_fingerprint_0190,192.168.252.216,"Mumbai, IN",pm_tok_synthetic_02433,658,1,0,1,2,0,NONE
tx_legit_000728,usr_norm_0593,merch_razorpay_016,800.87,INR,2026-08-09T18:15:06+00:00,dev_fingerprint_0203,192.168.224.4,"Ahmedabad, IN",pm_tok_synthetic_01882,46,2,0,1,1,0,NONE
tx_legit_006518,usr_norm_0706,merch_razorpay_028,932.3,INR,2026-08-09T18:17:17+00:00,dev_fingerprint_1200,192.168.3.171,"Bengaluru, IN",pm_tok_synthetic_00307,52,1,0,3,2,0,NONE
tx_legit_004350,usr_norm_1909,merch_razorpay_006,292.71,INR,2026-08-09T18:21:48+00:00,dev_fingerprint_0769,10.0.36.157,"Chennai, IN",pm_tok_synthetic_00027,449,1,1,1,1,0,NONE
tx_legit_005798,usr_norm_1348,merch_razorpay_015,719.78,INR,2026-08-09T18:23:22+00:00,dev_fingerprint_1306,192.168.18.200,"Bengaluru, IN",pm_tok_synthetic_01552,781,2,0,1,1,0,NONE
tx_legit_006848,usr_norm_1108,merch_razorpay_031,254.79,INR,2026-08-09T18:26:34+00:00,dev_fingerprint_0366,192.168.72.226,"Kolkata, IN",pm_tok_synthetic_02317,705,1,1,1,4,0,NONE
tx_legit_002387,usr_norm_1865,merch_razorpay_040,419.04,INR,2026-08-09T18:27:10+00:00,dev_fingerprint_1215,192.168.121.75,"Chennai, IN",pm_tok_synthetic_02171,892,1,0,1,1,0,NONE
tx_legit_003248,usr_norm_1005,merch_razorpay_019,322.81,INR,2026-08-09T18:29:54+00:00,dev_fingerprint_0218,192.168.87.27,"Kolkata, IN",pm_tok_synthetic_01560,178,1,0,1,1,0,NONE
tx_legit_008874,usr_norm_1793,merch_razorpay_009,1497.69,INR,2026-08-09T18:31:24+00:00,dev_fingerprint_0107,192.168.4.68,"Delhi, IN",pm_tok_synthetic_02201,210,1,0,1,4,0,NONE
tx_legit_005395,usr_norm_0726,merch_razorpay_011,555.61,INR,2026-08-09T18:37:21+00:00,dev_fingerprint_0575,192.168.98.70,"Mumbai, IN",pm_tok_synthetic_02390,572,1,1,1,3,0,NONE
tx_legit_006130,usr_norm_1812,merch_razorpay_003,449.53,INR,2026-08-09T18:41:30+00:00,dev_fingerprint_1306,10.0.66.175,"Ahmedabad, IN",pm_tok_synthetic_00696,621,1,0,1,3,0,NONE
tx_legit_005860,usr_norm_0598,merch_razorpay_015,245.69,INR,2026-08-09T18:44:48+00:00,dev_fingerprint_1340,192.168.172.51,"Ahmedabad, IN",pm_tok_synthetic_01025,114,2,0,1,2,0,NONE
tx_legit_005693,usr_norm_0340,merch_razorpay_001,705.24,INR,2026-08-09T18:47:01+00:00,dev_fingerprint_0979,192.168.59.151,"Mumbai, IN",pm_tok_synthetic_01863,795,1,0,1,2,0,NONE
tx_legit_009167,usr_norm_1998,merch_razorpay_040,640.45,INR,2026-08-09T18:49:30+00:00,dev_fingerprint_0931,10.0.142.241,"Mumbai, IN",pm_tok_synthetic_02035,286,1,0,2,2,0,NONE
tx_legit_009144,usr_norm_0904,merch_razorpay_021,1109.33,INR,2026-08-09T18:51:32+00:00,dev_fingerprint_0252,192.168.218.32,"Mumbai, IN",pm_tok_synthetic_00153,414,1,0,1,2,0,NONE
tx_legit_001854,usr_norm_0823,merch_razorpay_045,797.2,INR,2026-08-09T18:51:47+00:00,dev_fingerprint_0620,192.168.208.46,"Delhi, IN",pm_tok_synthetic_01148,893,2,0,1,1,0,NONE
tx_legit_000161,usr_norm_1860,merch_razorpay_036,169.51,INR,2026-08-09T18:59:34+00:00,dev_fingerprint_0970,192.168.112.89,"Ahmedabad, IN",pm_tok_synthetic_01720,484,1,2,1,1,0,NONE
tx_legit_002823,usr_norm_0350,merch_razorpay_037,629.87,INR,2026-08-09T19:01:32+00:00,dev_fingerprint_0238,192.168.69.212,"Delhi, IN",pm_tok_synthetic_01342,764,1,0,1,3,0,NONE
tx_legit_000185,usr_norm_1435,merch_razorpay_045,800.6,INR,2026-08-09T19:05:58+00:00,dev_fingerprint_0989,192.168.179.242,"Bengaluru, IN",pm_tok_synthetic_00578,741,1,0,1,1,0,NONE
tx_legit_001421,usr_norm_0114,merch_razorpay_004,341.95,INR,2026-08-09T19:09:29+00:00,dev_fingerprint_1144,192.168.174.192,"Bengaluru, IN",pm_tok_synthetic_01345,862,1,0,1,2,0,NONE
tx_legit_003120,usr_norm_1376,merch_razorpay_028,1265.26,INR,2026-08-09T19:14:38+00:00,dev_fingerprint_0822,192.168.244.90,"Kolkata, IN",pm_tok_synthetic_01382,703,2,0,1,1,0,NONE
tx_legit_007614,usr_norm_0732,merch_razorpay_034,290.34,INR,2026-08-09T19:15:25+00:00,dev_fingerprint_0484,192.168.63.79,"Ahmedabad, IN",pm_tok_synthetic_01302,855,3,0,1,2,0,NONE
tx_legit_005587,usr_norm_0420,merch_razorpay_037,423.9,INR,2026-08-09T19:24:17+00:00,dev_fingerprint_0344,192.168.119.106,"Bengaluru, IN",pm_tok_synthetic_01442,203,1,0,1,2,0,NONE
tx_legit_002318,usr_norm_0664,merch_razorpay_008,484.77,INR,2026-08-09T19:24:50+00:00,dev_fingerprint_0107,192.168.87.205,"Chennai, IN",pm_tok_synthetic_00914,853,1,0,1,1,0,NONE
tx_legit_003521,usr_norm_0792,merch_razorpay_022,571.24,INR,2026-08-09T19:33:28+00:00,dev_fingerprint_0550,192.168.63.213,"Bengaluru, IN",pm_tok_synthetic_00252,184,1,0,1,1,0,NONE
tx_legit_005959,usr_norm_0477,merch_razorpay_014,677.1,INR,2026-08-09T19:34:12+00:00,dev_fingerprint_0173,192.168.23.81,"Hyderabad, IN",pm_tok_synthetic_02291,278,1,0,1,1,0,NONE
tx_legit_004623,usr_norm_0517,merch_razorpay_035,1106.42,INR,2026-08-09T19:37:48+00:00,dev_fingerprint_0706,192.168.87.27,"Delhi, IN",pm_tok_synthetic_01977,137,1,0,1,1,0,NONE
tx_legit_000673,usr_norm_1415,merch_razorpay_023,820.51,INR,2026-08-09T19:47:12+00:00,dev_fingerprint_1429,192.168.188.125,"Bengaluru, IN",pm_tok_synthetic_00552,522,3,0,1,1,0,NONE
tx_legit_007860,usr_norm_0822,merch_razorpay_045,236.73,INR,2026-08-09T19:50:49+00:00,dev_fingerprint_0762,192.168.207.41,"Ahmedabad, IN",pm_tok_synthetic_01383,867,1,0,1,1,0,NONE
tx_legit_008124,usr_norm_1604,merch_razorpay_008,504.56,INR,2026-08-09T19:55:44+00:00,dev_fingerprint_1430,192.168.193.100,"Hyderabad, IN",pm_tok_synthetic_00398,496,1,0,2,3,0,NONE
tx_legit_005132,usr_norm_1040,merch_razorpay_028,901.26,INR,2026-08-09T20:06:30+00:00,dev_fingerprint_1397,192.168.91.57,"Kolkata, IN",pm_tok_synthetic_01314,420,1,0,2,2,0,NONE
tx_legit_008972,usr_norm_0417,merch_razorpay_018,1362.08,INR,2026-08-09T20:06:33+00:00,dev_fingerprint_1166,192.168.114.43,"Bengaluru, IN",pm_tok_synthetic_01006,541,1,0,2,1,0,NONE
tx_legit_007195,usr_norm_1976,merch_razorpay_029,222.83,INR,2026-08-09T20:16:26+00:00,dev_fingerprint_0834,192.168.216.164,"Mumbai, IN",pm_tok_synthetic_01287,156,1,0,2,1,0,NONE
tx_legit_000041,usr_norm_0951,merch_razorpay_016,843.65,INR,2026-08-09T20:17:16+00:00,dev_fingerprint_1355,192.168.30.249,"Bengaluru, IN",pm_tok_synthetic_01018,523,2,0,1,2,0,NONE
tx_legit_000827,usr_norm_1468,merch_razorpay_017,2031.52,INR,2026-08-09T20:19:33+00:00,dev_fingerprint_0298,10.0.81.210,"Bengaluru, IN",pm_tok_synthetic_00120,813,1,0,1,1,0,NONE
tx_legit_002333,usr_norm_0613,merch_razorpay_016,460.26,INR,2026-08-09T20:25:38+00:00,dev_fingerprint_1331,192.168.240.226,"Mumbai, IN",pm_tok_synthetic_01802,389,2,0,1,1,0,NONE
tx_legit_002100,usr_norm_0085,merch_razorpay_014,449.6,INR,2026-08-09T20:26:22+00:00,dev_fingerprint_1286,192.168.98.84,"Hyderabad, IN",pm_tok_synthetic_01900,802,1,0,1,1,0,NONE
tx_legit_000803,usr_norm_1205,merch_razorpay_000,400.35,INR,2026-08-09T20:29:14+00:00,dev_fingerprint_0695,192.168.241.244,"Hyderabad, IN",pm_tok_synthetic_01879,727,1,0,1,1,0,NONE
tx_legit_006146,usr_norm_1940,merch_razorpay_037,498.58,INR,2026-08-09T20:29:40+00:00,dev_fingerprint_0696,192.168.248.217,"Bengaluru, IN",pm_tok_synthetic_00667,134,2,0,1,1,0,NONE
tx_legit_000212,usr_norm_1715,merch_razorpay_009,973.94,INR,2026-08-09T20:32:23+00:00,dev_fingerprint_1326,192.168.72.226,"Bengaluru, IN",pm_tok_synthetic_00756,143,1,0,1,3,0,NONE
tx_legit_007484,usr_norm_1209,merch_razorpay_041,1457.28,INR,2026-08-09T20:32:24+00:00,dev_fingerprint_1436,192.168.153.11,"Chennai, IN",pm_tok_synthetic_01293,452,1,0,1,1,0,NONE
tx_legit_005517,usr_norm_0015,merch_razorpay_041,458.58,INR,2026-08-09T20:39:13+00:00,dev_fingerprint_0453,192.168.243.10,"Kolkata, IN",pm_tok_synthetic_00177,774,1,0,1,1,0,NONE
tx_legit_002136,usr_norm_0942,merch_razorpay_009,612.63,INR,2026-08-09T20:43:41+00:00,dev_fingerprint_0897,192.168.64.50,"Mumbai, IN",pm_tok_synthetic_01555,827,1,0,1,2,0,NONE
tx_legit_004696,usr_norm_0059,merch_razorpay_037,1180.61,INR,2026-08-09T20:45:54+00:00,dev_fingerprint_0227,192.168.190.114,"Pune, IN",pm_tok_synthetic_02429,528,1,0,1,1,0,NONE
tx_legit_001003,usr_norm_1194,merch_razorpay_030,423.03,INR,2026-08-09T20:46:52+00:00,dev_fingerprint_1441,192.168.55.234,"Delhi, IN",pm_tok_synthetic_00369,592,1,0,1,1,0,NONE
tx_legit_004524,usr_norm_1041,merch_razorpay_012,490.18,INR,2026-08-09T20:51:19+00:00,dev_fingerprint_1537,192.168.120.114,"Chennai, IN",pm_tok_synthetic_01430,583,2,0,1,1,0,NONE
tx_legit_004498,usr_norm_1105,merch_razorpay_039,331.81,INR,2026-08-09T20:56:07+00:00,dev_fingerprint_1028,192.168.56.60,"Ahmedabad, IN",pm_tok_synthetic_00978,898,1,0,1,1,0,NONE
tx_legit_007449,usr_norm_0277,merch_razorpay_018,398.63,INR,2026-08-09T20:57:57+00:00,dev_fingerprint_0678,192.168.203.161,"Delhi, IN",pm_tok_synthetic_00448,456,1,0,1,1,0,NONE
tx_legit_000913,usr_norm_1315,merch_razorpay_026,1183.59,INR,2026-08-09T21:04:00+00:00,dev_fingerprint_0781,192.168.192.24,"Bengaluru, IN",pm_tok_synthetic_00051,154,2,0,1,1,0,NONE
tx_legit_004218,usr_norm_0416,merch_razorpay_020,480.39,INR,2026-08-09T21:05:13+00:00,dev_fingerprint_0401,192.168.59.58,"Chennai, IN",pm_tok_synthetic_00942,418,1,0,1,4,0,NONE
tx_legit_002755,usr_norm_0850,merch_razorpay_001,664.62,INR,2026-08-09T21:09:10+00:00,dev_fingerprint_0625,192.168.209.126,"Ahmedabad, IN",pm_tok_synthetic_01127,463,1,0,1,2,0,NONE
tx_legit_004751,usr_norm_0381,merch_razorpay_045,871.65,INR,2026-08-09T21:13:16+00:00,dev_fingerprint_1224,10.0.228.202,"Chennai, IN",pm_tok_synthetic_01313,272,1,0,1,3,0,NONE
tx_legit_003209,usr_norm_0002,merch_razorpay_027,742.03,INR,2026-08-09T21:15:19+00:00,dev_fingerprint_0683,192.168.19.3,"Delhi, IN",pm_tok_synthetic_00515,835,1,2,1,1,0,NONE
tx_legit_004217,usr_norm_1163,merch_razorpay_008,615.07,INR,2026-08-09T21:18:52+00:00,dev_fingerprint_0420,192.168.120.177,"Delhi, IN",pm_tok_synthetic_01293,448,1,0,1,1,0,NONE
tx_legit_000828,usr_norm_1785,merch_razorpay_044,145.22,INR,2026-08-09T21:19:06+00:00,dev_fingerprint_1505,192.168.246.167,"Mumbai, IN",pm_tok_synthetic_00898,505,2,0,1,2,0,NONE
tx_legit_008862,usr_norm_1506,merch_razorpay_021,323.27,INR,2026-08-09T21:20:48+00:00,dev_fingerprint_1072,192.168.121.133,"Delhi, IN",pm_tok_synthetic_01573,774,1,0,1,2,0,NONE
tx_legit_001707,usr_norm_1476,merch_razorpay_011,361.46,INR,2026-08-09T21:23:55+00:00,dev_fingerprint_1028,192.168.223.98,"Bengaluru, IN",pm_tok_synthetic_02476,510,1,0,1,1,0,NONE
tx_legit_003191,usr_norm_0112,merch_razorpay_002,219.62,INR,2026-08-09T21:24:58+00:00,dev_fingerprint_1611,192.168.59.247,"Hyderabad, IN",pm_tok_synthetic_01605,162,1,0,2,1,0,NONE
tx_fraud_000105,usr_fraud_ringA_004,merch_razorpay_003,11827.45,INR,2026-08-09T21:29:06+00:00,dev_fraud_ring_A_1,198.51.100.49,"Kolkata, IN",pm_tok_ringA_008,9,9,1,7,3,1,DEVICE_SHARING_RING
tx_legit_003450,usr_norm_1447,merch_razorpay_022,378.91,INR,2026-08-09T21:32:54+00:00,dev_fingerprint_0937,192.168.212.188,"Pune, IN",pm_tok_synthetic_00088,70,3,0,2,1,0,NONE
tx_legit_007952,usr_norm_1807,merch_razorpay_006,619.96,INR,2026-08-09T21:35:17+00:00,dev_fingerprint_0687,192.168.62.225,"Ahmedabad, IN",pm_tok_synthetic_00131,738,2,0,1,1,0,NONE
tx_legit_007152,usr_norm_0458,merch_razorpay_039,391.51,INR,2026-08-09T21:38:53+00:00,dev_fingerprint_0475,192.168.76.92,"Kolkata, IN",pm_tok_synthetic_00311,378,1,0,1,1,0,NONE
tx_legit_006018,usr_norm_0656,merch_razorpay_041,1184.11,INR,2026-08-09T21:40:58+00:00,dev_fingerprint_1480,192.168.96.196,"Chennai, IN",pm_tok_synthetic_00935,788,1,2,1,2,0,NONE
tx_legit_005098,usr_norm_0736,merch_razorpay_020,653.0,INR,2026-08-09T21:41:59+00:00,dev_fingerprint_1008,192.168.137.110,"Ahmedabad, IN",pm_tok_synthetic_00007,209,4,0,1,1,0,NONE
tx_legit_000117,usr_norm_1457,merch_razorpay_011,826.02,INR,2026-08-09T21:43:41+00:00,dev_fingerprint_0782,192.168.247.192,"Kolkata, IN",pm_tok_synthetic_00931,457,1,0,1,1,0,NONE
tx_legit_006137,usr_norm_1577,merch_razorpay_008,647.11,INR,2026-08-09T21:46:03+00:00,dev_fingerprint_1072,192.168.250.205,"Mumbai, IN",pm_tok_synthetic_01340,176,1,0,1,1,0,NONE
tx_legit_003060,usr_norm_1410,merch_razorpay_040,158.39,INR,2026-08-09T21:50:23+00:00,dev_fingerprint_0454,192.168.185.229,"Kolkata, IN",pm_tok_synthetic_01186,835,1,0,1,1,0,NONE
tx_legit_005022,usr_norm_1835,merch_razorpay_044,947.46,INR,2026-08-09T21:57:16+00:00,dev_fingerprint_0607,192.168.171.136,"Pune, IN",pm_tok_synthetic_01105,744,2,0,1,2,0,NONE
tx_legit_004148,usr_norm_0237,merch_razorpay_029,671.82,INR,2026-08-09T21:59:50+00:00,dev_fingerprint_0618,192.168.120.236,"Kolkata, IN",pm_tok_synthetic_01003,854,1,0,1,1,0,NONE
tx_legit_006207,usr_norm_1826,merch_razorpay_005,306.95,INR,2026-08-09T22:01:21+00:00,dev_fingerprint_0271,192.168.185.241,"Chennai, IN",pm_tok_synthetic_01211,274,4,1,2,4,0,NONE
tx_legit_007713,usr_norm_0421,merch_razorpay_008,463.64,INR,2026-08-09T22:14:25+00:00,dev_fingerprint_0286,192.168.127.74,"Chennai, IN",pm_tok_synthetic_02238,530,1,0,1,1,0,NONE
tx_legit_006930,usr_norm_1176,merch_razorpay_020,592.42,INR,2026-08-09T22:16:22+00:00,dev_fingerprint_0693,192.168.248.152,"Hyderabad, IN",pm_tok_synthetic_02255,658,1,1,1,1,0,NONE
tx_legit_004815,usr_norm_0140,merch_razorpay_023,605.89,INR,2026-08-09T22:27:23+00:00,dev_fingerprint_0895,192.168.17.99,"Ahmedabad, IN",pm_tok_synthetic_00909,866,3,0,1,3,0,NONE
tx_legit_008705,usr_norm_1849,merch_razorpay_015,371.28,INR,2026-08-09T22:27:41+00:00,dev_fingerprint_0129,192.168.76.142,"Pune, IN",pm_tok_synthetic_01414,493,1,0,2,1,0,NONE
tx_legit_008286,usr_norm_0564,merch_razorpay_037,308.23,INR,2026-08-09T22:27:56+00:00,dev_fingerprint_0870,192.168.88.29,"Delhi, IN",pm_tok_synthetic_01013,334,2,1,1,1,0,NONE
tx_legit_007137,usr_norm_0106,merch_razorpay_037,766.68,INR,2026-08-09T22:30:09+00:00,dev_fingerprint_1224,192.168.240.175,"Chennai, IN",pm_tok_synthetic_01370,97,2,1,3,1,0,NONE
tx_fraud_000456,usr_fraud_reuseC_015,merch_razorpay_033,5462.57,INR,2026-08-09T22:40:46+00:00,dev_reuseC_005,198.51.100.100,"Mumbai, IN",pm_tok_stolen_C_001,0,8,2,5,5,1,PAYMENT_REF_REUSE
tx_fraud_000332,usr_fraud_reuseC_011,merch_razorpay_033,10246.62,INR,2026-08-09T22:44:41+00:00,dev_reuseC_024,198.51.100.159,"Ahmedabad, IN",pm_tok_stolen_C_003,2,7,2,2,2,1,PAYMENT_REF_REUSE
tx_fraud_000061,usr_fraud_ringA_010,merch_razorpay_040,15436.95,INR,2026-08-09T22:49:26+00:00,dev_fraud_ring_A_2,198.51.100.79,"Hyderabad, IN",pm_tok_ringA_006,2,12,1,12,6,1,DEVICE_SHARING_RING
tx_legit_003061,usr_norm_1562,merch_razorpay_040,309.54,INR,2026-08-09T22:53:28+00:00,dev_fingerprint_1097,192.168.2.195,"Delhi, IN",pm_tok_synthetic_00853,621,2,0,1,1,0,NONE
tx_legit_005207,usr_norm_0582,merch_razorpay_034,331.08,INR,2026-08-09T22:57:13+00:00,dev_fingerprint_1297,192.168.98.99,"Bengaluru, IN",pm_tok_synthetic_00381,442,2,0,1,1,0,NONE
tx_legit_007113,usr_norm_1565,merch_razorpay_024,1510.97,INR,2026-08-09T22:57:27+00:00,dev_fingerprint_0768,192.168.224.4,"Bengaluru, IN",pm_tok_synthetic_02188,892,1,0,1,1,0,NONE
tx_legit_003679,usr_norm_1113,merch_razorpay_026,86.36,INR,2026-08-09T23:16:28+00:00,dev_fingerprint_0739,192.168.55.131,"Kolkata, IN",pm_tok_synthetic_01923,495,2,0,1,1,0,NONE
tx_legit_002102,usr_norm_0928,merch_razorpay_002,442.53,INR,2026-08-09T23:24:25+00:00,dev_fingerprint_0540,192.168.196.148,"Chennai, IN",pm_tok_synthetic_00205,132,1,0,1,1,0,NONE
tx_legit_002361,usr_norm_0659,merch_razorpay_036,555.05,INR,2026-08-09T23:25:45+00:00,dev_fingerprint_0784,192.168.251.102,"Bengaluru, IN",pm_tok_synthetic_00614,213,1,0,1,3,0,NONE
tx_legit_007655,usr_norm_0806,merch_razorpay_009,924.39,INR,2026-08-09T23:26:10+00:00,dev_fingerprint_0654,192.168.124.248,"Chennai, IN",pm_tok_synthetic_00274,119,1,0,1,1,0,NONE
tx_legit_002960,usr_norm_0133,merch_razorpay_004,286.04,INR,2026-08-09T23:26:24+00:00,dev_fingerprint_0782,192.168.5.192,"Chennai, IN",pm_tok_synthetic_02160,458,1,0,1,1,0,NONE
tx_legit_008266,usr_norm_1634,merch_razorpay_002,352.69,INR,2026-08-09T23:35:33+00:00,dev_fingerprint_1183,192.168.74.61,"Bengaluru, IN",pm_tok_synthetic_00801,240,2,0,1,1,0,NONE
tx_legit_006094,usr_norm_1312,merch_razorpay_029,829.93,INR,2026-08-09T23:37:09+00:00,dev_fingerprint_0299,192.168.187.63,"Mumbai, IN",pm_tok_synthetic_01091,824,1,1,1,1,0,NONE
tx_legit_003766,usr_norm_1191,merch_razorpay_013,863.28,INR,2026-08-09T23:39:59+00:00,dev_fingerprint_0177,192.168.217.14,"Pune, IN",pm_tok_synthetic_01636,391,1,0,1,3,0,NONE
tx_legit_001986,usr_norm_1089,merch_razorpay_027,568.34,INR,2026-08-09T23:52:01+00:00,dev_fingerprint_0453,192.168.209.126,"Hyderabad, IN",pm_tok_synthetic_01786,313,1,0,1,1,0,NONE
tx_fraud_000563,usr_fraud_anomD_082,merch_razorpay_036,49018.79,INR,2026-08-09T23:54:30+00:00,dev_anomD_082,192.0.2.32,Unknown / VPN Node,pm_tok_anomD_082,2,6,3,2,2,1,BEHAVIORAL_ANOMALY
tx_legit_006543,usr_norm_0799,merch_razorpay_004,288.46,INR,2026-08-09T23:55:23+00:00,dev_fingerprint_0808,192.168.34.202,"Chennai, IN",pm_tok_synthetic_00142,544,1,0,1,1,0,NONE
tx_legit_002236,usr_norm_0513,merch_razorpay_013,423.87,INR,2026-08-10T00:01:51+00:00,dev_fingerprint_1045,192.168.205.62,"Ahmedabad, IN",pm_tok_synthetic_02124,601,1,0,3,1,0,NONE
tx_legit_007753,usr_norm_0008,merch_razorpay_000,367.57,INR,2026-08-10T00:10:10+00:00,dev_fingerprint_0357,192.168.130.234,"Ahmedabad, IN",pm_tok_synthetic_00105,164,1,0,1,1,0,NONE
tx_legit_005680,usr_norm_0684,merch_razorpay_011,239.65,INR,2026-08-10T00:11:11+00:00,dev_fingerprint_1571,192.168.193.119,"Chennai, IN",pm_tok_synthetic_00255,475,1,0,1,1,0,NONE
tx_fraud_000446,usr_fraud_reuseC_005,merch_razorpay_005,21488.25,INR,2026-08-10T00:17:43+00:00,dev_reuseC_016,198.51.100.198,"Hyderabad, IN",pm_tok_stolen_C_004,0,9,2,3,3,1,PAYMENT_REF_REUSE
tx_fraud_000007,usr_fraud_ringA_006,merch_razorpay_015,15585.54,INR,2026-08-10T00:20:16+00:00,dev_fraud_ring_A_4,198.51.100.18,"Delhi, IN",pm_tok_ringA_001,1,4,3,9,5,1,DEVICE_SHARING_RING
tx_legit_002922,usr_norm_0904,merch_razorpay_018,1256.51,INR,2026-08-10T00:20:42+00:00,dev_fingerprint_0252,192.168.218.32,"Ahmedabad, IN",pm_tok_synthetic_00153,414,2,1,1,2,0,NONE
tx_legit_002226,usr_norm_1887,merch_razorpay_028,159.45,INR,2026-08-10T00:21:20+00:00,dev_fingerprint_0980,10.0.254.114,"Chennai, IN",pm_tok_synthetic_00164,172,1,0,1,1,0,NONE
tx_legit_001168,usr_norm_1804,merch_razorpay_042,370.84,INR,2026-08-10T00:23:50+00:00,dev_fingerprint_0931,192.168.104.187,"Ahmedabad, IN",pm_tok_synthetic_01586,412,3,2,1,2,0,NONE
tx_legit_008687,usr_norm_1364,merch_razorpay_001,972.32,INR,2026-08-10T00:26:26+00:00,dev_fingerprint_1308,192.168.143.57,"Delhi, IN",pm_tok_synthetic_01478,601,1,0,1,1,0,NONE
tx_legit_006992,usr_norm_0602,merch_razorpay_013,772.22,INR,2026-08-10T00:27:17+00:00,dev_fingerprint_1342,10.0.199.237,"Ahmedabad, IN",pm_tok_synthetic_00389,31,2,0,1,2,0,NONE
tx_legit_005787,usr_norm_0024,merch_razorpay_007,686.76,INR,2026-08-10T00:27:28+00:00,dev_fingerprint_1086,192.168.33.11,"Ahmedabad, IN",pm_tok_synthetic_00675,547,1,2,1,2,0,NONE
tx_legit_004679,usr_norm_1379,merch_razorpay_022,465.08,INR,2026-08-10T00:27:36+00:00,dev_fingerprint_0664,192.168.21.157,"Kolkata, IN",pm_tok_synthetic_01522,452,1,0,1,1,0,NONE
tx_legit_003862,usr_norm_1988,merch_razorpay_024,1332.91,INR,2026-08-10T00:30:13+00:00,dev_fingerprint_1348,192.168.51.109,"Bengaluru, IN",pm_tok_synthetic_00348,152,1,0,3,1,0,NONE
tx_legit_007428,usr_norm_1935,merch_razorpay_036,440.41,INR,2026-08-10T00:34:07+00:00,dev_fingerprint_1402,192.168.33.129,"Bengaluru, IN",pm_tok_synthetic_01233,307,1,0,1,1,0,NONE
tx_fraud_000442,usr_fraud_reuseC_001,merch_razorpay_031,4180.11,INR,2026-08-10T00:36:33+00:00,dev_reuseC_020,198.51.100.129,"Pune, IN",pm_tok_stolen_C_001,2,5,2,2,6,1,PAYMENT_REF_REUSE
tx_legit_003315,usr_norm_1934,merch_razorpay_042,344.8,INR,2026-08-10T00:36:45+00:00,dev_fingerprint_0342,192.168.170.95,"Chennai, IN",pm_tok_synthetic_01321,353,1,0,1,1,0,NONE
tx_legit_003153,usr_norm_0125,merch_razorpay_030,341.72,INR,2026-08-10T00:38:48+00:00,dev_fingerprint_1418,192.168.107.88,"Bengaluru, IN",pm_tok_synthetic_00678,768,1,0,1,1,0,NONE
tx_legit_003552,usr_norm_1416,merch_razorpay_038,1310.66,INR,2026-08-10T00:40:24+00:00,dev_fingerprint_1797,192.168.124.55,"Bengaluru, IN",pm_tok_synthetic_01998,434,2,0,1,1,0,NONE
tx_legit_006391,usr_norm_0197,merch_razorpay_012,1756.24,INR,2026-08-10T00:44:59+00:00,dev_fingerprint_1239,192.168.57.2,"Chennai, IN",pm_tok_synthetic_01842,409,1,0,1,2,0,NONE
tx_legit_001170,usr_norm_1413,merch_razorpay_043,422.34,INR,2026-08-10T00:45:22+00:00,dev_fingerprint_0100,192.168.126.28,"Delhi, IN",pm_tok_synthetic_01635,298,2,1,1,2,0,NONE
tx_legit_006430,usr_norm_0460,merch_razorpay_034,940.33,INR,2026-08-10T00:45:48+00:00,dev_fingerprint_0668,192.168.207.12,"Hyderabad, IN",pm_tok_synthetic_01119,832,1,0,1,1,0,NONE
tx_legit_000839,usr_norm_1627,merch_razorpay_029,326.74,INR,2026-08-10T00:47:05+00:00,dev_fingerprint_0142,10.0.73.230,"Pune, IN",pm_tok_synthetic_00445,731,1,0,1,1,0,NONE
tx_legit_004842,usr_norm_0475,merch_razorpay_005,209.41,INR,2026-08-10T00:52:17+00:00,dev_fingerprint_0664,192.168.65.117,"Hyderabad, IN",pm_tok_synthetic_01577,42,1,0,1,4,0,NONE
tx_legit_001041,usr_norm_0030,merch_razorpay_012,278.84,INR,2026-08-10T00:57:55+00:00,dev_fingerprint_0874,192.168.7.46,"Delhi, IN",pm_tok_synthetic_01044,413,1,0,1,1,0,NONE
tx_legit_005368,usr_norm_1532,merch_razorpay_045,960.33,INR,2026-08-10T01:00:25+00:00,dev_fingerprint_1127,192.168.59.211,"Delhi, IN",pm_tok_synthetic_01199,512,1,0,1,1,0,NONE
tx_legit_002308,usr_norm_0554,merch_razorpay_046,484.25,INR,2026-08-10T01:06:45+00:00,dev_fingerprint_1337,192.168.55.117,"Pune, IN",pm_tok_synthetic_01675,731,1,0,1,1,0,NONE
tx_legit_008220,usr_norm_0460,merch_razorpay_022,90.68,INR,2026-08-10T01:24:23+00:00,dev_fingerprint_0668,192.168.207.12,"Ahmedabad, IN",pm_tok_synthetic_01119,832,1,0,1,1,0,NONE
tx_legit_001978,usr_norm_1266,merch_razorpay_019,644.77,INR,2026-08-10T01:25:31+00:00,dev_fingerprint_1762,10.0.101.104,"Bengaluru, IN",pm_tok_synthetic_02404,563,3,0,1,1,0,NONE
tx_fraud_000339,usr_fraud_reuseC_018,merch_razorpay_029,14982.85,INR,2026-08-10T01:29:19+00:00,dev_reuseC_007,198.51.100.123,"Kolkata, IN",pm_tok_stolen_C_005,0,5,3,3,6,1,PAYMENT_REF_REUSE
tx_legit_005243,usr_norm_0548,merch_razorpay_046,728.99,INR,2026-08-10T01:33:25+00:00,dev_fingerprint_1321,192.168.211.164,"Ahmedabad, IN",pm_tok_synthetic_00709,598,1,0,1,3,0,NONE
tx_legit_004338,usr_norm_0560,merch_razorpay_041,134.04,INR,2026-08-10T01:33:44+00:00,dev_fingerprint_1046,192.168.216.164,"Kolkata, IN",pm_tok_synthetic_02345,146,2,0,1,3,0,NONE
tx_fraud_000403,usr_fraud_reuseC_002,merch_razorpay_047,3025.13,INR,2026-08-10T01:35:55+00:00,dev_reuseC_016,198.51.100.144,"Bengaluru, IN",pm_tok_stolen_C_001,2,8,0,4,2,1,PAYMENT_REF_REUSE
tx_legit_007540,usr_norm_0768,merch_razorpay_047,264.46,INR,2026-08-10T01:36:51+00:00,dev_fingerprint_1604,192.168.173.221,"Bengaluru, IN",pm_tok_synthetic_00666,492,2,0,1,1,0,NONE
tx_legit_000576,usr_norm_1603,merch_razorpay_048,676.11,INR,2026-08-10T01:38:44+00:00,dev_fingerprint_0953,192.168.193.119,"Pune, IN",pm_tok_synthetic_00539,125,1,0,2,2,0,NONE
tx_legit_002991,usr_norm_1893,merch_razorpay_026,277.57,INR,2026-08-10T01:41:21+00:00,dev_fingerprint_0046,192.168.57.36,"Delhi, IN",pm_tok_synthetic_02205,899,4,0,1,2,0,NONE
tx_legit_003873,usr_norm_0457,merch_razorpay_011,467.95,INR,2026-08-10T01:42:28+00:00,dev_fingerprint_0708,192.168.166.19,"Pune, IN",pm_tok_synthetic_00400,477,2,0,1,1,0,NONE
tx_legit_003740,usr_norm_1302,merch_razorpay_032,1194.95,INR,2026-08-10T01:45:57+00:00,dev_fingerprint_1304,192.168.105.85,"Chennai, IN",pm_tok_synthetic_01854,308,1,0,1,2,0,NONE
tx_legit_004791,usr_norm_1985,merch_razorpay_001,658.54,INR,2026-08-10T01:46:37+00:00,dev_fingerprint_0974,10.0.22.120,"Bengaluru, IN",pm_tok_synthetic_01505,213,2,0,2,1,0,NONE
tx_legit_006561,usr_norm_1416,merch_razorpay_028,1538.26,INR,2026-08-10T01:54:59+00:00,dev_fingerprint_1145,192.168.124.55,"Ahmedabad, IN",pm_tok_synthetic_01998,434,2,0,1,1,0,NONE
tx_legit_006143,usr_norm_0236,merch_razorpay_043,302.16,INR,2026-08-10T01:58:56+00:00,dev_fingerprint_1284,192.168.166.88,"Pune, IN",pm_tok_synthetic_01186,687,3,0,1,2,0,NONE
tx_legit_004550,usr_norm_1665,merch_razorpay_038,371.22,INR,2026-08-10T02:06:06+00:00,dev_fingerprint_0572,192.168.98.123,"Bengaluru, IN",pm_tok_synthetic_02117,110,1,0,1,4,0,NONE
tx_legit_002780,usr_norm_0713,merch_razorpay_028,922.73,INR,2026-08-10T02:09:25+00:00,dev_fingerprint_0724,192.168.139.16,"Ahmedabad, IN",pm_tok_synthetic_00766,311,1,0,1,4,0,NONE
tx_legit_005487,usr_norm_0086,merch_razorpay_024,263.57,INR,2026-08-10T02:09:47+00:00,dev_fingerprint_1154,10.0.144.24,"Mumbai, IN",pm_tok_synthetic_02373,489,1,0,2,4,0,NONE
tx_legit_005751,usr_norm_0552,merch_razorpay_031,604.65,INR,2026-08-10T02:17:08+00:00,dev_fingerprint_0992,192.168.243.141,"Delhi, IN",pm_tok_synthetic_00799,864,1,0,1,1,0,NONE
tx_legit_001726,usr_norm_0020,merch_razorpay_016,492.34,INR,2026-08-10T02:21:04+00:00,dev_fingerprint_0908,10.0.132.172,"Kolkata, IN",pm_tok_synthetic_00330,359,1,0,1,2,0,NONE
tx_legit_006623,usr_norm_1771,merch_razorpay_038,417.3,INR,2026-08-10T02:30:55+00:00,dev_fingerprint_0083,192.168.137.197,"Bengaluru, IN",pm_tok_synthetic_00409,840,1,0,1,2,0,NONE
tx_legit_003923,usr_norm_0550,merch_razorpay_040,395.33,INR,2026-08-10T02:31:53+00:00,dev_fingerprint_0383,192.168.86.201,"Chennai, IN",pm_tok_synthetic_01847,664,2,0,1,2,0,NONE
tx_legit_005945,usr_norm_0101,merch_razorpay_029,529.88,INR,2026-08-10T02:33:03+00:00,dev_fingerprint_1323,192.168.109.106,"Mumbai, IN",pm_tok_synthetic_00160,283,1,0,1,1,0,NONE
tx_legit_003098,usr_norm_0388,merch_razorpay_020,286.62,INR,2026-08-10T02:33:16+00:00,dev_fingerprint_1426,10.0.191.168,"Pune, IN",pm_tok_synthetic_01672,182,1,0,1,2,0,NONE
tx_legit_003004,usr_norm_0991,merch_razorpay_022,138.29,INR,2026-08-10T02:33:58+00:00,dev_fingerprint_1247,10.0.27.205,"Hyderabad, IN",pm_tok_synthetic_01016,310,2,0,2,1,0,NONE
tx_legit_002842,usr_norm_1314,merch_razorpay_015,174.42,INR,2026-08-10T02:40:22+00:00,dev_fingerprint_0371,192.168.139.215,"Kolkata, IN",pm_tok_synthetic_01024,866,2,0,1,1,0,NONE
tx_legit_006455,usr_norm_1387,merch_razorpay_000,157.55,INR,2026-08-10T02:43:46+00:00,dev_fingerprint_0439,192.168.231.74,"Chennai, IN",pm_tok_synthetic_01289,52,2,0,1,2,0,NONE
tx_legit_008181,usr_norm_1228,merch_razorpay_035,588.35,INR,2026-08-10T02:45:46+00:00,dev_fingerprint_1107,192.168.250.237,"Chennai, IN",pm_tok_synthetic_02058,385,1,0,1,1,0,NONE
tx_legit_002188,usr_norm_0642,merch_razorpay_004,290.5,INR,2026-08-10T02:53:44+00:00,dev_fingerprint_0500,192.168.13.221,"Hyderabad, IN",pm_tok_synthetic_01779,148,1,0,1,1,0,NONE
tx_legit_000966,usr_norm_0463,merch_razorpay_006,284.57,INR,2026-08-10T03:01:33+00:00,dev_fingerprint_0380,192.168.69.212,"Bengaluru, IN",pm_tok_synthetic_02399,706,1,0,1,2,0,NONE
tx_legit_007038,usr_norm_0806,merch_razorpay_014,168.04,INR,2026-08-10T03:09:37+00:00,dev_fingerprint_0654,192.168.124.248,"Hyderabad, IN",pm_tok_synthetic_00274,119,1,1,1,2,0,NONE
tx_legit_005289,usr_norm_1648,merch_razorpay_011,1023.9,INR,2026-08-10T03:09:53+00:00,dev_fingerprint_0737,192.168.38.63,"Mumbai, IN",pm_tok_synthetic_01708,187,1,0,1,2,0,NONE
tx_legit_008843,usr_norm_1037,merch_razorpay_004,828.86,INR,2026-08-10T03:12:11+00:00,dev_fingerprint_1149,192.168.139.10,"Mumbai, IN",pm_tok_synthetic_00036,147,1,0,1,1,0,NONE
tx_legit_008284,usr_norm_1044,merch_razorpay_040,1634.13,INR,2026-08-10T03:22:26+00:00,dev_fingerprint_0996,192.168.21.219,"Chennai, IN",pm_tok_synthetic_01214,697,1,0,1,1,0,NONE
tx_legit_000112,usr_norm_1162,merch_razorpay_036,371.62,INR,2026-08-10T03:25:49+00:00,dev_fingerprint_1064,10.0.40.251,"Kolkata, IN",pm_tok_synthetic_01352,700,1,0,2,2,0,NONE
tx_legit_006165,usr_norm_1475,merch_razorpay_006,289.64,INR,2026-08-10T03:25:53+00:00,dev_fingerprint_0162,192.168.120.177,"Kolkata, IN",pm_tok_synthetic_01952,167,1,0,1,1,0,NONE
tx_legit_001354,usr_norm_1915,merch_razorpay_049,312.3,INR,2026-08-10T03:35:04+00:00,dev_fingerprint_0618,192.168.178.77,"Kolkata, IN",pm_tok_synthetic_02397,341,1,1,1,4,0,NONE
tx_legit_004462,usr_norm_0559,merch_razorpay_030,222.21,INR,2026-08-10T03:35:21+00:00,dev_fingerprint_0936,192.168.72.226,"Kolkata, IN",pm_tok_synthetic_02028,592,2,0,1,1,0,NONE
tx_legit_006441,usr_norm_1083,merch_razorpay_043,528.49,INR,2026-08-10T03:35:47+00:00,dev_fingerprint_1268,192.168.242.146,"Chennai, IN",pm_tok_synthetic_00792,355,4,0,1,1,0,NONE
tx_legit_003676,usr_norm_1358,merch_razorpay_024,613.73,INR,2026-08-10T03:52:47+00:00,dev_fingerprint_0219,192.168.7.233,"Kolkata, IN",pm_tok_synthetic_00784,131,1,0,1,2,0,NONE
tx_legit_006896,usr_norm_1053,merch_razorpay_036,334.67,INR,2026-08-10T03:53:44+00:00,dev_fingerprint_0179,192.168.102.227,"Delhi, IN",pm_tok_synthetic_00222,212,1,0,1,1,0,NONE
tx_legit_006096,usr_norm_1142,merch_razorpay_023,627.74,INR,2026-08-10T04:02:02+00:00,dev_fingerprint_1350,10.0.162.87,"Kolkata, IN",pm_tok_synthetic_01083,201,1,0,2,1,0,NONE
tx_legit_004118,usr_norm_0568,merch_razorpay_023,370.08,INR,2026-08-10T04:02:06+00:00,dev_fingerprint_1575,192.168.151.77,"Pune, IN",pm_tok_synthetic_02499,677,1,2,1,1,0,NONE
tx_legit_003733,usr_norm_0921,merch_razorpay_049,430.57,INR,2026-08-10T04:03:02+00:00,dev_fingerprint_0425,192.168.120.177,"Chennai, IN",pm_tok_synthetic_01968,368,1,0,1,1,0,NONE
tx_legit_008998,usr_norm_0869,merch_razorpay_035,697.53,INR,2026-08-10T04:08:38+00:00,dev_fingerprint_1504,192.168.38.63,"Mumbai, IN",pm_tok_synthetic_02286,215,1,0,1,1,0,NONE
tx_legit_005086,usr_norm_0234,merch_razorpay_036,201.79,INR,2026-08-10T04:09:59+00:00,dev_fingerprint_1587,192.168.40.49,"Delhi, IN",pm_tok_synthetic_02343,456,1,0,1,2,0,NONE
tx_legit_002785,usr_norm_1789,merch_razorpay_048,429.25,INR,2026-08-10T04:11:56+00:00,dev_fingerprint_0361,10.0.93.33,"Bengaluru, IN",pm_tok_synthetic_00176,85,2,0,1,1,0,NONE
tx_fraud_000125,usr_fraud_ringA_024,merch_razorpay_040,14673.96,INR,2026-08-10T04:12:18+00:00,dev_fraud_ring_A_2,198.51.100.47,"Delhi, IN",pm_tok_ringA_007,7,6,3,15,2,1,DEVICE_SHARING_RING
tx_legit_006076,usr_norm_0705,merch_razorpay_039,241.5,INR,2026-08-10T04:15:08+00:00,dev_fingerprint_1405,192.168.48.248,"Ahmedabad, IN",pm_tok_synthetic_00344,626,2,0,1,1,0,NONE
tx_legit_002060,usr_norm_1953,merch_razorpay_004,944.1,INR,2026-08-10T04:15:25+00:00,dev_fingerprint_0256,192.168.184.125,"Hyderabad, IN",pm_tok_synthetic_00533,110,1,0,1,3,0,NONE
tx_legit_003295,usr_norm_1354,merch_razorpay_002,571.21,INR,2026-08-10T04:15:42+00:00,dev_fingerprint_1255,192.168.68.42,"Pune, IN",pm_tok_synthetic_01321,449,4,0,1,1,0,NONE
tx_legit_009114,usr_norm_0727,merch_razorpay_001,1585.35,INR,2026-08-10T04:17:02+00:00,dev_fingerprint_0732,192.168.226.35,"Kolkata, IN",pm_tok_synthetic_02392,268,2,0,1,1,0,NONE
tx_legit_006297,usr_norm_1138,merch_razorpay_035,310.9,INR,2026-08-10T04:18:22+00:00,dev_fingerprint_0443,192.168.82.229,"Mumbai, IN",pm_tok_synthetic_02484,512,2,0,1,3,0,NONE
tx_legit_004444,usr_norm_0963,merch_razorpay_043,834.97,INR,2026-08-10T04:22:23+00:00,dev_fingerprint_1338,192.168.208.223,"Kolkata, IN",pm_tok_synthetic_00420,443,4,0,2,1,0,NONE
tx_legit_006024,usr_norm_1878,merch_razorpay_040,292.91,INR,2026-08-10T04:23:30+00:00,dev_fingerprint_0302,192.168.76.142,"Bengaluru, IN",pm_tok_synthetic_01836,582,1,0,1,1,0,NONE
tx_fraud_000032,usr_fraud_ringA_006,merch_razorpay_006,6398.11,INR,2026-08-10T04:34:10+00:00,dev_fraud_ring_A_4,198.51.100.65,"Pune, IN",pm_tok_ringA_009,9,7,4,13,3,1,DEVICE_SHARING_RING
tx_legit_002393,usr_norm_0448,merch_razorpay_038,777.48,INR,2026-08-10T04:36:34+00:00,dev_fingerprint_1918,192.168.72.117,"Ahmedabad, IN",pm_tok_synthetic_00304,730,2,0,1,1,0,NONE
tx_legit_007848,usr_norm_1712,merch_razorpay_042,319.51,INR,2026-08-10T04:44:49+00:00,dev_fingerprint_1795,192.168.100.117,"Kolkata, IN",pm_tok_synthetic_00932,683,1,0,1,1,0,NONE
tx_legit_005475,usr_norm_0734,merch_razorpay_019,147.67,INR,2026-08-10T04:50:37+00:00,dev_fingerprint_1570,10.0.40.140,"Ahmedabad, IN",pm_tok_synthetic_01440,611,1,0,1,2,0,NONE
tx_legit_001976,usr_norm_0594,merch_razorpay_032,724.11,INR,2026-08-10T04:51:16+00:00,dev_fingerprint_0254,192.168.173.68,"Pune, IN",pm_tok_synthetic_00647,481,1,0,1,1,0,NONE
tx_legit_007403,usr_norm_0193,merch_razorpay_015,207.82,INR,2026-08-10T04:51:23+00:00,dev_fingerprint_0292,192.168.234.150,"Kolkata, IN",pm_tok_synthetic_02488,724,1,0,1,1,0,NONE
tx_legit_001132,usr_norm_1940,merch_razorpay_015,292.26,INR,2026-08-10T04:53:57+00:00,dev_fingerprint_0696,192.168.248.217,"Bengaluru, IN",pm_tok_synthetic_00667,134,3,0,1,1,0,NONE
tx_legit_005007,usr_norm_0605,merch_razorpay_043,1142.07,INR,2026-08-10T04:54:54+00:00,dev_fingerprint_0911,192.168.8.24,"Mumbai, IN",pm_tok_synthetic_00033,742,1,0,1,1,0,NONE
tx_legit_006564,usr_norm_0655,merch_razorpay_015,527.57,INR,2026-08-10T05:06:48+00:00,dev_fingerprint_0210,192.168.166.11,"Chennai, IN",pm_tok_synthetic_00846,720,1,0,1,1,0,NONE
tx_legit_003716,usr_norm_0614,merch_razorpay_016,332.47,INR,2026-08-10T05:08:41+00:00,dev_fingerprint_1479,192.168.149.189,"Ahmedabad, IN",pm_tok_synthetic_00620,451,1,0,1,3,0,NONE
tx_fraud_000157,usr_fraud_ringA_006,merch_razorpay_003,12681.9,INR,2026-08-10T05:11:01+00:00,dev_fraud_ring_A_1,198.51.100.25,"Bengaluru, IN",pm_tok_ringA_004,5,7,4,14,4,1,DEVICE_SHARING_RING
tx_legit_008016,usr_norm_1918,merch_razorpay_013,281.99,INR,2026-08-10T05:14:12+00:00,dev_fingerprint_0537,192.168.54.175,"Mumbai, IN",pm_tok_synthetic_01935,157,1,0,2,1,0,NONE
tx_legit_004047,usr_norm_0937,merch_razorpay_023,1249.86,INR,2026-08-10T05:15:25+00:00,dev_fingerprint_0789,192.168.104.242,"Pune, IN",pm_tok_synthetic_01958,849,1,0,1,1,0,NONE
tx_legit_003507,usr_norm_0853,merch_razorpay_013,918.04,INR,2026-08-10T05:15:47+00:00,dev_fingerprint_1386,192.168.247.192,"Delhi, IN",pm_tok_synthetic_01626,628,1,0,2,2,0,NONE
tx_legit_000561,usr_norm_0570,merch_razorpay_049,1579.02,INR,2026-08-10T05:19:35+00:00,dev_fingerprint_0423,192.168.160.178,"Delhi, IN",pm_tok_synthetic_00847,854,1,0,1,1,0,NONE
tx_legit_003791,usr_norm_0273,merch_razorpay_044,379.61,INR,2026-08-10T05:20:08+00:00,dev_fingerprint_1916,192.168.46.78,"Kolkata, IN",pm_tok_synthetic_01225,637,3,0,1,1,0,NONE
tx_legit_000406,usr_norm_0467,merch_razorpay_038,527.79,INR,2026-08-10T05:22:57+00:00,dev_fingerprint_1298,192.168.57.2,"Chennai, IN",pm_tok_synthetic_01595,354,1,1,2,1,0,NONE
tx_legit_008207,usr_norm_1391,merch_razorpay_009,186.51,INR,2026-08-10T05:25:21+00:00,dev_fingerprint_0728,10.0.199.247,"Bengaluru, IN",pm_tok_synthetic_02093,301,2,0,1,2,0,NONE
tx_legit_003333,usr_norm_0842,merch_razorpay_026,743.3,INR,2026-08-10T05:26:32+00:00,dev_fingerprint_0529,192.168.80.142,"Chennai, IN",pm_tok_synthetic_00370,321,1,1,1,3,0,NONE
tx_fraud_000068,usr_fraud_ringA_017,merch_razorpay_000,5732.04,INR,2026-08-10T05:29:37+00:00,dev_fraud_ring_A_3,198.51.100.40,"Bengaluru, IN",pm_tok_ringA_010,1,5,4,13,5,1,DEVICE_SHARING_RING
tx_legit_006244,usr_norm_0028,merch_razorpay_019,252.41,INR,2026-08-10T05:30:51+00:00,dev_fingerprint_0847,192.168.138.85,"Mumbai, IN",pm_tok_synthetic_01857,438,1,0,1,2,0,NONE
tx_legit_007369,usr_norm_1712,merch_razorpay_007,303.99,INR,2026-08-10T05:38:45+00:00,dev_fingerprint_0444,192.168.100.117,"Ahmedabad, IN",pm_tok_synthetic_02455,683,1,0,1,2,0,NONE
tx_legit_002364,usr_norm_1564,merch_razorpay_035,2361.71,INR,2026-08-10T05:46:06+00:00,dev_fingerprint_0305,192.168.198.34,"Delhi, IN",pm_tok_synthetic_00127,377,1,1,1,1,0,NONE
tx_legit_000190,usr_norm_0178,merch_razorpay_007,1609.4,INR,2026-08-10T05:52:16+00:00,dev_fingerprint_0254,192.168.247.10,"Mumbai, IN",pm_tok_synthetic_01507,477,1,0,1,3,0,NONE
tx_legit_007439,usr_norm_1974,merch_razorpay_028,648.82,INR,2026-08-10T05:57:52+00:00,dev_fingerprint_0219,192.168.64.50,"Ahmedabad, IN",pm_tok_synthetic_01453,418,1,0,1,3,0,NONE
tx_legit_007468,usr_norm_1391,merch_razorpay_042,338.68,INR,2026-08-10T06:10:55+00:00,dev_fingerprint_0728,10.0.213.236,"Hyderabad, IN",pm_tok_synthetic_00566,301,1,0,1,1,0,NONE
tx_legit_004110,usr_norm_0144,merch_razorpay_025,288.64,INR,2026-08-10T06:26:38+00:00,dev_fingerprint_0767,192.168.153.18,"Delhi, IN",pm_tok_synthetic_00115,356,1,0,1,2,0,NONE
tx_legit_005491,usr_norm_1572,merch_razorpay_034,348.98,INR,2026-08-10T06:26:39+00:00,dev_fingerprint_1075,192.168.27.91,"Delhi, IN",pm_tok_synthetic_00716,144,1,0,1,1,0,NONE
tx_legit_006533,usr_norm_1971,merch_razorpay_043,1130.02,INR,2026-08-10T06:31:10+00:00,dev_fingerprint_1783,192.168.227.138,"Bengaluru, IN",pm_tok_synthetic_00876,546,2,0,1,2,0,NONE
tx_legit_008469,usr_norm_1879,merch_razorpay_034,413.23,INR,2026-08-10T06:33:52+00:00,dev_fingerprint_0332,192.168.213.161,"Ahmedabad, IN",pm_tok_synthetic_01235,154,1,0,1,1,0,NONE
tx_legit_006825,usr_norm_1239,merch_razorpay_037,346.61,INR,2026-08-10T06:34:52+00:00,dev_fingerprint_1903,192.168.221.28,"Bengaluru, IN",pm_tok_synthetic_02340,164,1,0,2,2,0,NONE
tx_legit_006786,usr_norm_0153,merch_razorpay_033,186.62,INR,2026-08-10T06:37:00+00:00,dev_fingerprint_0616,192.168.126.5,"Ahmedabad, IN",pm_tok_synthetic_00195,274,1,0,2,2,0,NONE
tx_legit_007481,usr_norm_0869,merch_razorpay_027,295.69,INR,2026-08-10T06:44:19+00:00,dev_fingerprint_0348,192.168.38.63,"Ahmedabad, IN",pm_tok_synthetic_02286,215,1,0,1,1,0,NONE
tx_legit_000829,usr_norm_1204,merch_razorpay_002,473.77,INR,2026-08-10T06:50:14+00:00,dev_fingerprint_1153,192.168.33.252,"Ahmedabad, IN",pm_tok_synthetic_00996,805,2,0,1,3,0,NONE
tx_legit_008896,usr_norm_1292,merch_razorpay_034,457.84,INR,2026-08-10T06:52:47+00:00,dev_fingerprint_1627,192.168.203.211,"Delhi, IN",pm_tok_synthetic_00029,591,1,0,1,1,0,NONE
tx_legit_008159,usr_norm_1033,merch_razorpay_028,114.65,INR,2026-08-10T06:57:28+00:00,dev_fingerprint_1099,10.0.20.31,"Mumbai, IN",pm_tok_synthetic_00376,387,2,0,1,1,0,NONE
tx_legit_007433,usr_norm_1443,merch_razorpay_019,227.33,INR,2026-08-10T06:58:26+00:00,dev_fingerprint_0599,192.168.28.61,"Kolkata, IN",pm_tok_synthetic_01583,266,1,0,1,4,0,NONE
tx_legit_006879,usr_norm_0708,merch_razorpay_035,118.06,INR,2026-08-10T07:01:47+00:00,dev_fingerprint_0263,192.168.98.153,"Delhi, IN",pm_tok_synthetic_01358,155,2,0,1,2,0,NONE
tx_legit_000083,usr_norm_0255,merch_razorpay_001,1038.57,INR,2026-08-10T07:07:38+00:00,dev_fingerprint_0576,10.0.114.3,"Chennai, IN",pm_tok_synthetic_02447,893,1,0,1,2,0,NONE
tx_legit_001999,usr_norm_0048,merch_razorpay_016,462.33,INR,2026-08-10T07:11:01+00:00,dev_fingerprint_1159,192.168.161.55,"Kolkata, IN",pm_tok_synthetic_01641,101,1,0,1,1,0,NONE
tx_legit_006257,usr_norm_0851,merch_razorpay_036,1370.68,INR,2026-08-10T07:15:57+00:00,dev_fingerprint_0771,192.168.66.118,"Mumbai, IN",pm_tok_synthetic_01428,500,1,0,1,2,0,NONE
tx_legit_006222,usr_norm_1220,merch_razorpay_014,976.94,INR,2026-08-10T07:16:49+00:00,dev_fingerprint_0218,192.168.236.1,"Bengaluru, IN",pm_tok_synthetic_00321,722,1,0,1,2,0,NONE
tx_legit_001487,usr_norm_1656,merch_razorpay_011,959.28,INR,2026-08-10T07:18:47+00:00,dev_fingerprint_1130,10.0.90.189,"Mumbai, IN",pm_tok_synthetic_01843,423,2,0,1,1,0,NONE
tx_legit_007717,usr_norm_0897,merch_razorpay_017,739.5,INR,2026-08-10T07:21:12+00:00,dev_fingerprint_0093,10.0.37.36,"Bengaluru, IN",pm_tok_synthetic_01191,496,1,0,1,2,0,NONE
tx_legit_004215,usr_norm_0036,merch_razorpay_034,200.02,INR,2026-08-10T07:31:53+00:00,dev_fingerprint_0250,192.168.127.103,"Pune, IN",pm_tok_synthetic_01448,711,1,1,1,1,0,NONE
tx_legit_006826,usr_norm_1419,merch_razorpay_046,797.7,INR,2026-08-10T07:38:50+00:00,dev_fingerprint_0496,10.0.44.227,"Mumbai, IN",pm_tok_synthetic_01090,825,2,0,2,2,0,NONE
tx_legit_002891,usr_norm_0678,merch_razorpay_024,2130.23,INR,2026-08-10T07:40:02+00:00,dev_fingerprint_1085,10.0.182.136,"Kolkata, IN",pm_tok_synthetic_01719,533,1,0,1,1,0,NONE
tx_legit_003079,usr_norm_0503,merch_razorpay_041,2186.76,INR,2026-08-10T07:40:30+00:00,dev_fingerprint_0772,192.168.102.227,"Mumbai, IN",pm_tok_synthetic_01839,642,1,0,1,2,0,NONE
tx_legit_007816,usr_norm_0955,merch_razorpay_021,397.0,INR,2026-08-10T07:43:27+00:00,dev_fingerprint_0961,192.168.66.118,"Chennai, IN",pm_tok_synthetic_02030,199,1,0,1,3,0,NONE
tx_legit_003918,usr_norm_0614,merch_razorpay_044,634.13,INR,2026-08-10T07:49:07+00:00,dev_fingerprint_1479,192.168.149.189,"Mumbai, IN",pm_tok_synthetic_00620,451,1,0,1,1,0,NONE
tx_legit_002174,usr_norm_0103,merch_razorpay_023,871.86,INR,2026-08-10T07:51:36+00:00,dev_fingerprint_1070,192.168.186.151,"Hyderabad, IN",pm_tok_synthetic_00650,402,1,0,2,1,0,NONE
tx_legit_005601,usr_norm_1968,merch_razorpay_037,694.62,INR,2026-08-10T07:51:54+00:00,dev_fingerprint_1184,192.168.142.38,"Pune, IN",pm_tok_synthetic_00667,571,4,0,1,1,0,NONE
tx_legit_002952,usr_norm_0755,merch_razorpay_015,144.69,INR,2026-08-10T07:52:53+00:00,dev_fingerprint_0372,192.168.31.185,"Delhi, IN",pm_tok_synthetic_01303,858,1,0,1,1,0,NONE
tx_legit_007165,usr_norm_0541,merch_razorpay_009,520.18,INR,2026-08-10T08:01:13+00:00,dev_fingerprint_0353,192.168.160.178,"Hyderabad, IN",pm_tok_synthetic_01218,659,1,0,1,1,0,NONE
tx_legit_000919,usr_norm_0295,merch_razorpay_043,671.21,INR,2026-08-10T08:06:46+00:00,dev_fingerprint_0591,192.168.69.148,"Chennai, IN",pm_tok_synthetic_00849,736,2,0,1,1,0,NONE
tx_fraud_000143,usr_fraud_ringA_017,merch_razorpay_048,12061.21,INR,2026-08-10T08:08:33+00:00,dev_fraud_ring_A_4,198.51.100.51,"Bengaluru, IN",pm_tok_ringA_001,9,4,4,13,4,1,DEVICE_SHARING_RING
tx_legit_005492,usr_norm_1161,merch_razorpay_003,852.6,INR,2026-08-10T08:12:12+00:00,dev_fingerprint_0014,192.168.153.180,"Kolkata, IN",pm_tok_synthetic_02140,150,1,0,2,1,0,NONE
tx_legit_002573,usr_norm_0627,merch_razorpay_027,226.93,INR,2026-08-10T08:14:11+00:00,dev_fingerprint_1081,192.168.185.197,"Pune, IN",pm_tok_synthetic_00049,399,1,0,1,1,0,NONE
tx_legit_008758,usr_norm_0646,merch_razorpay_022,764.74,INR,2026-08-10T08:20:08+00:00,dev_fingerprint_0023,192.168.34.186,"Ahmedabad, IN",pm_tok_synthetic_02033,385,1,0,1,3,0,NONE
tx_legit_002301,usr_norm_1109,merch_razorpay_041,531.8,INR,2026-08-10T08:23:01+00:00,dev_fingerprint_0299,192.168.160.194,"Mumbai, IN",pm_tok_synthetic_01980,397,1,0,1,5,0,NONE
tx_legit_001544,usr_norm_0383,merch_razorpay_041,363.09,INR,2026-08-10T08:23:10+00:00,dev_fingerprint_1067,192.168.246.131,"Delhi, IN",pm_tok_synthetic_01693,337,1,0,1,1,0,NONE
tx_legit_003517,usr_norm_0365,merch_razorpay_024,324.64,INR,2026-08-10T08:24:44+00:00,dev_fingerprint_1338,10.0.116.24,"Chennai, IN",pm_tok_synthetic_01424,151,1,0,1,3,0,NONE
tx_legit_004890,usr_norm_1152,merch_razorpay_045,289.94,INR,2026-08-10T08:27:36+00:00,dev_fingerprint_0002,192.168.149.94,"Kolkata, IN",pm_tok_synthetic_01767,564,2,0,1,1,0,NONE
tx_legit_001751,usr_norm_0442,merch_razorpay_025,547.69,INR,2026-08-10T08:30:33+00:00,dev_fingerprint_0830,192.168.78.104,"Pune, IN",pm_tok_synthetic_01544,595,1,0,1,1,0,NONE
tx_legit_000899,usr_norm_0354,merch_razorpay_020,1333.89,INR,2026-08-10T08:31:51+00:00,dev_fingerprint_1154,192.168.98.70,"Chennai, IN",pm_tok_synthetic_02288,503,1,0,1,1,0,NONE
tx_legit_002597,usr_norm_1555,merch_razorpay_042,436.86,INR,2026-08-10T08:38:45+00:00,dev_fingerprint_0359,192.168.24.238,"Mumbai, IN",pm_tok_synthetic_01353,883,1,0,1,1,0,NONE
tx_legit_006038,usr_norm_0402,merch_razorpay_020,575.14,INR,2026-08-10T08:43:28+00:00,dev_fingerprint_0427,192.168.92.148,"Mumbai, IN",pm_tok_synthetic_01363,340,2,0,1,1,0,NONE
tx_legit_006662,usr_norm_0463,merch_razorpay_027,871.81,INR,2026-08-10T08:48:34+00:00,dev_fingerprint_0380,192.168.69.212,"Chennai, IN",pm_tok_synthetic_02399,706,1,0,1,2,0,NONE
tx_legit_007781,usr_norm_0574,merch_razorpay_012,515.58,INR,2026-08-10T08:58:43+00:00,dev_fingerprint_1982,192.168.142.40,"Bengaluru, IN",pm_tok_synthetic_02107,725,1,0,1,1,0,NONE
tx_legit_000516,usr_norm_1536,merch_razorpay_029,210.19,INR,2026-08-10T09:04:22+00:00,dev_fingerprint_1170,192.168.212.253,"Chennai, IN",pm_tok_synthetic_02166,119,2,0,1,2,0,NONE
tx_legit_006476,usr_norm_0186,merch_razorpay_008,319.12,INR,2026-08-10T09:08:28+00:00,dev_fingerprint_0605,192.168.159.192,"Bengaluru, IN",pm_tok_synthetic_01826,647,1,1,1,2,0,NONE
tx_legit_003007,usr_norm_0980,merch_razorpay_013,697.81,INR,2026-08-10T09:13:14+00:00,dev_fingerprint_0936,192.168.159.18,"Delhi, IN",pm_tok_synthetic_00780,763,1,0,1,1,0,NONE
tx_legit_000684,usr_norm_0797,merch_razorpay_048,495.25,INR,2026-08-10T09:14:56+00:00,dev_fingerprint_1096,192.168.113.32,"Kolkata, IN",pm_tok_synthetic_01944,616,2,0,2,3,0,NONE
tx_legit_004231,usr_norm_1818,merch_razorpay_006,1421.36,INR,2026-08-10T09:18:09+00:00,dev_fingerprint_0670,10.0.187.91,"Ahmedabad, IN",pm_tok_synthetic_02373,257,1,0,1,1,0,NONE
tx_legit_003451,usr_norm_1202,merch_razorpay_047,362.2,INR,2026-08-10T09:18:37+00:00,dev_fingerprint_1051,192.168.187.40,"Bengaluru, IN",pm_tok_synthetic_01055,580,1,0,1,1,0,NONE
tx_fraud_000160,usr_fraud_ringA_009,merch_razorpay_029,5774.8,INR,2026-08-10T09:20:06+00:00,dev_fraud_ring_A_0,198.51.100.19,"Chennai, IN",pm_tok_ringA_007,6,11,3,11,6,1,DEVICE_SHARING_RING
tx_legit_007628,usr_norm_0728,merch_razorpay_031,753.73,INR,2026-08-10T09:21:28+00:00,dev_fingerprint_0326,192.168.193.69,"Chennai, IN",pm_tok_synthetic_01015,702,1,0,1,1,0,NONE
tx_legit_007060,usr_norm_1859,merch_razorpay_023,483.62,INR,2026-08-10T09:21:51+00:00,dev_fingerprint_0853,192.168.95.140,"Delhi, IN",pm_tok_synthetic_02217,165,1,0,1,1,0,NONE
tx_legit_003850,usr_norm_1660,merch_razorpay_036,758.6,INR,2026-08-10T09:23:53+00:00,dev_fingerprint_0841,10.0.250.126,"Kolkata, IN",pm_tok_synthetic_02237,620,1,0,1,1,0,NONE
tx_legit_007600,usr_norm_0252,merch_razorpay_009,1188.6,INR,2026-08-10T09:24:37+00:00,dev_fingerprint_1018,192.168.40.56,"Ahmedabad, IN",pm_tok_synthetic_00368,432,1,0,3,1,0,NONE
tx_legit_000738,usr_norm_0808,merch_razorpay_000,367.23,INR,2026-08-10T09:37:23+00:00,dev_fingerprint_0667,192.168.174.140,"Pune, IN",pm_tok_synthetic_01131,562,1,0,2,2,0,NONE
tx_legit_003346,usr_norm_1946,merch_razorpay_018,449.42,INR,2026-08-10T09:41:56+00:00,dev_fingerprint_0238,192.168.137.98,"Bengaluru, IN",pm_tok_synthetic_00537,47,1,0,1,1,0,NONE
tx_legit_005285,usr_norm_1328,merch_razorpay_043,375.48,INR,2026-08-10T09:42:20+00:00,dev_fingerprint_0245,10.0.219.174,"Hyderabad, IN",pm_tok_synthetic_00995,39,1,0,1,3,0,NONE
tx_legit_008702,usr_norm_0657,merch_razorpay_039,272.8,INR,2026-08-10T09:50:23+00:00,dev_fingerprint_1042,192.168.71.63,"Bengaluru, IN",pm_tok_synthetic_00180,42,1,0,2,2,0,NONE
tx_legit_000654,usr_norm_1281,merch_razorpay_030,905.39,INR,2026-08-10T09:51:31+00:00,dev_fingerprint_1104,10.0.165.46,"Ahmedabad, IN",pm_tok_synthetic_02420,641,1,0,1,1,0,NONE
tx_legit_003370,usr_norm_0232,merch_razorpay_035,533.32,INR,2026-08-10T09:53:29+00:00,dev_fingerprint_1154,192.168.59.198,"Hyderabad, IN",pm_tok_synthetic_00116,113,1,0,1,1,0,NONE
tx_legit_008594,usr_norm_1599,merch_razorpay_012,188.55,INR,2026-08-10T10:03:56+00:00,dev_fingerprint_0802,192.168.87.205,"Ahmedabad, IN",pm_tok_synthetic_02441,636,1,0,2,2,0,NONE
tx_legit_006919,usr_norm_1129,merch_razorpay_004,339.96,INR,2026-08-10T10:05:00+00:00,dev_fingerprint_0232,192.168.43.216,"Hyderabad, IN",pm_tok_synthetic_01961,520,2,0,1,2,0,NONE
tx_fraud_000346,usr_fraud_reuseC_005,merch_razorpay_025,7467.98,INR,2026-08-10T10:07:12+00:00,dev_reuseC_023,198.51.100.113,"Pune, IN",pm_tok_stolen_C_004,5,7,0,2,5,1,PAYMENT_REF_REUSE
tx_legit_008025,usr_norm_0654,merch_razorpay_002,112.68,INR,2026-08-10T10:08:56+00:00,dev_fingerprint_0341,192.168.185.231,"Ahmedabad, IN",pm_tok_synthetic_00644,291,2,0,1,1,0,NONE
tx_legit_003582,usr_norm_1839,merch_razorpay_020,1298.22,INR,2026-08-10T10:09:55+00:00,dev_fingerprint_1381,192.168.171.236,"Pune, IN",pm_tok_synthetic_00211,143,1,0,1,3,0,NONE
tx_legit_003863,usr_norm_0369,merch_razorpay_037,739.17,INR,2026-08-10T10:23:50+00:00,dev_fingerprint_0948,192.168.203.161,"Ahmedabad, IN",pm_tok_synthetic_02230,464,1,0,1,2,0,NONE
tx_legit_004710,usr_norm_1997,merch_razorpay_018,853.06,INR,2026-08-10T10:25:53+00:00,dev_fingerprint_1887,192.168.215.6,"Mumbai, IN",pm_tok_synthetic_01142,180,1,0,1,1,0,NONE
tx_legit_000792,usr_norm_0724,merch_razorpay_004,175.61,INR,2026-08-10T10:26:52+00:00,dev_fingerprint_0553,192.168.221.28,"Kolkata, IN",pm_tok_synthetic_00106,356,1,0,1,1,0,NONE
tx_fraud_000116,usr_fraud_ringA_015,merch_razorpay_048,6053.72,INR,2026-08-10T10:28:49+00:00,dev_fraud_ring_A_4,198.51.100.69,"Ahmedabad, IN",pm_tok_ringA_002,14,10,3,10,5,1,DEVICE_SHARING_RING
tx_legit_007660,usr_norm_1783,merch_razorpay_024,313.68,INR,2026-08-10T10:29:41+00:00,dev_fingerprint_1142,192.168.53.172,"Mumbai, IN",pm_tok_synthetic_00786,150,3,0,1,1,0,NONE
tx_legit_002596,usr_norm_1400,merch_razorpay_024,737.95,INR,2026-08-10T10:31:58+00:00,dev_fingerprint_0160,10.0.245.128,"Delhi, IN",pm_tok_synthetic_00229,819,1,0,1,2,0,NONE
tx_legit_000676,usr_norm_0300,merch_razorpay_032,736.36,INR,2026-08-10T10:33:06+00:00,dev_fingerprint_0299,192.168.140.10,"Chennai, IN",pm_tok_synthetic_00172,324,3,0,1,2,0,NONE
tx_legit_003040,usr_norm_0497,merch_razorpay_031,1060.82,INR,2026-08-10T10:33:11+00:00,dev_fingerprint_1396,192.168.222.18,"Ahmedabad, IN",pm_tok_synthetic_02253,57,1,0,1,3,0,NONE
tx_legit_002996,usr_norm_0482,merch_razorpay_013,524.26,INR,2026-08-10T10:37:01+00:00,dev_fingerprint_0862,192.168.231.92,"Hyderabad, IN",pm_tok_synthetic_01983,831,1,0,2,1,0,NONE
tx_legit_001673,usr_norm_0705,merch_razorpay_002,265.07,INR,2026-08-10T10:40:50+00:00,dev_fingerprint_1405,10.0.11.234,"Kolkata, IN",pm_tok_synthetic_00150,626,1,0,2,2,0,NONE
tx_legit_001818,usr_norm_0035,merch_razorpay_009,327.46,INR,2026-08-10T10:51:26+00:00,dev_fingerprint_1150,10.0.26.154,"Hyderabad, IN",pm_tok_synthetic_01350,716,1,0,2,1,0,NONE
tx_legit_006150,usr_norm_1623,merch_razorpay_039,343.53,INR,2026-08-10T10:52:02+00:00,dev_fingerprint_1371,192.168.64.191,"Chennai, IN",pm_tok_synthetic_02351,886,2,0,1,1,0,NONE
tx_legit_002362,usr_norm_0211,merch_razorpay_003,385.1,INR,2026-08-10T10:53:56+00:00,dev_fingerprint_1596,192.168.11.194,"Kolkata, IN",pm_tok_synthetic_00918,154,2,0,2,1,0,NONE
tx_legit_000870,usr_norm_1753,merch_razorpay_011,369.11,INR,2026-08-10T11:02:13+00:00,dev_fingerprint_0433,192.168.4.185,"Pune, IN",pm_tok_synthetic_02142,499,1,0,1,4,0,NONE
tx_legit_000147,usr_norm_1626,merch_razorpay_030,733.93,INR,2026-08-10T11:16:52+00:00,dev_fingerprint_0911,192.168.252.166,"Bengaluru, IN",pm_tok_synthetic_01261,445,1,0,2,2,0,NONE
tx_legit_004241,usr_norm_0341,merch_razorpay_003,261.02,INR,2026-08-10T11:19:42+00:00,dev_fingerprint_1733,192.168.33.50,"Delhi, IN",pm_tok_synthetic_01703,748,1,0,1,1,0,NONE
tx_legit_002979,usr_norm_0924,merch_razorpay_036,756.54,INR,2026-08-10T11:20:24+00:00,dev_fingerprint_1724,192.168.221.117,"Hyderabad, IN",pm_tok_synthetic_02023,182,2,0,1,1,0,NONE
tx_fraud_000104,usr_fraud_ringA_003,merch_razorpay_028,16817.32,INR,2026-08-10T11:27:25+00:00,dev_fraud_ring_A_1,198.51.100.43,"Ahmedabad, IN",pm_tok_ringA_005,7,5,2,7,2,1,DEVICE_SHARING_RING
tx_legit_000575,usr_norm_1606,merch_razorpay_030,916.85,INR,2026-08-10T11:38:24+00:00,dev_fingerprint_0474,10.0.190.46,"Kolkata, IN",pm_tok_synthetic_00916,177,1,0,1,1,0,NONE
tx_legit_002341,usr_norm_1658,merch_razorpay_032,148.8,INR,2026-08-10T11:40:14+00:00,dev_fingerprint_1238,192.168.23.152,"Bengaluru, IN",pm_tok_synthetic_02367,540,2,0,1,2,0,NONE
tx_legit_005330,usr_norm_1395,merch_razorpay_006,1013.06,INR,2026-08-10T11:44:25+00:00,dev_fingerprint_0158,192.168.195.141,"Delhi, IN",pm_tok_synthetic_01329,841,2,0,1,1,0,NONE
tx_legit_006975,usr_norm_0905,merch_razorpay_006,217.58,INR,2026-08-10T11:50:13+00:00,dev_fingerprint_1311,10.0.153.85,"Pune, IN",pm_tok_synthetic_02190,668,2,0,1,1,0,NONE
tx_legit_005528,usr_norm_1073,merch_razorpay_048,1523.72,INR,2026-08-10T12:01:19+00:00,dev_fingerprint_1486,192.168.247.252,"Kolkata, IN",pm_tok_synthetic_00867,452,1,0,1,1,0,NONE
tx_legit_008466,usr_norm_0923,merch_razorpay_015,313.22,INR,2026-08-10T12:03:17+00:00,dev_fingerprint_0182,192.168.234.70,"Bengaluru, IN",pm_tok_synthetic_00452,885,2,0,1,4,0,NONE
tx_legit_003309,usr_norm_1311,merch_razorpay_005,401.56,INR,2026-08-10T12:03:57+00:00,dev_fingerprint_0064,10.0.182.98,"Hyderabad, IN",pm_tok_synthetic_00328,893,1,0,1,1,0,NONE
tx_legit_001310,usr_norm_0283,merch_razorpay_042,890.4,INR,2026-08-10T12:13:15+00:00,dev_fingerprint_1394,192.168.193.240,"Pune, IN",pm_tok_synthetic_00129,616,1,0,1,3,0,NONE
tx_legit_006380,usr_norm_1820,merch_razorpay_002,1107.92,INR,2026-08-10T12:13:32+00:00,dev_fingerprint_0010,192.168.109.57,"Chennai, IN",pm_tok_synthetic_00181,71,1,0,1,1,0,NONE
tx_legit_003217,usr_norm_1347,merch_razorpay_048,337.12,INR,2026-08-10T12:15:43+00:00,dev_fingerprint_0751,192.168.181.55,"Hyderabad, IN",pm_tok_synthetic_00002,824,1,0,1,1,0,NONE
tx_legit_002410,usr_norm_0439,merch_razorpay_043,1380.62,INR,2026-08-10T12:18:55+00:00,dev_fingerprint_0940,192.168.240.23,"Delhi, IN",pm_tok_synthetic_00996,743,1,0,1,3,0,NONE
tx_legit_003099,usr_norm_0910,merch_razorpay_036,316.14,INR,2026-08-10T12:19:37+00:00,dev_fingerprint_0971,192.168.151.244,"Hyderabad, IN",pm_tok_synthetic_00627,240,2,1,1,1,0,NONE
tx_legit_005697,usr_norm_1628,merch_razorpay_032,1485.3,INR,2026-08-10T12:22:55+00:00,dev_fingerprint_1221,192.168.107.88,"Ahmedabad, IN",pm_tok_synthetic_01552,365,1,0,1,1,0,NONE
tx_legit_002934,usr_norm_0410,merch_razorpay_026,1320.58,INR,2026-08-10T12:23:28+00:00,dev_fingerprint_0201,10.0.71.55,"Mumbai, IN",pm_tok_synthetic_01923,809,1,0,1,3,0,NONE
tx_legit_001366,usr_norm_0358,merch_razorpay_000,459.31,INR,2026-08-10T12:31:57+00:00,dev_fingerprint_0149,192.168.26.98,"Mumbai, IN",pm_tok_synthetic_01735,382,1,0,1,3,0,NONE
tx_legit_008174,usr_norm_1395,merch_razorpay_030,316.81,INR,2026-08-10T12:39:40+00:00,dev_fingerprint_0158,192.168.195.141,"Ahmedabad, IN",pm_tok_synthetic_01329,841,2,0,2,4,0,NONE
tx_fraud_000444,usr_fraud_reuseC_003,merch_razorpay_030,15761.27,INR,2026-08-10T12:47:08+00:00,dev_reuseC_015,198.51.100.181,"Mumbai, IN",pm_tok_stolen_C_001,3,8,3,2,6,1,PAYMENT_REF_REUSE
tx_legit_006011,usr_norm_0201,merch_razorpay_046,850.65,INR,2026-08-10T12:49:58+00:00,dev_fingerprint_0232,10.0.183.216,"Mumbai, IN",pm_tok_synthetic_00762,541,1,0,1,1,0,NONE
tx_legit_005651,usr_norm_0297,merch_razorpay_041,766.54,INR,2026-08-10T12:57:53+00:00,dev_fingerprint_0714,10.0.197.98,"Hyderabad, IN",pm_tok_synthetic_01120,324,3,1,1,1,0,NONE
tx_legit_001489,usr_norm_1133,merch_razorpay_027,132.73,INR,2026-08-10T12:58:47+00:00,dev_fingerprint_0275,192.168.113.88,"Mumbai, IN",pm_tok_synthetic_02099,70,2,0,1,3,0,NONE
tx_legit_004232,usr_norm_0969,merch_razorpay_024,878.03,INR,2026-08-10T12:58:58+00:00,dev_fingerprint_0456,192.168.44.45,"Pune, IN",pm_tok_synthetic_01861,369,2,0,1,1,0,NONE
tx_legit_005412,usr_norm_1757,merch_razorpay_008,270.72,INR,2026-08-10T13:02:26+00:00,dev_fingerprint_1266,192.168.26.98,"Delhi, IN",pm_tok_synthetic_00994,748,4,0,1,2,0,NONE
tx_legit_000604,usr_norm_0413,merch_razorpay_047,689.34,INR,2026-08-10T13:07:36+00:00,dev_fingerprint_0453,192.168.74.113,"Chennai, IN",pm_tok_synthetic_00597,46,1,1,1,1,0,NONE
tx_legit_006040,usr_norm_0214,merch_razorpay_031,546.41,INR,2026-08-10T13:09:55+00:00,dev_fingerprint_1172,192.168.77.130,"Chennai, IN",pm_tok_synthetic_01914,852,1,0,1,1,0,NONE
tx_legit_000273,usr_norm_1799,merch_razorpay_009,664.22,INR,2026-08-10T13:12:14+00:00,dev_fingerprint_0225,10.0.171.246,"Bengaluru, IN",pm_tok_synthetic_00932,130,1,1,1,1,0,NONE
tx_legit_006496,usr_norm_1641,merch_razorpay_046,191.82,INR,2026-08-10T13:13:43+00:00,dev_fingerprint_0001,192.168.173.211,"Kolkata, IN",pm_tok_synthetic_02293,870,1,0,1,1,0,NONE
tx_legit_005225,usr_norm_0786,merch_razorpay_032,378.36,INR,2026-08-10T13:22:00+00:00,dev_fingerprint_0969,192.168.44.45,"Delhi, IN",pm_tok_synthetic_00473,345,1,0,1,2,0,NONE
tx_legit_005418,usr_norm_1588,merch_razorpay_003,286.93,INR,2026-08-10T13:26:43+00:00,dev_fingerprint_0903,192.168.60.237,"Chennai, IN",pm_tok_synthetic_00481,309,1,0,1,2,0,NONE
tx_legit_001959,usr_norm_0519,merch_razorpay_010,682.17,INR,2026-08-10T13:29:03+00:00,dev_fingerprint_1495,192.168.194.187,"Kolkata, IN",pm_tok_synthetic_01426,349,1,0,1,1,0,NONE
tx_legit_007250,usr_norm_0123,merch_razorpay_043,165.85,INR,2026-08-10T13:33:47+00:00,dev_fingerprint_1265,10.0.237.59,"Pune, IN",pm_tok_synthetic_02446,415,1,0,1,2,0,NONE
tx_legit_004969,usr_norm_1463,merch_razorpay_045,458.43,INR,2026-08-10T13:36:20+00:00,dev_fingerprint_0632,192.168.78.180,"Mumbai, IN",pm_tok_synthetic_02145,168,2,0,1,1,0,NONE
tx_legit_006746,usr_norm_0525,merch_razorpay_018,1220.47,INR,2026-08-10T13:39:31+00:00,dev_fingerprint_0702,10.0.85.192,"Kolkata, IN",pm_tok_synthetic_00447,723,1,0,1,1,0,NONE
tx_legit_005123,usr_norm_0970,merch_razorpay_006,741.22,INR,2026-08-10T13:43:23+00:00,dev_fingerprint_1147,192.168.226.35,"Kolkata, IN",pm_tok_synthetic_02457,514,2,0,2,1,0,NONE
tx_legit_002967,usr_norm_1469,merch_razorpay_031,169.03,INR,2026-08-10T13:49:03+00:00,dev_fingerprint_0652,10.0.203.29,"Ahmedabad, IN",pm_tok_synthetic_01695,451,1,0,1,3,0,NONE
tx_legit_006491,usr_norm_1230,merch_razorpay_002,1242.78,INR,2026-08-10T14:04:32+00:00,dev_fingerprint_0246,10.0.140.226,"Chennai, IN",pm_tok_synthetic_02122,501,4,0,1,3,0,NONE
tx_legit_006448,usr_norm_1009,merch_razorpay_041,74.99,INR,2026-08-10T14:11:26+00:00,dev_fingerprint_0127,192.168.70.129,"Delhi, IN",pm_tok_synthetic_01208,238,1,1,1,1,0,NONE
tx_legit_001127,usr_norm_0557,merch_razorpay_045,427.71,INR,2026-08-10T14:12:13+00:00,dev_fingerprint_0451,10.0.140.38,"Ahmedabad, IN",pm_tok_synthetic_00133,311,3,0,1,1,0,NONE
tx_legit_005988,usr_norm_1439,merch_razorpay_038,723.93,INR,2026-08-10T14:17:21+00:00,dev_fingerprint_0411,192.168.220.199,"Bengaluru, IN",pm_tok_synthetic_01111,84,1,0,2,1,0,NONE
tx_legit_004340,usr_norm_1321,merch_razorpay_005,539.19,INR,2026-08-10T14:17:42+00:00,dev_fingerprint_0324,192.168.113.88,"Kolkata, IN",pm_tok_synthetic_00172,792,1,0,1,2,0,NONE
tx_legit_006700,usr_norm_0602,merch_razorpay_023,418.02,INR,2026-08-10T14:21:57+00:00,dev_fingerprint_1342,192.168.17.99,"Hyderabad, IN",pm_tok_synthetic_00389,31,1,0,1,2,0,NONE
tx_legit_001730,usr_norm_0155,merch_razorpay_023,302.08,INR,2026-08-10T14:22:07+00:00,dev_fingerprint_0227,192.168.12.84,"Hyderabad, IN",pm_tok_synthetic_02047,641,1,0,1,2,0,NONE
tx_legit_002018,usr_norm_1612,merch_razorpay_030,1209.39,INR,2026-08-10T14:27:57+00:00,dev_fingerprint_0713,192.168.31.191,"Mumbai, IN",pm_tok_synthetic_02353,160,1,0,2,2,0,NONE
tx_legit_007459,usr_norm_1918,merch_razorpay_043,445.08,INR,2026-08-10T14:29:07+00:00,dev_fingerprint_0537,192.168.54.175,"Pune, IN",pm_tok_synthetic_01935,157,1,0,1,1,0,NONE
tx_legit_002884,usr_norm_0270,merch_razorpay_034,934.67,INR,2026-08-10T14:29:22+00:00,dev_fingerprint_0970,192.168.95.43,"Hyderabad, IN",pm_tok_synthetic_01871,182,3,0,1,1,0,NONE
tx_legit_002500,usr_norm_0929,merch_razorpay_022,1101.46,INR,2026-08-10T14:31:57+00:00,dev_fingerprint_0357,192.168.71.3,"Mumbai, IN",pm_tok_synthetic_00161,327,1,0,1,1,0,NONE
tx_fraud_000364,usr_fraud_reuseC_003,merch_razorpay_002,18129.55,INR,2026-08-10T14:33:40+00:00,dev_reuseC_003,198.51.100.182,"Bengaluru, IN",pm_tok_stolen_C_001,5,3,2,2,4,1,PAYMENT_REF_REUSE
tx_legit_006554,usr_norm_0385,merch_razorpay_009,601.71,INR,2026-08-10T14:34:19+00:00,dev_fingerprint_0358,192.168.224.4,"Chennai, IN",pm_tok_synthetic_01749,599,1,0,1,1,0,NONE
tx_legit_003936,usr_norm_0742,merch_razorpay_022,324.18,INR,2026-08-10T14:34:53+00:00,dev_fingerprint_0044,192.168.133.116,"Kolkata, IN",pm_tok_synthetic_01679,751,3,0,1,1,0,NONE
tx_legit_001609,usr_norm_1652,merch_razorpay_032,509.93,INR,2026-08-10T14:36:29+00:00,dev_fingerprint_1697,192.168.243.218,"Ahmedabad, IN",pm_tok_synthetic_00556,116,1,0,1,3,0,NONE
tx_legit_001509,usr_norm_1361,merch_razorpay_028,684.18,INR,2026-08-10T14:37:08+00:00,dev_fingerprint_0100,192.168.218.32,"Kolkata, IN",pm_tok_synthetic_00904,650,2,0,1,3,0,NONE
tx_legit_006468,usr_norm_0131,merch_razorpay_009,2340.15,INR,2026-08-10T14:37:20+00:00,dev_fingerprint_1570,192.168.78.127,"Mumbai, IN",pm_tok_synthetic_02336,481,1,0,2,1,0,NONE
tx_legit_005786,usr_norm_1493,merch_razorpay_045,93.26,INR,2026-08-10T14:42:56+00:00,dev_fingerprint_0585,192.168.150.243,"Chennai, IN",pm_tok_synthetic_00681,462,3,1,1,1,0,NONE
tx_fraud_000031,usr_fraud_ringA_005,merch_razorpay_014,6516.24,INR,2026-08-10T15:03:03+00:00,dev_fraud_ring_A_0,198.51.100.20,"Kolkata, IN",pm_tok_ringA_009,6,7,2,15,2,1,DEVICE_SHARING_RING
tx_legit_005218,usr_norm_1574,merch_razorpay_015,456.31,INR,2026-08-10T15:05:30+00:00,dev_fingerprint_0413,192.168.87.206,"Pune, IN",pm_tok_synthetic_00379,484,2,0,2,1,0,NONE
tx_legit_007950,usr_norm_1790,merch_razorpay_019,425.77,INR,2026-08-10T15:05:41+00:00,dev_fingerprint_1320,192.168.171.236,"Mumbai, IN",pm_tok_synthetic_01167,244,1,1,1,2,0,NONE
tx_legit_003817,usr_norm_0683,merch_razorpay_011,274.29,INR,2026-08-10T15:06:53+00:00,dev_fingerprint_0273,192.168.162.176,"Hyderabad, IN",pm_tok_synthetic_01615,106,1,0,1,2,0,NONE
tx_legit_006479,usr_norm_0700,merch_razorpay_044,270.04,INR,2026-08-10T15:08:10+00:00,dev_fingerprint_1760,10.0.116.32,"Kolkata, IN",pm_tok_synthetic_01852,599,1,0,1,1,0,NONE
tx_legit_000181,usr_norm_1344,merch_razorpay_027,133.56,INR,2026-08-10T15:13:40+00:00,dev_fingerprint_1226,192.168.30.120,"Mumbai, IN",pm_tok_synthetic_02271,194,1,0,1,1,0,NONE
tx_fraud_000417,usr_fraud_reuseC_016,merch_razorpay_013,7996.98,INR,2026-08-10T15:14:03+00:00,dev_reuseC_016,198.51.100.184,"Delhi, IN",pm_tok_stolen_C_003,1,5,0,2,3,1,PAYMENT_REF_REUSE
tx_legit_007226,usr_norm_1009,merch_razorpay_026,736.55,INR,2026-08-10T15:16:31+00:00,dev_fingerprint_1568,192.168.70.129,"Bengaluru, IN",pm_tok_synthetic_01208,238,1,0,1,2,0,NONE
tx_legit_001362,usr_norm_0574,merch_razorpay_034,122.48,INR,2026-08-10T15:25:00+00:00,dev_fingerprint_1172,192.168.142.40,"Kolkata, IN",pm_tok_synthetic_02107,725,1,0,1,2,0,NONE
tx_legit_006405,usr_norm_0375,merch_razorpay_019,564.05,INR,2026-08-10T15:27:08+00:00,dev_fingerprint_0068,192.168.74.61,"Delhi, IN",pm_tok_synthetic_02448,718,1,0,1,1,0,NONE
tx_legit_003996,usr_norm_0716,merch_razorpay_037,953.75,INR,2026-08-10T15:39:23+00:00,dev_fingerprint_0604,192.168.193.244,"Kolkata, IN",pm_tok_synthetic_01687,593,1,0,1,3,0,NONE
tx_legit_005131,usr_norm_0216,merch_razorpay_026,1007.97,INR,2026-08-10T15:51:09+00:00,dev_fingerprint_0633,192.168.193.61,"Pune, IN",pm_tok_synthetic_01960,568,1,0,1,1,0,NONE
tx_legit_006357,usr_norm_1422,merch_razorpay_010,984.68,INR,2026-08-10T15:51:56+00:00,dev_fingerprint_0748,192.168.187.202,"Ahmedabad, IN",pm_tok_synthetic_00780,358,1,0,1,2,0,NONE
tx_legit_005671,usr_norm_0275,merch_razorpay_041,536.78,INR,2026-08-10T15:51:57+00:00,dev_fingerprint_1003,192.168.167.114,"Ahmedabad, IN",pm_tok_synthetic_02305,336,1,0,3,1,0,NONE
tx_legit_008499,usr_norm_0308,merch_razorpay_040,572.57,INR,2026-08-10T15:52:51+00:00,dev_fingerprint_0846,192.168.7.169,"Ahmedabad, IN",pm_tok_synthetic_01934,132,1,0,1,1,0,NONE
tx_legit_005109,usr_norm_1751,merch_razorpay_042,583.07,INR,2026-08-10T15:58:42+00:00,dev_fingerprint_0694,192.168.187.63,"Bengaluru, IN",pm_tok_synthetic_01383,836,1,0,1,1,0,NONE
tx_legit_008960,usr_norm_1280,merch_razorpay_014,583.23,INR,2026-08-10T16:04:16+00:00,dev_fingerprint_1123,192.168.71.113,"Kolkata, IN",pm_tok_synthetic_00553,744,2,0,1,2,0,NONE
tx_legit_005282,usr_norm_0675,merch_razorpay_017,393.55,INR,2026-08-10T16:12:38+00:00,dev_fingerprint_1302,192.168.96.111,"Bengaluru, IN",pm_tok_synthetic_00039,373,1,0,1,2,0,NONE
tx_legit_000860,usr_norm_1382,merch_razorpay_037,1045.37,INR,2026-08-10T16:16:51+00:00,dev_fingerprint_0768,192.168.131.192,"Chennai, IN",pm_tok_synthetic_02253,792,1,0,1,1,0,NONE
tx_legit_004603,usr_norm_1324,merch_razorpay_039,570.14,INR,2026-08-10T16:21:57+00:00,dev_fingerprint_1552,192.168.159.65,"Hyderabad, IN",pm_tok_synthetic_02090,712,1,0,1,2,0,NONE
tx_legit_000415,usr_norm_1467,merch_razorpay_027,306.21,INR,2026-08-10T16:22:42+00:00,dev_fingerprint_0242,192.168.109.47,"Kolkata, IN",pm_tok_synthetic_01300,889,2,0,1,1,0,NONE
tx_legit_000050,usr_norm_1637,merch_razorpay_047,620.39,INR,2026-08-10T16:24:57+00:00,dev_fingerprint_1582,192.168.247.20,"Bengaluru, IN",pm_tok_synthetic_01410,121,1,0,1,3,0,NONE
tx_legit_006091,usr_norm_0859,merch_razorpay_025,649.02,INR,2026-08-10T16:31:33+00:00,dev_fingerprint_1343,192.168.112.163,"Delhi, IN",pm_tok_synthetic_01223,222,1,0,1,1,0,NONE
tx_legit_004083,usr_norm_0936,merch_razorpay_017,430.82,INR,2026-08-10T16:35:24+00:00,dev_fingerprint_0819,192.168.72.9,"Chennai, IN",pm_tok_synthetic_01869,308,1,1,1,4,0,NONE
tx_legit_003820,usr_norm_1477,merch_razorpay_010,402.19,INR,2026-08-10T16:39:59+00:00,dev_fingerprint_1458,192.168.77.221,"Kolkata, IN",pm_tok_synthetic_01531,218,1,0,1,2,0,NONE
tx_legit_007389,usr_norm_1106,merch_razorpay_011,443.85,INR,2026-08-10T16:44:20+00:00,dev_fingerprint_1257,10.0.244.65,"Mumbai, IN",pm_tok_synthetic_00679,805,2,0,1,1,0,NONE
tx_legit_006429,usr_norm_0585,merch_razorpay_002,632.75,INR,2026-08-10T16:49:43+00:00,dev_fingerprint_1191,192.168.71.63,"Hyderabad, IN",pm_tok_synthetic_00381,778,1,0,2,2,0,NONE
tx_legit_006204,usr_norm_1254,merch_razorpay_016,660.75,INR,2026-08-10T16:53:41+00:00,dev_fingerprint_1391,192.168.177.95,"Mumbai, IN",pm_tok_synthetic_02480,233,2,0,1,1,0,NONE
tx_legit_004322,usr_norm_0528,merch_razorpay_019,509.21,INR,2026-08-10T16:55:42+00:00,dev_fingerprint_1146,192.168.171.136,"Hyderabad, IN",pm_tok_synthetic_01892,267,1,0,1,1,0,NONE
tx_legit_008543,usr_norm_1793,merch_razorpay_042,2194.64,INR,2026-08-10T16:59:57+00:00,dev_fingerprint_1518,192.168.4.68,"Bengaluru, IN",pm_tok_synthetic_02201,210,1,0,1,2,0,NONE
tx_legit_002902,usr_norm_1450,merch_razorpay_019,511.07,INR,2026-08-10T17:00:58+00:00,dev_fingerprint_0321,10.0.7.118,"Hyderabad, IN",pm_tok_synthetic_01420,730,1,0,1,2,0,NONE
tx_legit_002309,usr_norm_1668,merch_razorpay_020,2340.59,INR,2026-08-10T17:06:26+00:00,dev_fingerprint_1297,192.168.204.252,"Kolkata, IN",pm_tok_synthetic_02374,349,1,0,2,1,0,NONE
tx_fraud_000115,usr_fraud_ringA_014,merch_razorpay_020,14519.34,INR,2026-08-10T17:11:13+00:00,dev_fraud_ring_A_0,198.51.100.74,"Delhi, IN",pm_tok_ringA_006,6,5,3,10,6,1,DEVICE_SHARING_RING
tx_legit_009197,usr_norm_1008,merch_razorpay_032,582.29,INR,2026-08-10T17:16:20+00:00,dev_fingerprint_1399,192.168.226.18,"Bengaluru, IN",pm_tok_synthetic_00599,889,1,0,1,1,0,NONE
tx_legit_000750,usr_norm_1220,merch_razorpay_000,164.19,INR,2026-08-10T17:26:34+00:00,dev_fingerprint_0218,192.168.236.1,"Pune, IN",pm_tok_synthetic_00321,722,1,0,1,3,0,NONE
tx_legit_006754,usr_norm_1458,merch_razorpay_039,350.02,INR,2026-08-10T17:30:37+00:00,dev_fingerprint_0492,192.168.84.47,"Pune, IN",pm_tok_synthetic_00625,466,2,0,1,1,0,NONE
tx_legit_000294,usr_norm_1428,merch_razorpay_016,186.65,INR,2026-08-10T17:36:45+00:00,dev_fingerprint_1491,192.168.66.171,"Mumbai, IN",pm_tok_synthetic_00351,145,1,0,1,1,0,NONE
tx_legit_001263,usr_norm_0067,merch_razorpay_002,370.73,INR,2026-08-10T17:41:00+00:00,dev_fingerprint_1144,192.168.114.43,"Hyderabad, IN",pm_tok_synthetic_01450,103,1,0,2,1,0,NONE
tx_legit_008581,usr_norm_0166,merch_razorpay_031,553.27,INR,2026-08-10T17:41:50+00:00,dev_fingerprint_0493,192.168.119.106,"Pune, IN",pm_tok_synthetic_02353,820,1,0,1,2,0,NONE
tx_legit_003572,usr_norm_1008,merch_razorpay_011,1305.14,INR,2026-08-10T17:45:45+00:00,dev_fingerprint_1399,192.168.226.18,"Pune, IN",pm_tok_synthetic_00599,889,1,0,1,2,0,NONE
tx_legit_006727,usr_norm_1562,merch_razorpay_045,573.3,INR,2026-08-10T17:48:42+00:00,dev_fingerprint_1097,192.168.2.195,"Delhi, IN",pm_tok_synthetic_00853,621,1,0,1,2,0,NONE
tx_legit_002098,usr_norm_0724,merch_razorpay_033,223.2,INR,2026-08-10T17:49:40+00:00,dev_fingerprint_0553,10.0.172.106,"Chennai, IN",pm_tok_synthetic_00106,356,1,0,1,1,0,NONE
tx_legit_001343,usr_norm_1800,merch_razorpay_026,300.1,INR,2026-08-10T17:55:00+00:00,dev_fingerprint_0485,192.168.114.195,"Hyderabad, IN",pm_tok_synthetic_01311,234,2,0,1,2,0,NONE
tx_legit_007580,usr_norm_1895,merch_razorpay_025,355.79,INR,2026-08-10T18:06:49+00:00,dev_fingerprint_0807,192.168.193.218,"Hyderabad, IN",pm_tok_synthetic_02008,355,1,0,1,2,0,NONE
tx_legit_003623,usr_norm_0667,merch_razorpay_046,415.46,INR,2026-08-10T18:08:52+00:00,dev_fingerprint_0636,192.168.79.211,"Chennai, IN",pm_tok_synthetic_00353,596,2,0,1,2,0,NONE
tx_legit_008904,usr_norm_0394,merch_razorpay_029,566.75,INR,2026-08-10T18:10:43+00:00,dev_fingerprint_1085,10.0.94.246,"Mumbai, IN",pm_tok_synthetic_01590,278,1,0,1,1,0,NONE
tx_legit_008084,usr_norm_0495,merch_razorpay_021,611.48,INR,2026-08-10T18:15:45+00:00,dev_fingerprint_0804,192.168.85.160,"Delhi, IN",pm_tok_synthetic_00466,607,1,0,2,1,0,NONE
tx_legit_007149,usr_norm_0289,merch_razorpay_033,918.97,INR,2026-08-10T18:19:10+00:00,dev_fingerprint_0424,192.168.212.188,"Chennai, IN",pm_tok_synthetic_01331,708,2,0,1,1,0,NONE
tx_legit_006063,usr_norm_1091,merch_razorpay_031,721.11,INR,2026-08-10T18:20:06+00:00,dev_fingerprint_0947,10.0.208.52,"Chennai, IN",pm_tok_synthetic_01469,823,1,0,1,1,0,NONE
tx_legit_004831,usr_norm_1090,merch_razorpay_026,422.53,INR,2026-08-10T18:36:02+00:00,dev_fingerprint_0736,192.168.33.33,"Mumbai, IN",pm_tok_synthetic_01358,521,1,0,2,1,0,NONE
tx_legit_007126,usr_norm_1379,merch_razorpay_026,652.37,INR,2026-08-10T18:36:49+00:00,dev_fingerprint_0664,192.168.21.157,"Mumbai, IN",pm_tok_synthetic_01522,452,3,0,1,2,0,NONE
tx_legit_001659,usr_norm_1570,merch_razorpay_035,88.96,INR,2026-08-10T18:40:06+00:00,dev_fingerprint_1017,192.168.191.250,"Pune, IN",pm_tok_synthetic_00002,410,1,0,1,1,0,NONE
tx_legit_001199,usr_norm_0585,merch_razorpay_007,1102.77,INR,2026-08-10T18:43:32+00:00,dev_fingerprint_1191,192.168.71.63,"Chennai, IN",pm_tok_synthetic_00381,778,1,0,1,2,0,NONE
tx_legit_007155,usr_norm_0074,merch_razorpay_017,442.94,INR,2026-08-10T18:49:01+00:00,dev_fingerprint_1412,192.168.186.173,"Bengaluru, IN",pm_tok_synthetic_01482,120,1,0,2,1,0,NONE
tx_legit_006943,usr_norm_0416,merch_razorpay_003,142.01,INR,2026-08-10T18:56:25+00:00,dev_fingerprint_0401,192.168.59.58,"Delhi, IN",pm_tok_synthetic_00942,418,1,0,1,2,0,NONE
tx_fraud_000604,usr_fraud_anomD_123,merch_razorpay_016,89148.33,INR,2026-08-10T18:59:18+00:00,dev_anomD_123,192.0.2.62,Unknown / VPN Node,pm_tok_anomD_123,6,6,3,2,3,1,BEHAVIORAL_ANOMALY
tx_legit_000123,usr_norm_1837,merch_razorpay_038,206.33,INR,2026-08-10T19:02:30+00:00,dev_fingerprint_0424,192.168.62.147,"Mumbai, IN",pm_tok_synthetic_00331,665,2,0,1,1,0,NONE
tx_legit_003154,usr_norm_1626,merch_razorpay_007,1438.38,INR,2026-08-10T19:05:18+00:00,dev_fingerprint_0911,10.0.66.188,"Chennai, IN",pm_tok_synthetic_01261,445,2,0,2,1,0,NONE
tx_legit_007941,usr_norm_1353,merch_razorpay_005,390.34,INR,2026-08-10T19:12:45+00:00,dev_fingerprint_1018,192.168.131.192,"Kolkata, IN",pm_tok_synthetic_02258,187,1,0,1,1,0,NONE
tx_legit_007787,usr_norm_1009,merch_razorpay_002,621.96,INR,2026-08-10T19:20:07+00:00,dev_fingerprint_0127,192.168.70.129,"Mumbai, IN",pm_tok_synthetic_01208,238,1,0,1,1,0,NONE
tx_legit_000013,usr_norm_0056,merch_razorpay_035,182.62,INR,2026-08-10T19:20:09+00:00,dev_fingerprint_0868,192.168.7.233,"Kolkata, IN",pm_tok_synthetic_02486,482,1,0,1,2,0,NONE
tx_legit_002120,usr_norm_1728,merch_razorpay_046,1278.66,INR,2026-08-10T19:28:11+00:00,dev_fingerprint_0149,192.168.225.184,"Mumbai, IN",pm_tok_synthetic_02340,775,1,0,1,1,0,NONE
tx_legit_003631,usr_norm_1864,merch_razorpay_020,395.27,INR,2026-08-10T19:35:18+00:00,dev_fingerprint_1185,192.168.46.149,"Mumbai, IN",pm_tok_synthetic_01336,527,1,0,1,1,0,NONE
tx_legit_008525,usr_norm_0958,merch_razorpay_019,301.79,INR,2026-08-10T19:36:43+00:00,dev_fingerprint_1038,192.168.48.18,"Kolkata, IN",pm_tok_synthetic_02254,688,1,0,1,3,0,NONE
tx_legit_006757,usr_norm_0928,merch_razorpay_037,1155.26,INR,2026-08-10T19:40:13+00:00,dev_fingerprint_0540,192.168.196.148,"Hyderabad, IN",pm_tok_synthetic_00205,132,3,0,1,1,0,NONE
tx_legit_004753,usr_norm_0709,merch_razorpay_029,402.09,INR,2026-08-10T19:40:17+00:00,dev_fingerprint_0087,192.168.233.180,"Hyderabad, IN",pm_tok_synthetic_01888,81,1,0,1,3,0,NONE
tx_legit_000858,usr_norm_0576,merch_razorpay_023,315.18,INR,2026-08-10T19:42:16+00:00,dev_fingerprint_1998,10.0.228.94,"Hyderabad, IN",pm_tok_synthetic_00519,748,3,0,1,1,0,NONE
tx_fraud_000132,usr_fraud_ringA_006,merch_razorpay_036,7529.45,INR,2026-08-10T20:01:07+00:00,dev_fraud_ring_A_3,198.51.100.41,"Bengaluru, IN",pm_tok_ringA_007,12,11,4,8,3,1,DEVICE_SHARING_RING
tx_legit_000349,usr_norm_0582,merch_razorpay_039,1617.02,INR,2026-08-10T20:01:56+00:00,dev_fingerprint_1297,10.0.150.187,"Kolkata, IN",pm_tok_synthetic_00381,442,1,0,1,1,0,NONE
tx_legit_008338,usr_norm_1998,merch_razorpay_021,447.75,INR,2026-08-10T20:07:13+00:00,dev_fingerprint_0931,192.168.249.129,"Hyderabad, IN",pm_tok_synthetic_00500,286,1,0,1,2,0,NONE
tx_legit_002608,usr_norm_0120,merch_razorpay_036,436.98,INR,2026-08-10T20:11:58+00:00,dev_fingerprint_0317,192.168.64.191,"Ahmedabad, IN",pm_tok_synthetic_01211,894,1,0,1,1,0,NONE
tx_legit_006023,usr_norm_0278,merch_razorpay_024,403.39,INR,2026-08-10T20:16:00+00:00,dev_fingerprint_1195,192.168.239.61,"Delhi, IN",pm_tok_synthetic_00109,641,1,0,1,1,0,NONE
tx_legit_001347,usr_norm_1747,merch_razorpay_044,645.21,INR,2026-08-10T20:16:57+00:00,dev_fingerprint_1889,192.168.102.34,"Chennai, IN",pm_tok_synthetic_02003,428,1,0,1,1,0,NONE
tx_legit_008276,usr_norm_0641,merch_razorpay_048,439.38,INR,2026-08-10T20:26:07+00:00,dev_fingerprint_1430,192.168.191.221,"Delhi, IN",pm_tok_synthetic_00977,89,1,0,1,2,0,NONE
tx_legit_003896,usr_norm_1422,merch_razorpay_041,342.73,INR,2026-08-10T20:26:49+00:00,dev_fingerprint_0748,192.168.187.202,"Pune, IN",pm_tok_synthetic_00780,358,1,0,1,1,0,NONE
tx_legit_005715,usr_norm_1807,merch_razorpay_007,271.8,INR,2026-08-10T20:32:03+00:00,dev_fingerprint_0687,192.168.62.225,"Mumbai, IN",pm_tok_synthetic_00131,738,1,0,1,1,0,NONE
tx_legit_006875,usr_norm_1567,merch_razorpay_033,1696.2,INR,2026-08-10T20:36:48+00:00,dev_fingerprint_0383,192.168.142.136,"Bengaluru, IN",pm_tok_synthetic_00478,831,1,0,1,1,0,NONE
tx_legit_000951,usr_norm_0096,merch_razorpay_024,828.27,INR,2026-08-10T20:52:06+00:00,dev_fingerprint_1188,192.168.46.188,"Kolkata, IN",pm_tok_synthetic_00168,490,1,1,1,1,0,NONE
tx_legit_005531,usr_norm_0907,merch_razorpay_042,971.95,INR,2026-08-10T21:07:40+00:00,dev_fingerprint_0221,192.168.16.157,"Hyderabad, IN",pm_tok_synthetic_00080,79,1,0,1,4,0,NONE
tx_legit_003760,usr_norm_1867,merch_razorpay_049,898.38,INR,2026-08-10T21:07:48+00:00,dev_fingerprint_1161,192.168.251.195,"Mumbai, IN",pm_tok_synthetic_01255,205,1,1,1,2,0,NONE
tx_legit_003275,usr_norm_0083,merch_razorpay_036,214.09,INR,2026-08-10T21:15:51+00:00,dev_fingerprint_0355,192.168.31.185,"Delhi, IN",pm_tok_synthetic_00626,808,1,0,2,1,0,NONE
tx_legit_002541,usr_norm_1829,merch_razorpay_039,635.76,INR,2026-08-10T21:16:30+00:00,dev_fingerprint_1635,192.168.41.19,"Hyderabad, IN",pm_tok_synthetic_02336,795,1,0,1,1,0,NONE
tx_legit_005548,usr_norm_0919,merch_razorpay_002,443.37,INR,2026-08-10T21:18:13+00:00,dev_fingerprint_0733,192.168.173.211,"Kolkata, IN",pm_tok_synthetic_01678,332,1,0,1,1,0,NONE
tx_legit_004153,usr_norm_0770,merch_razorpay_025,292.53,INR,2026-08-10T21:20:33+00:00,dev_fingerprint_0041,192.168.208.64,"Chennai, IN",pm_tok_synthetic_01850,137,2,0,1,1,0,NONE
tx_legit_001741,usr_norm_0380,merch_razorpay_049,1672.99,INR,2026-08-10T21:27:47+00:00,dev_fingerprint_1498,192.168.67.88,"Bengaluru, IN",pm_tok_synthetic_01306,621,1,2,1,1,0,NONE
tx_fraud_000153,usr_fraud_ringA_002,merch_razorpay_023,14078.03,INR,2026-08-10T21:31:26+00:00,dev_fraud_ring_A_2,198.51.100.27,"Pune, IN",pm_tok_ringA_005,12,7,1,17,6,1,DEVICE_SHARING_RING
tx_legit_003123,usr_norm_1968,merch_razorpay_004,407.63,INR,2026-08-10T21:34:19+00:00,dev_fingerprint_1184,10.0.165.99,"Ahmedabad, IN",pm_tok_synthetic_00057,571,2,0,1,1,0,NONE
tx_legit_004081,usr_norm_1850,merch_razorpay_042,530.92,INR,2026-08-10T21:35:36+00:00,dev_fingerprint_0995,192.168.21.121,"Bengaluru, IN",pm_tok_synthetic_02157,879,2,1,1,5,0,NONE
tx_legit_008297,usr_norm_0273,merch_razorpay_018,358.8,INR,2026-08-10T21:43:14+00:00,dev_fingerprint_1775,192.168.46.78,"Pune, IN",pm_tok_synthetic_01225,637,1,0,1,3,0,NONE
tx_legit_007090,usr_norm_1659,merch_razorpay_008,247.96,INR,2026-08-10T21:57:27+00:00,dev_fingerprint_1496,192.168.184.81,"Delhi, IN",pm_tok_synthetic_02055,305,1,0,1,2,0,NONE
tx_legit_004169,usr_norm_1492,merch_razorpay_043,846.65,INR,2026-08-10T21:58:24+00:00,dev_fingerprint_0596,192.168.64.216,"Mumbai, IN",pm_tok_synthetic_01630,341,1,0,1,1,0,NONE
tx_legit_007835,usr_norm_0905,merch_razorpay_019,388.37,INR,2026-08-10T22:00:02+00:00,dev_fingerprint_1311,192.168.181.78,"Ahmedabad, IN",pm_tok_synthetic_02190,668,1,0,1,1,0,NONE
tx_legit_003794,usr_norm_0970,merch_razorpay_017,200.83,INR,2026-08-10T22:01:28+00:00,dev_fingerprint_1147,192.168.226.35,"Mumbai, IN",pm_tok_synthetic_01894,514,1,0,1,1,0,NONE
tx_legit_006163,usr_norm_1077,merch_razorpay_028,698.63,INR,2026-08-10T22:07:17+00:00,dev_fingerprint_1793,192.168.247.10,"Mumbai, IN",pm_tok_synthetic_02323,85,1,0,1,1,0,NONE
tx_fraud_000441,usr_fraud_reuseC_000,merch_razorpay_040,7446.17,INR,2026-08-10T22:09:04+00:00,dev_reuseC_016,198.51.100.173,"Delhi, IN",pm_tok_stolen_C_005,4,7,0,2,2,1,PAYMENT_REF_REUSE
tx_legit_004515,usr_norm_1132,merch_razorpay_012,430.06,INR,2026-08-10T22:14:11+00:00,dev_fingerprint_0261,192.168.125.55,"Hyderabad, IN",pm_tok_synthetic_02426,194,1,0,1,1,0,NONE
tx_legit_003202,usr_norm_0212,merch_razorpay_016,693.73,INR,2026-08-10T22:19:34+00:00,dev_fingerprint_1730,192.168.122.181,"Delhi, IN",pm_tok_synthetic_00568,272,1,0,1,1,0,NONE
tx_legit_006924,usr_norm_0188,merch_razorpay_045,329.73,INR,2026-08-10T22:26:17+00:00,dev_fingerprint_0909,192.168.131.30,"Pune, IN",pm_tok_synthetic_01831,73,1,0,1,1,0,NONE
tx_legit_000532,usr_norm_1988,merch_razorpay_001,356.94,INR,2026-08-10T22:27:11+00:00,dev_fingerprint_1348,10.0.20.72,"Chennai, IN",pm_tok_synthetic_00348,152,1,0,2,2,0,NONE
tx_legit_006738,usr_norm_0936,merch_razorpay_028,351.53,INR,2026-08-10T22:28:43+00:00,dev_fingerprint_1668,192.168.72.9,"Hyderabad, IN",pm_tok_synthetic_01869,308,1,0,1,1,0,NONE
tx_legit_001024,usr_norm_0900,merch_razorpay_024,299.2,INR,2026-08-10T22:47:35+00:00,dev_fingerprint_1003,192.168.185.241,"Mumbai, IN",pm_tok_synthetic_00771,198,3,0,1,1,0,NONE
tx_legit_001260,usr_norm_0474,merch_razorpay_042,1581.23,INR,2026-08-10T22:58:49+00:00,dev_fingerprint_0190,192.168.191.141,"Kolkata, IN",pm_tok_synthetic_02449,833,3,0,1,1,0,NONE
tx_legit_001542,usr_norm_1279,merch_razorpay_029,612.27,INR,2026-08-10T22:58:58+00:00,dev_fingerprint_0956,192.168.243.218,"Ahmedabad, IN",pm_tok_synthetic_02214,308,1,0,1,1,0,NONE
tx_legit_004211,usr_norm_1645,merch_razorpay_028,1026.54,INR,2026-08-10T23:08:23+00:00,dev_fingerprint_0781,192.168.141.115,"Mumbai, IN",pm_tok_synthetic_02232,246,1,0,1,1,0,NONE
tx_fraud_000481,usr_fraud_anomD_000,merch_razorpay_043,76406.59,INR,2026-08-10T23:09:07+00:00,dev_anomD_000,192.0.2.150,Unknown / VPN Node,pm_tok_anomD_000,8,7,7,3,1,1,BEHAVIORAL_ANOMALY
tx_legit_007659,usr_norm_1297,merch_razorpay_043,185.92,INR,2026-08-10T23:24:30+00:00,dev_fingerprint_0864,192.168.126.27,"Bengaluru, IN",pm_tok_synthetic_00981,559,1,0,1,1,0,NONE
tx_legit_004484,usr_norm_1919,merch_razorpay_017,207.75,INR,2026-08-10T23:28:55+00:00,dev_fingerprint_1339,192.168.121.75,"Pune, IN",pm_tok_synthetic_01178,457,1,0,1,1,0,NONE
tx_legit_008307,usr_norm_0105,merch_razorpay_010,497.88,INR,2026-08-10T23:31:12+00:00,dev_fingerprint_1764,192.168.73.186,"Bengaluru, IN",pm_tok_synthetic_01385,725,1,1,2,1,0,NONE
tx_fraud_000449,usr_fraud_reuseC_008,merch_razorpay_006,21550.28,INR,2026-08-10T23:39:11+00:00,dev_reuseC_003,198.51.100.151,"Hyderabad, IN",pm_tok_stolen_C_002,4,7,0,4,6,1,PAYMENT_REF_REUSE
tx_legit_006950,usr_norm_0422,merch_razorpay_023,199.77,INR,2026-08-10T23:43:32+00:00,dev_fingerprint_0376,192.168.37.194,"Bengaluru, IN",pm_tok_synthetic_02220,687,2,0,1,1,0,NONE
tx_legit_007821,usr_norm_1520,merch_razorpay_001,421.94,INR,2026-08-10T23:44:49+00:00,dev_fingerprint_1502,192.168.71.12,"Bengaluru, IN",pm_tok_synthetic_02283,869,1,0,2,2,0,NONE
tx_legit_004207,usr_norm_1466,merch_razorpay_032,456.88,INR,2026-08-10T23:51:18+00:00,dev_fingerprint_0138,192.168.158.207,"Delhi, IN",pm_tok_synthetic_00956,766,1,1,1,2,0,NONE
tx_legit_000113,usr_norm_0623,merch_razorpay_002,1101.44,INR,2026-08-10T23:52:54+00:00,dev_fingerprint_1060,192.168.48.50,"Ahmedabad, IN",pm_tok_synthetic_02087,223,1,0,1,1,0,NONE
tx_legit_008632,usr_norm_0543,merch_razorpay_042,221.63,INR,2026-08-10T23:59:19+00:00,dev_fingerprint_0241,192.168.102.34,"Kolkata, IN",pm_tok_synthetic_01250,149,2,0,1,2,0,NONE
tx_legit_000824,usr_norm_1443,merch_razorpay_022,375.99,INR,2026-08-10T23:59:44+00:00,dev_fingerprint_0599,192.168.28.61,"Bengaluru, IN",pm_tok_synthetic_01583,266,1,0,1,1,0,NONE
tx_legit_006552,usr_norm_1016,merch_razorpay_017,345.89,INR,2026-08-11T00:05:05+00:00,dev_fingerprint_0110,10.0.183.244,"Chennai, IN",pm_tok_synthetic_01029,237,1,0,1,4,0,NONE
tx_legit_007694,usr_norm_0622,merch_razorpay_009,705.78,INR,2026-08-11T00:05:45+00:00,dev_fingerprint_1348,192.168.145.222,"Delhi, IN",pm_tok_synthetic_01235,240,1,0,1,4,0,NONE
tx_legit_004688,usr_norm_1139,merch_razorpay_026,476.42,INR,2026-08-11T00:06:28+00:00,dev_fingerprint_0986,192.168.25.169,"Kolkata, IN",pm_tok_synthetic_00898,880,4,0,1,1,0,NONE
tx_legit_008814,usr_norm_1662,merch_razorpay_004,924.3,INR,2026-08-11T00:09:04+00:00,dev_fingerprint_0989,192.168.69.148,"Ahmedabad, IN",pm_tok_synthetic_01509,145,1,1,1,1,0,NONE
tx_legit_006186,usr_norm_1543,merch_razorpay_020,873.7,INR,2026-08-11T00:17:54+00:00,dev_fingerprint_0368,10.0.48.132,"Delhi, IN",pm_tok_synthetic_00647,268,1,1,1,1,0,NONE
tx_fraud_000506,usr_fraud_anomD_025,merch_razorpay_023,82685.56,INR,2026-08-11T00:29:46+00:00,dev_anomD_025,192.0.2.114,Unknown / VPN Node,pm_tok_anomD_025,8,12,7,2,4,1,BEHAVIORAL_ANOMALY
tx_legit_008429,usr_norm_1292,merch_razorpay_040,479.93,INR,2026-08-11T00:32:09+00:00,dev_fingerprint_0473,192.168.203.211,"Kolkata, IN",pm_tok_synthetic_00029,591,1,0,1,2,0,NONE
tx_legit_008403,usr_norm_1449,merch_razorpay_042,311.2,INR,2026-08-11T00:32:29+00:00,dev_fingerprint_0683,192.168.165.110,"Pune, IN",pm_tok_synthetic_01611,792,2,0,1,4,0,NONE
tx_legit_005310,usr_norm_0610,merch_razorpay_005,611.04,INR,2026-08-11T00:47:48+00:00,dev_fingerprint_0612,192.168.43.68,"Bengaluru, IN",pm_tok_synthetic_01567,822,1,0,2,1,0,NONE
tx_legit_004312,usr_norm_1706,merch_razorpay_027,596.51,INR,2026-08-11T00:57:48+00:00,dev_fingerprint_1121,192.168.56.60,"Mumbai, IN",pm_tok_synthetic_00034,881,1,0,1,2,0,NONE
tx_legit_006413,usr_norm_0408,merch_razorpay_018,730.93,INR,2026-08-11T01:16:02+00:00,dev_fingerprint_1328,192.168.185.241,"Ahmedabad, IN",pm_tok_synthetic_01263,297,1,0,1,2,0,NONE
tx_legit_005038,usr_norm_1148,merch_razorpay_044,634.83,INR,2026-08-11T01:16:31+00:00,dev_fingerprint_0197,192.168.26.16,"Ahmedabad, IN",pm_tok_synthetic_01949,659,2,0,1,1,0,NONE
tx_legit_004622,usr_norm_1022,merch_razorpay_016,753.45,INR,2026-08-11T01:22:00+00:00,dev_fingerprint_0355,192.168.133.93,"Pune, IN",pm_tok_synthetic_02104,152,1,0,1,1,0,NONE
tx_fraud_000599,usr_fraud_anomD_118,merch_razorpay_037,57678.8,INR,2026-08-11T01:24:44+00:00,dev_anomD_118,192.0.2.42,Unknown / VPN Node,pm_tok_anomD_118,10,10,4,1,2,1,BEHAVIORAL_ANOMALY
tx_legit_008830,usr_norm_0322,merch_razorpay_024,240.77,INR,2026-08-11T01:30:22+00:00,dev_fingerprint_1032,10.0.188.91,"Chennai, IN",pm_tok_synthetic_01117,227,1,1,1,1,0,NONE
tx_legit_005377,usr_norm_1156,merch_razorpay_017,285.54,INR,2026-08-11T01:35:17+00:00,dev_fingerprint_1206,192.168.217.113,"Pune, IN",pm_tok_synthetic_02359,130,2,0,1,1,0,NONE
tx_legit_006894,usr_norm_0765,merch_razorpay_024,261.74,INR,2026-08-11T01:44:56+00:00,dev_fingerprint_0847,192.168.13.67,"Kolkata, IN",pm_tok_synthetic_01551,389,2,0,2,3,0,NONE
tx_legit_009131,usr_norm_1705,merch_razorpay_010,408.52,INR,2026-08-11T01:45:52+00:00,dev_fingerprint_0691,192.168.30.140,"Delhi, IN",pm_tok_synthetic_00736,350,1,0,1,1,0,NONE
tx_legit_008937,usr_norm_0651,merch_razorpay_034,361.83,INR,2026-08-11T01:47:08+00:00,dev_fingerprint_0538,192.168.209.126,"Delhi, IN",pm_tok_synthetic_02361,672,1,0,1,1,0,NONE
tx_legit_004305,usr_norm_1279,merch_razorpay_005,1046.59,INR,2026-08-11T01:51:36+00:00,dev_fingerprint_0956,192.168.243.218,"Bengaluru, IN",pm_tok_synthetic_02214,308,1,0,1,1,0,NONE
tx_fraud_000534,usr_fraud_anomD_053,merch_razorpay_002,89915.52,INR,2026-08-11T01:51:51+00:00,dev_anomD_053,192.0.2.111,Unknown / VPN Node,pm_tok_anomD_053,9,12,3,2,3,1,BEHAVIORAL_ANOMALY
tx_legit_004882,usr_norm_1364,merch_razorpay_012,704.84,INR,2026-08-11T02:03:40+00:00,dev_fingerprint_1308,192.168.143.57,"Ahmedabad, IN",pm_tok_synthetic_01478,601,2,0,1,1,0,NONE
tx_legit_002028,usr_norm_1892,merch_razorpay_047,381.11,INR,2026-08-11T02:12:45+00:00,dev_fingerprint_1078,192.168.21.218,"Ahmedabad, IN",pm_tok_synthetic_01138,230,1,0,1,2,0,NONE
tx_legit_001787,usr_norm_0819,merch_razorpay_014,637.16,INR,2026-08-11T02:13:05+00:00,dev_fingerprint_1246,10.0.134.60,"Ahmedabad, IN",pm_tok_synthetic_01645,69,1,0,1,1,0,NONE
tx_legit_005781,usr_norm_1458,merch_razorpay_038,500.55,INR,2026-08-11T02:16:19+00:00,dev_fingerprint_0492,192.168.84.47,"Hyderabad, IN",pm_tok_synthetic_00625,466,2,0,1,1,0,NONE
tx_legit_001445,usr_norm_0631,merch_razorpay_004,1823.35,INR,2026-08-11T02:17:31+00:00,dev_fingerprint_0149,192.168.151.72,"Pune, IN",pm_tok_synthetic_02405,99,1,0,1,2,0,NONE
tx_legit_006043,usr_norm_0473,merch_razorpay_029,362.71,INR,2026-08-11T02:21:08+00:00,dev_fingerprint_0053,10.0.219.11,"Delhi, IN",pm_tok_synthetic_01449,597,3,0,1,2,0,NONE
tx_legit_005647,usr_norm_1060,merch_razorpay_019,651.14,INR,2026-08-11T02:22:37+00:00,dev_fingerprint_1199,192.168.26.98,"Chennai, IN",pm_tok_synthetic_00297,396,1,1,1,2,0,NONE
tx_fraud_000550,usr_fraud_anomD_069,merch_razorpay_013,53291.83,INR,2026-08-11T02:31:24+00:00,dev_anomD_069,192.0.2.85,Unknown / VPN Node,pm_tok_anomD_069,7,7,4,2,4,1,BEHAVIORAL_ANOMALY
tx_legit_001576,usr_norm_0201,merch_razorpay_014,293.91,INR,2026-08-11T02:33:38+00:00,dev_fingerprint_0232,192.168.24.98,"Chennai, IN",pm_tok_synthetic_00762,541,1,2,1,1,0,NONE
tx_legit_002595,usr_norm_1330,merch_razorpay_000,945.28,INR,2026-08-11T02:33:48+00:00,dev_fingerprint_1221,192.168.19.182,"Pune, IN",pm_tok_synthetic_01521,819,1,0,1,3,0,NONE
tx_legit_002538,usr_norm_0165,merch_razorpay_043,197.36,INR,2026-08-11T02:38:43+00:00,dev_fingerprint_0033,192.168.237.207,"Pune, IN",pm_tok_synthetic_00276,383,4,0,1,3,0,NONE
tx_legit_006976,usr_norm_1192,merch_razorpay_000,218.37,INR,2026-08-11T02:39:29+00:00,dev_fingerprint_1371,192.168.163.159,"Pune, IN",pm_tok_synthetic_01660,630,2,0,1,2,0,NONE
tx_legit_005679,usr_norm_0660,merch_razorpay_033,572.85,INR,2026-08-11T02:48:24+00:00,dev_fingerprint_0072,192.168.40.112,"Pune, IN",pm_tok_synthetic_01717,259,1,1,1,2,0,NONE
tx_legit_003889,usr_norm_1577,merch_razorpay_041,281.83,INR,2026-08-11T02:54:18+00:00,dev_fingerprint_1072,192.168.250.205,"Hyderabad, IN",pm_tok_synthetic_01340,176,1,0,2,2,0,NONE
tx_legit_002832,usr_norm_0608,merch_razorpay_002,819.16,INR,2026-08-11T02:55:15+00:00,dev_fingerprint_0468,192.168.111.202,"Pune, IN",pm_tok_synthetic_00365,778,2,0,2,1,0,NONE
tx_legit_007593,usr_norm_0667,merch_razorpay_030,820.95,INR,2026-08-11T03:04:11+00:00,dev_fingerprint_0636,192.168.79.211,"Kolkata, IN",pm_tok_synthetic_00353,596,1,0,3,1,0,NONE
tx_legit_000258,usr_norm_1990,merch_razorpay_029,324.24,INR,2026-08-11T03:06:29+00:00,dev_fingerprint_1209,192.168.88.29,"Kolkata, IN",pm_tok_synthetic_00691,96,2,0,1,1,0,NONE
tx_legit_003455,usr_norm_0402,merch_razorpay_017,1170.12,INR,2026-08-11T03:06:38+00:00,dev_fingerprint_1876,192.168.92.148,"Mumbai, IN",pm_tok_synthetic_01363,340,1,0,1,2,0,NONE
tx_legit_005062,usr_norm_1927,merch_razorpay_042,266.11,INR,2026-08-11T03:17:02+00:00,dev_fingerprint_1191,192.168.98.70,"Ahmedabad, IN",pm_tok_synthetic_00598,357,2,0,3,1,0,NONE
tx_legit_003704,usr_norm_0668,merch_razorpay_024,635.67,INR,2026-08-11T03:19:57+00:00,dev_fingerprint_0935,192.168.109.9,"Hyderabad, IN",pm_tok_synthetic_01511,235,2,0,1,1,0,NONE
tx_legit_003394,usr_norm_1529,merch_razorpay_016,109.05,INR,2026-08-11T03:20:29+00:00,dev_fingerprint_1185,192.168.190.189,"Chennai, IN",pm_tok_synthetic_00146,125,1,2,1,2,0,NONE
tx_legit_006628,usr_norm_1100,merch_razorpay_000,639.52,INR,2026-08-11T03:29:52+00:00,dev_fingerprint_0533,192.168.170.95,"Ahmedabad, IN",pm_tok_synthetic_02210,513,1,0,1,2,0,NONE
tx_legit_008098,usr_norm_0699,merch_razorpay_016,209.75,INR,2026-08-11T03:35:41+00:00,dev_fingerprint_0612,192.168.210.142,"Ahmedabad, IN",pm_tok_synthetic_00712,61,1,0,1,1,0,NONE
tx_legit_005067,usr_norm_0339,merch_razorpay_002,129.4,INR,2026-08-11T03:42:39+00:00,dev_fingerprint_1258,192.168.246.131,"Hyderabad, IN",pm_tok_synthetic_02152,166,1,0,1,1,0,NONE
tx_legit_007109,usr_norm_1122,merch_razorpay_020,211.31,INR,2026-08-11T03:46:12+00:00,dev_fingerprint_0987,192.168.159.65,"Pune, IN",pm_tok_synthetic_02474,36,1,0,1,1,0,NONE
tx_legit_002584,usr_norm_0598,merch_razorpay_017,859.69,INR,2026-08-11T03:49:07+00:00,dev_fingerprint_1340,10.0.139.192,"Pune, IN",pm_tok_synthetic_01025,114,4,0,1,1,0,NONE
tx_legit_004136,usr_norm_0609,merch_razorpay_026,501.46,INR,2026-08-11T03:55:16+00:00,dev_fingerprint_0209,192.168.76.112,"Ahmedabad, IN",pm_tok_synthetic_01283,406,1,2,1,2,0,NONE
tx_legit_004754,usr_norm_0046,merch_razorpay_005,499.58,INR,2026-08-11T04:00:17+00:00,dev_fingerprint_0369,192.168.68.130,"Chennai, IN",pm_tok_synthetic_01265,377,2,0,2,2,0,NONE
tx_legit_001028,usr_norm_1996,merch_razorpay_030,362.1,INR,2026-08-11T04:03:21+00:00,dev_fingerprint_1912,192.168.9.60,"Chennai, IN",pm_tok_synthetic_02470,444,1,0,1,2,0,NONE
tx_legit_003461,usr_norm_1270,merch_razorpay_009,388.44,INR,2026-08-11T04:09:38+00:00,dev_fingerprint_0341,192.168.210.244,"Hyderabad, IN",pm_tok_synthetic_00421,127,1,0,1,1,0,NONE
tx_legit_000110,usr_norm_1667,merch_razorpay_012,1442.22,INR,2026-08-11T04:11:02+00:00,dev_fingerprint_0502,192.168.192.189,"Kolkata, IN",pm_tok_synthetic_00319,730,1,0,1,1,0,NONE
tx_legit_007528,usr_norm_1345,merch_razorpay_038,205.04,INR,2026-08-11T04:14:31+00:00,dev_fingerprint_0141,192.168.242.184,"Pune, IN",pm_tok_synthetic_00634,490,2,0,1,1,0,NONE
tx_legit_005023,usr_norm_0953,merch_razorpay_030,154.06,INR,2026-08-11T04:14:32+00:00,dev_fingerprint_1143,192.168.161.25,"Mumbai, IN",pm_tok_synthetic_00223,41,1,0,3,1,0,NONE
tx_legit_005678,usr_norm_1376,merch_razorpay_025,79.67,INR,2026-08-11T04:18:05+00:00,dev_fingerprint_0822,192.168.244.90,"Ahmedabad, IN",pm_tok_synthetic_00369,703,1,0,1,1,0,NONE
tx_legit_005821,usr_norm_1500,merch_razorpay_022,178.61,INR,2026-08-11T04:35:10+00:00,dev_fingerprint_0051,192.168.87.205,"Chennai, IN",pm_tok_synthetic_01858,634,1,0,1,3,0,NONE
tx_legit_001457,usr_norm_0017,merch_razorpay_026,515.42,INR,2026-08-11T04:42:40+00:00,dev_fingerprint_1317,192.168.56.114,"Pune, IN",pm_tok_synthetic_00127,92,3,1,1,1,0,NONE
tx_legit_005008,usr_norm_1304,merch_razorpay_014,950.84,INR,2026-08-11T04:50:49+00:00,dev_fingerprint_0656,192.168.2.195,"Bengaluru, IN",pm_tok_synthetic_00623,80,1,0,1,1,0,NONE
tx_legit_003675,usr_norm_0096,merch_razorpay_040,545.41,INR,2026-08-11T04:53:50+00:00,dev_fingerprint_1188,192.168.46.188,"Hyderabad, IN",pm_tok_synthetic_00168,490,1,0,1,1,0,NONE
tx_fraud_000108,usr_fraud_ringA_007,merch_razorpay_003,8843.66,INR,2026-08-11T04:54:53+00:00,dev_fraud_ring_A_3,198.51.100.11,"Chennai, IN",pm_tok_ringA_002,6,4,1,9,4,1,DEVICE_SHARING_RING
tx_legit_004057,usr_norm_1516,merch_razorpay_019,143.82,INR,2026-08-11T04:55:22+00:00,dev_fingerprint_0011,192.168.56.190,"Delhi, IN",pm_tok_synthetic_02021,273,1,0,1,1,0,NONE
tx_fraud_000330,usr_fraud_reuseC_009,merch_razorpay_022,16955.6,INR,2026-08-11T04:56:35+00:00,dev_reuseC_007,198.51.100.165,"Bengaluru, IN",pm_tok_stolen_C_005,4,3,0,5,5,1,PAYMENT_REF_REUSE
tx_legit_003713,usr_norm_0483,merch_razorpay_037,843.79,INR,2026-08-11T05:04:28+00:00,dev_fingerprint_0157,192.168.172.51,"Pune, IN",pm_tok_synthetic_01030,282,1,0,1,2,0,NONE
tx_legit_003218,usr_norm_1473,merch_razorpay_009,719.23,INR,2026-08-11T05:07:34+00:00,dev_fingerprint_1161,192.168.73.252,"Pune, IN",pm_tok_synthetic_00945,640,1,0,2,1,0,NONE
tx_legit_004351,usr_norm_1493,merch_razorpay_040,175.08,INR,2026-08-11T05:08:25+00:00,dev_fingerprint_0585,192.168.150.243,"Delhi, IN",pm_tok_synthetic_01600,462,1,0,1,1,0,NONE
tx_legit_007489,usr_norm_0389,merch_razorpay_006,663.96,INR,2026-08-11T05:12:28+00:00,dev_fingerprint_0614,192.168.174.192,"Pune, IN",pm_tok_synthetic_00753,802,1,0,1,1,0,NONE
tx_legit_008901,usr_norm_0319,merch_razorpay_026,1942.58,INR,2026-08-11T05:13:40+00:00,dev_fingerprint_0611,192.168.193.119,"Chennai, IN",pm_tok_synthetic_02468,139,1,0,1,1,0,NONE
tx_legit_004263,usr_norm_0954,merch_razorpay_028,558.95,INR,2026-08-11T05:18:22+00:00,dev_fingerprint_1317,192.168.60.121,"Chennai, IN",pm_tok_synthetic_00642,547,1,0,1,3,0,NONE
tx_legit_002483,usr_norm_0167,merch_razorpay_010,784.73,INR,2026-08-11T05:21:38+00:00,dev_fingerprint_1191,192.168.133.93,"Kolkata, IN",pm_tok_synthetic_01361,166,1,0,1,2,0,NONE
tx_legit_000587,usr_norm_0398,merch_razorpay_009,531.59,INR,2026-08-11T05:23:07+00:00,dev_fingerprint_0390,192.168.69.180,"Kolkata, IN",pm_tok_synthetic_01099,416,1,0,2,1,0,NONE
tx_legit_000386,usr_norm_1904,merch_razorpay_028,412.6,INR,2026-08-11T05:24:37+00:00,dev_fingerprint_1490,192.168.231.251,"Delhi, IN",pm_tok_synthetic_01736,776,1,0,1,1,0,NONE
tx_legit_004685,usr_norm_0295,merch_razorpay_012,346.86,INR,2026-08-11T05:28:31+00:00,dev_fingerprint_0591,192.168.69.148,"Hyderabad, IN",pm_tok_synthetic_00849,736,1,0,2,2,0,NONE
tx_legit_003978,usr_norm_1074,merch_razorpay_003,355.72,INR,2026-08-11T05:34:11+00:00,dev_fingerprint_1322,192.168.119.164,"Chennai, IN",pm_tok_synthetic_02099,175,1,1,1,1,0,NONE
tx_legit_006085,usr_norm_0203,merch_razorpay_035,429.64,INR,2026-08-11T05:34:37+00:00,dev_fingerprint_0536,192.168.73.186,"Pune, IN",pm_tok_synthetic_01066,750,1,0,1,1,0,NONE
tx_legit_005027,usr_norm_1782,merch_razorpay_018,330.14,INR,2026-08-11T05:36:17+00:00,dev_fingerprint_1994,192.168.187.202,"Mumbai, IN",pm_tok_synthetic_01715,34,1,1,1,1,0,NONE
tx_legit_007542,usr_norm_0596,merch_razorpay_008,1009.09,INR,2026-08-11T05:39:30+00:00,dev_fingerprint_1410,192.168.212.242,"Chennai, IN",pm_tok_synthetic_00540,695,1,0,1,4,0,NONE
tx_fraud_000486,usr_fraud_anomD_005,merch_razorpay_014,66482.46,INR,2026-08-11T05:39:33+00:00,dev_anomD_005,192.0.2.50,Unknown / VPN Node,pm_tok_anomD_005,9,16,4,3,4,1,BEHAVIORAL_ANOMALY
tx_legit_005869,usr_norm_1752,merch_razorpay_035,472.44,INR,2026-08-11T05:41:47+00:00,dev_fingerprint_1476,192.168.75.253,"Pune, IN",pm_tok_synthetic_01660,151,1,0,1,1,0,NONE
tx_legit_009141,usr_norm_1008,merch_razorpay_000,1103.9,INR,2026-08-11T05:45:08+00:00,dev_fingerprint_1399,192.168.226.18,"Bengaluru, IN",pm_tok_synthetic_00599,889,2,0,1,1,0,NONE
tx_legit_007383,usr_norm_1662,merch_razorpay_008,600.39,INR,2026-08-11T05:50:01+00:00,dev_fingerprint_0989,192.168.69.148,"Ahmedabad, IN",pm_tok_synthetic_01509,145,1,0,1,1,0,NONE
tx_legit_003941,usr_norm_0631,merch_razorpay_022,568.45,INR,2026-08-11T05:50:28+00:00,dev_fingerprint_0149,192.168.151.72,"Mumbai, IN",pm_tok_synthetic_02405,99,1,0,2,1,0,NONE
tx_legit_006699,usr_norm_1090,merch_razorpay_012,807.3,INR,2026-08-11T06:03:00+00:00,dev_fingerprint_0736,192.168.33.33,"Delhi, IN",pm_tok_synthetic_01358,521,1,0,1,3,0,NONE
tx_legit_001697,usr_norm_0785,merch_razorpay_016,330.9,INR,2026-08-11T06:03:11+00:00,dev_fingerprint_0349,192.168.14.39,"Delhi, IN",pm_tok_synthetic_01195,113,1,0,1,2,0,NONE
tx_legit_001161,usr_norm_1052,merch_razorpay_007,371.95,INR,2026-08-11T06:15:13+00:00,dev_fingerprint_0940,192.168.27.220,"Kolkata, IN",pm_tok_synthetic_01358,68,1,0,1,1,0,NONE
tx_legit_007214,usr_norm_0783,merch_razorpay_016,352.83,INR,2026-08-11T06:15:39+00:00,dev_fingerprint_1593,192.168.33.11,"Hyderabad, IN",pm_tok_synthetic_02458,521,1,0,1,1,0,NONE
tx_legit_000986,usr_norm_1912,merch_razorpay_017,306.48,INR,2026-08-11T06:18:57+00:00,dev_fingerprint_1163,10.0.68.163,"Ahmedabad, IN",pm_tok_synthetic_00560,234,2,0,1,1,0,NONE
tx_legit_003925,usr_norm_0534,merch_razorpay_011,195.76,INR,2026-08-11T06:32:46+00:00,dev_fingerprint_1441,192.168.223.168,"Hyderabad, IN",pm_tok_synthetic_00256,621,1,0,1,1,0,NONE
tx_legit_000401,usr_norm_0316,merch_razorpay_018,337.82,INR,2026-08-11T06:36:14+00:00,dev_fingerprint_0855,192.168.74.199,"Kolkata, IN",pm_tok_synthetic_00720,67,1,0,1,1,0,NONE
tx_legit_008453,usr_norm_1661,merch_razorpay_024,470.97,INR,2026-08-11T06:47:03+00:00,dev_fingerprint_0751,192.168.97.21,"Kolkata, IN",pm_tok_synthetic_00155,611,3,0,3,2,0,NONE
tx_legit_003148,usr_norm_1872,merch_razorpay_022,1355.18,INR,2026-08-11T06:50:21+00:00,dev_fingerprint_1096,192.168.110.144,"Bengaluru, IN",pm_tok_synthetic_00746,209,1,0,1,1,0,NONE
tx_legit_001044,usr_norm_0445,merch_razorpay_041,861.98,INR,2026-08-11T06:51:34+00:00,dev_fingerprint_0888,192.168.153.203,"Chennai, IN",pm_tok_synthetic_01356,609,1,0,1,3,0,NONE
tx_legit_001944,usr_norm_1207,merch_razorpay_012,653.22,INR,2026-08-11T06:51:38+00:00,dev_fingerprint_0987,192.168.42.139,"Hyderabad, IN",pm_tok_synthetic_01056,99,4,0,1,1,0,NONE
tx_legit_001810,usr_norm_1118,merch_razorpay_039,145.85,INR,2026-08-11T06:55:30+00:00,dev_fingerprint_1338,192.168.158.146,"Chennai, IN",pm_tok_synthetic_01496,631,1,0,1,1,0,NONE
tx_legit_006954,usr_norm_1789,merch_razorpay_013,304.33,INR,2026-08-11T06:55:55+00:00,dev_fingerprint_0361,192.168.19.132,"Hyderabad, IN",pm_tok_synthetic_00176,85,1,1,1,4,0,NONE
tx_legit_004918,usr_norm_1134,merch_razorpay_037,945.15,INR,2026-08-11T07:11:28+00:00,dev_fingerprint_1172,192.168.113.231,"Chennai, IN",pm_tok_synthetic_00229,200,1,0,2,3,0,NONE
tx_legit_002707,usr_norm_0135,merch_razorpay_023,462.53,INR,2026-08-11T07:13:02+00:00,dev_fingerprint_1238,192.168.136.224,"Pune, IN",pm_tok_synthetic_01024,83,1,0,3,2,0,NONE
tx_legit_001429,usr_norm_0009,merch_razorpay_017,1638.14,INR,2026-08-11T07:18:30+00:00,dev_fingerprint_0030,192.168.138.176,"Delhi, IN",pm_tok_synthetic_00974,632,3,2,1,2,0,NONE
tx_fraud_000356,usr_fraud_reuseC_015,merch_razorpay_035,9098.46,INR,2026-08-11T07:31:38+00:00,dev_reuseC_015,198.51.100.153,"Mumbai, IN",pm_tok_stolen_C_003,3,4,2,3,6,1,PAYMENT_REF_REUSE
tx_legit_002930,usr_norm_1188,merch_razorpay_048,336.8,INR,2026-08-11T07:33:19+00:00,dev_fingerprint_1056,192.168.59.247,"Bengaluru, IN",pm_tok_synthetic_00948,659,1,0,1,1,0,NONE
tx_legit_000371,usr_norm_1137,merch_razorpay_022,440.56,INR,2026-08-11T07:34:15+00:00,dev_fingerprint_0038,192.168.13.234,"Bengaluru, IN",pm_tok_synthetic_01161,117,2,0,1,2,0,NONE
tx_legit_002645,usr_norm_1975,merch_razorpay_024,333.33,INR,2026-08-11T07:35:37+00:00,dev_fingerprint_0868,192.168.139.16,"Mumbai, IN",pm_tok_synthetic_02106,263,1,0,1,1,0,NONE
tx_legit_005015,usr_norm_0913,merch_razorpay_020,1146.12,INR,2026-08-11T07:38:45+00:00,dev_fingerprint_1065,192.168.184.88,"Ahmedabad, IN",pm_tok_synthetic_02480,747,4,0,1,1,0,NONE
tx_legit_004147,usr_norm_1653,merch_razorpay_026,437.33,INR,2026-08-11T07:43:41+00:00,dev_fingerprint_0281,192.168.64.31,"Kolkata, IN",pm_tok_synthetic_01703,496,1,0,1,1,0,NONE
tx_legit_004810,usr_norm_0910,merch_razorpay_017,1952.97,INR,2026-08-11T07:56:41+00:00,dev_fingerprint_1621,10.0.88.95,"Bengaluru, IN",pm_tok_synthetic_00627,240,2,0,1,4,0,NONE
tx_legit_001289,usr_norm_1708,merch_razorpay_017,416.67,INR,2026-08-11T08:02:26+00:00,dev_fingerprint_1075,192.168.41.117,"Delhi, IN",pm_tok_synthetic_01826,389,1,0,1,2,0,NONE
tx_legit_006839,usr_norm_1913,merch_razorpay_007,400.99,INR,2026-08-11T08:03:08+00:00,dev_fingerprint_0380,192.168.224.26,"Delhi, IN",pm_tok_synthetic_01563,326,1,0,1,2,0,NONE
tx_legit_005872,usr_norm_1024,merch_razorpay_034,375.16,INR,2026-08-11T08:11:00+00:00,dev_fingerprint_1139,192.168.35.68,"Bengaluru, IN",pm_tok_synthetic_00532,194,2,0,1,2,0,NONE
tx_legit_000097,usr_norm_0930,merch_razorpay_040,761.25,INR,2026-08-11T08:19:27+00:00,dev_fingerprint_0737,10.0.127.57,"Hyderabad, IN",pm_tok_synthetic_01280,466,1,0,2,1,0,NONE
tx_legit_003652,usr_norm_1021,merch_razorpay_003,615.78,INR,2026-08-11T08:19:49+00:00,dev_fingerprint_0919,192.168.26.16,"Chennai, IN",pm_tok_synthetic_00305,221,1,0,3,3,0,NONE
tx_legit_000411,usr_norm_0623,merch_razorpay_011,2021.81,INR,2026-08-11T08:24:54+00:00,dev_fingerprint_1060,10.0.88.164,"Hyderabad, IN",pm_tok_synthetic_02087,223,1,0,1,1,0,NONE
tx_legit_009121,usr_norm_0184,merch_razorpay_023,886.24,INR,2026-08-11T08:28:22+00:00,dev_fingerprint_0369,192.168.166.88,"Ahmedabad, IN",pm_tok_synthetic_01203,358,1,0,1,1,0,NONE
tx_legit_000770,usr_norm_1835,merch_razorpay_048,657.92,INR,2026-08-11T08:33:48+00:00,dev_fingerprint_0607,192.168.171.136,"Delhi, IN",pm_tok_synthetic_01105,744,1,0,1,1,0,NONE
tx_legit_002985,usr_norm_0168,merch_razorpay_041,756.15,INR,2026-08-11T08:39:28+00:00,dev_fingerprint_0090,192.168.99.231,"Ahmedabad, IN",pm_tok_synthetic_02236,376,2,0,1,1,0,NONE
tx_fraud_000283,usr_fraud_burstB_002,merch_razorpay_042,9656.84,INR,2026-08-11T08:41:29+00:00,dev_fraud_burstB_027,203.0.113.102,"Chennai, IN",pm_tok_burstB_006,12,20,2,1,21,1,SHARED_IP_BURST
tx_legit_006559,usr_norm_0274,merch_razorpay_038,473.1,INR,2026-08-11T08:52:21+00:00,dev_fingerprint_0688,192.168.246.167,"Chennai, IN",pm_tok_synthetic_02087,575,1,2,1,2,0,NONE
tx_legit_007419,usr_norm_1418,merch_razorpay_026,630.25,INR,2026-08-11T08:58:18+00:00,dev_fingerprint_1261,192.168.160.194,"Mumbai, IN",pm_tok_synthetic_02147,282,1,0,1,2,0,NONE
tx_legit_001593,usr_norm_1908,merch_razorpay_033,345.4,INR,2026-08-11T09:14:39+00:00,dev_fingerprint_0135,192.168.28.173,"Pune, IN",pm_tok_synthetic_02419,804,1,0,1,2,0,NONE
tx_legit_000985,usr_norm_1882,merch_razorpay_023,525.89,INR,2026-08-11T09:19:12+00:00,dev_fingerprint_0319,192.168.189.27,"Bengaluru, IN",pm_tok_synthetic_02237,549,1,0,1,1,0,NONE
tx_legit_001502,usr_norm_1979,merch_razorpay_034,1012.83,INR,2026-08-11T09:19:27+00:00,dev_fingerprint_0590,192.168.158.207,"Pune, IN",pm_tok_synthetic_00166,114,1,0,1,1,0,NONE
tx_legit_000736,usr_norm_1264,merch_razorpay_042,941.44,INR,2026-08-11T09:25:55+00:00,dev_fingerprint_0596,192.168.47.150,"Ahmedabad, IN",pm_tok_synthetic_01095,649,1,0,1,1,0,NONE
tx_legit_008224,usr_norm_1719,merch_razorpay_044,443.7,INR,2026-08-11T09:32:27+00:00,dev_fingerprint_0874,192.168.139.127,"Hyderabad, IN",pm_tok_synthetic_01324,293,1,0,1,2,0,NONE
tx_legit_008749,usr_norm_0401,merch_razorpay_006,1715.94,INR,2026-08-11T09:51:30+00:00,dev_fingerprint_1375,192.168.199.124,"Bengaluru, IN",pm_tok_synthetic_00888,520,2,1,1,4,0,NONE
tx_legit_000712,usr_norm_0601,merch_razorpay_006,760.29,INR,2026-08-11T09:52:22+00:00,dev_fingerprint_1432,192.168.214.40,"Hyderabad, IN",pm_tok_synthetic_00959,469,2,0,1,1,0,NONE
tx_legit_007714,usr_norm_0564,merch_razorpay_039,77.67,INR,2026-08-11T09:52:52+00:00,dev_fingerprint_0870,10.0.104.151,"Chennai, IN",pm_tok_synthetic_01013,334,1,0,1,1,0,NONE
tx_legit_008362,usr_norm_1214,merch_razorpay_021,508.63,INR,2026-08-11T10:00:13+00:00,dev_fingerprint_0975,10.0.222.78,"Mumbai, IN",pm_tok_synthetic_01448,253,2,0,1,2,0,NONE
tx_legit_008100,usr_norm_1718,merch_razorpay_004,953.86,INR,2026-08-11T10:02:42+00:00,dev_fingerprint_0928,192.168.206.143,"Hyderabad, IN",pm_tok_synthetic_01132,817,1,0,1,1,0,NONE
tx_legit_004611,usr_norm_0463,merch_razorpay_008,778.04,INR,2026-08-11T10:09:55+00:00,dev_fingerprint_0380,192.168.69.212,"Mumbai, IN",pm_tok_synthetic_02399,706,1,0,1,2,0,NONE
tx_legit_007008,usr_norm_1361,merch_razorpay_029,347.8,INR,2026-08-11T10:11:30+00:00,dev_fingerprint_0100,192.168.218.32,"Chennai, IN",pm_tok_synthetic_00904,650,1,0,1,1,0,NONE
tx_legit_008180,usr_norm_1510,merch_razorpay_008,299.4,INR,2026-08-11T10:11:50+00:00,dev_fingerprint_1625,192.168.109.177,"Kolkata, IN",pm_tok_synthetic_00614,196,1,0,2,1,0,NONE
tx_legit_007135,usr_norm_1696,merch_razorpay_037,425.06,INR,2026-08-11T10:14:17+00:00,dev_fingerprint_0024,192.168.227.177,"Mumbai, IN",pm_tok_synthetic_00958,421,1,0,1,3,0,NONE
tx_legit_003935,usr_norm_0529,merch_razorpay_017,364.07,INR,2026-08-11T10:15:23+00:00,dev_fingerprint_0829,10.0.152.92,"Delhi, IN",pm_tok_synthetic_00755,220,1,0,1,1,0,NONE
tx_legit_001167,usr_norm_1074,merch_razorpay_047,993.39,INR,2026-08-11T10:16:10+00:00,dev_fingerprint_1322,192.168.119.164,"Chennai, IN",pm_tok_synthetic_02099,175,1,0,1,1,0,NONE
tx_legit_003640,usr_norm_1652,merch_razorpay_001,1213.91,INR,2026-08-11T10:16:24+00:00,dev_fingerprint_0894,192.168.243.218,"Pune, IN",pm_tok_synthetic_00556,116,1,0,1,3,0,NONE
tx_legit_000419,usr_norm_1576,merch_razorpay_020,1185.43,INR,2026-08-11T10:16:30+00:00,dev_fingerprint_0315,192.168.141.26,"Pune, IN",pm_tok_synthetic_01393,525,1,0,1,1,0,NONE
tx_legit_006209,usr_norm_0766,merch_razorpay_022,401.9,INR,2026-08-11T10:21:40+00:00,dev_fingerprint_1118,192.168.241.98,"Ahmedabad, IN",pm_tok_synthetic_00415,878,1,0,1,1,0,NONE
tx_legit_001488,usr_norm_1335,merch_razorpay_008,2200.25,INR,2026-08-11T10:27:14+00:00,dev_fingerprint_0219,192.168.207.79,"Chennai, IN",pm_tok_synthetic_01998,268,1,0,1,1,0,NONE
tx_legit_003142,usr_norm_0404,merch_razorpay_013,582.83,INR,2026-08-11T10:28:08+00:00,dev_fingerprint_0240,192.168.205.62,"Delhi, IN",pm_tok_synthetic_01961,278,1,0,1,1,0,NONE
tx_legit_007849,usr_norm_1620,merch_razorpay_042,649.16,INR,2026-08-11T10:32:53+00:00,dev_fingerprint_1421,10.0.21.161,"Ahmedabad, IN",pm_tok_synthetic_01765,833,1,0,1,2,0,NONE
tx_legit_001459,usr_norm_0739,merch_razorpay_024,301.75,INR,2026-08-11T10:38:49+00:00,dev_fingerprint_1078,192.168.8.100,"Ahmedabad, IN",pm_tok_synthetic_00453,369,1,1,1,1,0,NONE
tx_fraud_000211,usr_fraud_burstB_020,merch_razorpay_016,1754.27,INR,2026-08-11T10:48:40+00:00,dev_fraud_burstB_015,203.0.113.101,"Mumbai, IN",pm_tok_burstB_014,30,24,3,1,17,1,SHARED_IP_BURST
tx_fraud_000532,usr_fraud_anomD_051,merch_razorpay_039,46741.43,INR,2026-08-11T10:48:58+00:00,dev_anomD_051,192.0.2.48,Unknown / VPN Node,pm_tok_anomD_051,9,13,4,3,1,1,BEHAVIORAL_ANOMALY
tx_legit_007576,usr_norm_1432,merch_razorpay_048,497.58,INR,2026-08-11T10:53:45+00:00,dev_fingerprint_0046,192.168.50.103,"Chennai, IN",pm_tok_synthetic_00856,787,1,0,1,1,0,NONE
tx_fraud_000307,usr_fraud_burstB_026,merch_razorpay_045,3716.5,INR,2026-08-11T10:57:17+00:00,dev_fraud_burstB_008,203.0.113.102,"Chennai, IN",pm_tok_burstB_002,24,15,3,1,30,1,SHARED_IP_BURST
tx_legit_003176,usr_norm_0318,merch_razorpay_040,535.62,INR,2026-08-11T11:06:13+00:00,dev_fingerprint_0592,192.168.176.200,"Hyderabad, IN",pm_tok_synthetic_00153,39,1,0,1,1,0,NONE
tx_legit_002841,usr_norm_1842,merch_razorpay_038,231.2,INR,2026-08-11T11:06:42+00:00,dev_fingerprint_1327,192.168.199.124,"Ahmedabad, IN",pm_tok_synthetic_00274,604,1,1,1,1,0,NONE
tx_legit_007316,usr_norm_1794,merch_razorpay_042,1435.73,INR,2026-08-11T11:14:35+00:00,dev_fingerprint_0323,192.168.223.49,"Ahmedabad, IN",pm_tok_synthetic_00119,526,1,2,1,2,0,NONE
tx_legit_003725,usr_norm_0477,merch_razorpay_003,624.98,INR,2026-08-11T11:25:50+00:00,dev_fingerprint_0173,192.168.23.81,"Delhi, IN",pm_tok_synthetic_02291,278,1,0,1,1,0,NONE
tx_legit_006550,usr_norm_0626,merch_razorpay_038,329.73,INR,2026-08-11T11:35:15+00:00,dev_fingerprint_0493,192.168.213.108,"Pune, IN",pm_tok_synthetic_02432,102,1,0,1,1,0,NONE
tx_legit_005495,usr_norm_0298,merch_razorpay_045,399.92,INR,2026-08-11T11:49:31+00:00,dev_fingerprint_0249,192.168.125.55,"Hyderabad, IN",pm_tok_synthetic_02224,418,1,0,2,1,0,NONE
tx_legit_004184,usr_norm_0687,merch_razorpay_040,810.79,INR,2026-08-11T11:54:15+00:00,dev_fingerprint_0804,192.168.221.148,"Chennai, IN",pm_tok_synthetic_01336,355,2,0,3,3,0,NONE
tx_legit_000830,usr_norm_1450,merch_razorpay_014,223.61,INR,2026-08-11T11:55:41+00:00,dev_fingerprint_0321,192.168.208.223,"Bengaluru, IN",pm_tok_synthetic_01420,730,3,0,1,2,0,NONE
tx_legit_004640,usr_norm_1621,merch_razorpay_002,784.27,INR,2026-08-11T11:59:46+00:00,dev_fingerprint_0891,10.0.87.49,"Ahmedabad, IN",pm_tok_synthetic_01401,587,1,0,1,2,0,NONE
tx_legit_007718,usr_norm_0214,merch_razorpay_045,1394.17,INR,2026-08-11T12:03:37+00:00,dev_fingerprint_1172,192.168.77.130,"Hyderabad, IN",pm_tok_synthetic_01914,852,1,0,1,4,0,NONE
tx_legit_000636,usr_norm_1558,merch_razorpay_010,1343.09,INR,2026-08-11T12:04:33+00:00,dev_fingerprint_0318,192.168.147.73,"Mumbai, IN",pm_tok_synthetic_01886,579,2,0,1,1,0,NONE
tx_legit_000529,usr_norm_0739,merch_razorpay_016,502.36,INR,2026-08-11T12:09:06+00:00,dev_fingerprint_1078,192.168.8.100,"Hyderabad, IN",pm_tok_synthetic_00002,369,2,0,1,3,0,NONE
tx_legit_002583,usr_norm_0587,merch_razorpay_029,501.35,INR,2026-08-11T12:11:19+00:00,dev_fingerprint_0129,192.168.254.170,"Mumbai, IN",pm_tok_synthetic_02189,437,1,0,1,2,0,NONE
tx_legit_001052,usr_norm_0786,merch_razorpay_041,454.14,INR,2026-08-11T12:15:21+00:00,dev_fingerprint_0969,192.168.44.45,"Hyderabad, IN",pm_tok_synthetic_00473,345,1,0,3,1,0,NONE
tx_legit_008793,usr_norm_0159,merch_razorpay_038,982.06,INR,2026-08-11T12:15:43+00:00,dev_fingerprint_1168,192.168.28.200,"Bengaluru, IN",pm_tok_synthetic_00767,710,3,0,2,1,0,NONE
tx_legit_004827,usr_norm_1227,merch_razorpay_047,1827.8,INR,2026-08-11T12:18:37+00:00,dev_fingerprint_0110,192.168.149.7,"Kolkata, IN",pm_tok_synthetic_01733,519,1,0,1,2,0,NONE
tx_legit_002054,usr_norm_0309,merch_razorpay_041,753.91,INR,2026-08-11T12:23:16+00:00,dev_fingerprint_1648,10.0.130.115,"Ahmedabad, IN",pm_tok_synthetic_00563,35,1,0,2,1,0,NONE
tx_legit_000681,usr_norm_1353,merch_razorpay_024,436.79,INR,2026-08-11T12:23:40+00:00,dev_fingerprint_1018,192.168.131.192,"Pune, IN",pm_tok_synthetic_02258,187,1,0,1,2,0,NONE
tx_legit_003992,usr_norm_1587,merch_razorpay_028,436.65,INR,2026-08-11T12:29:41+00:00,dev_fingerprint_0586,192.168.24.163,"Bengaluru, IN",pm_tok_synthetic_02180,356,1,0,1,1,0,NONE
tx_legit_007702,usr_norm_0826,merch_razorpay_011,568.08,INR,2026-08-11T12:42:10+00:00,dev_fingerprint_0657,192.168.155.54,"Chennai, IN",pm_tok_synthetic_01707,649,2,0,1,1,0,NONE
tx_legit_006363,usr_norm_1631,merch_razorpay_010,196.37,INR,2026-08-11T12:44:46+00:00,dev_fingerprint_1302,192.168.249.40,"Delhi, IN",pm_tok_synthetic_00000,805,2,0,1,1,0,NONE
tx_legit_002553,usr_norm_1387,merch_razorpay_006,1427.25,INR,2026-08-11T12:45:28+00:00,dev_fingerprint_0439,192.168.231.74,"Ahmedabad, IN",pm_tok_synthetic_01289,52,1,0,1,1,0,NONE
tx_legit_006212,usr_norm_1092,merch_razorpay_016,520.92,INR,2026-08-11T12:45:42+00:00,dev_fingerprint_0625,192.168.101.152,"Kolkata, IN",pm_tok_synthetic_02259,141,1,0,2,2,0,NONE
tx_legit_008665,usr_norm_0426,merch_razorpay_028,1315.58,INR,2026-08-11T12:46:04+00:00,dev_fingerprint_1291,192.168.159.21,"Kolkata, IN",pm_tok_synthetic_00278,754,2,0,1,1,0,NONE
tx_legit_001743,usr_norm_0385,merch_razorpay_037,501.18,INR,2026-08-11T12:46:28+00:00,dev_fingerprint_0358,192.168.224.4,"Mumbai, IN",pm_tok_synthetic_01749,599,1,0,1,2,0,NONE
tx_legit_008884,usr_norm_1993,merch_razorpay_013,671.7,INR,2026-08-11T12:48:18+00:00,dev_fingerprint_0476,192.168.76.92,"Kolkata, IN",pm_tok_synthetic_01739,772,1,0,1,2,0,NONE
tx_legit_006041,usr_norm_0094,merch_razorpay_009,1200.69,INR,2026-08-11T12:50:24+00:00,dev_fingerprint_1746,192.168.68.36,"Mumbai, IN",pm_tok_synthetic_00369,659,1,0,1,4,0,NONE
tx_legit_006752,usr_norm_1795,merch_razorpay_040,599.01,INR,2026-08-11T12:56:16+00:00,dev_fingerprint_1054,192.168.96.196,"Hyderabad, IN",pm_tok_synthetic_00290,270,1,0,1,1,0,NONE
tx_legit_001786,usr_norm_0818,merch_razorpay_013,227.48,INR,2026-08-11T12:56:20+00:00,dev_fingerprint_0564,192.168.63.252,"Hyderabad, IN",pm_tok_synthetic_00589,663,4,0,1,1,0,NONE
tx_legit_001912,usr_norm_0354,merch_razorpay_039,1139.36,INR,2026-08-11T12:58:43+00:00,dev_fingerprint_1154,192.168.98.70,"Hyderabad, IN",pm_tok_synthetic_02288,503,3,0,1,1,0,NONE
tx_legit_001296,usr_norm_0005,merch_razorpay_009,189.8,INR,2026-08-11T13:03:02+00:00,dev_fingerprint_0477,192.168.204.224,"Hyderabad, IN",pm_tok_synthetic_00604,837,1,0,2,2,0,NONE
tx_legit_000118,usr_norm_1813,merch_razorpay_018,1160.66,INR,2026-08-11T13:07:12+00:00,dev_fingerprint_1132,192.168.206.120,"Bengaluru, IN",pm_tok_synthetic_00940,118,2,0,1,1,0,NONE
tx_legit_000725,usr_norm_0900,merch_razorpay_043,89.79,INR,2026-08-11T13:08:16+00:00,dev_fingerprint_1830,192.168.185.241,"Hyderabad, IN",pm_tok_synthetic_00771,198,2,0,2,4,0,NONE
tx_legit_005294,usr_norm_1534,merch_razorpay_027,313.0,INR,2026-08-11T13:17:36+00:00,dev_fingerprint_1079,192.168.2.229,"Chennai, IN",pm_tok_synthetic_02148,244,3,0,1,2,0,NONE
tx_legit_005358,usr_norm_1443,merch_razorpay_003,511.3,INR,2026-08-11T13:23:10+00:00,dev_fingerprint_0599,192.168.28.61,"Delhi, IN",pm_tok_synthetic_01583,266,1,0,1,1,0,NONE
tx_fraud_000091,usr_fraud_ringA_015,merch_razorpay_045,4708.14,INR,2026-08-11T13:24:19+00:00,dev_fraud_ring_A_3,198.51.100.87,"Hyderabad, IN",pm_tok_ringA_003,13,9,3,14,5,1,DEVICE_SHARING_RING
tx_legit_007212,usr_norm_1101,merch_razorpay_043,219.45,INR,2026-08-11T13:31:22+00:00,dev_fingerprint_1814,192.168.73.186,"Kolkata, IN",pm_tok_synthetic_00608,404,1,0,1,1,0,NONE
tx_legit_001530,usr_norm_0741,merch_razorpay_019,1104.06,INR,2026-08-11T13:36:23+00:00,dev_fingerprint_1468,10.0.84.218,"Pune, IN",pm_tok_synthetic_01325,90,2,0,1,3,0,NONE
tx_legit_003529,usr_norm_1835,merch_razorpay_013,297.31,INR,2026-08-11T13:41:08+00:00,dev_fingerprint_0607,192.168.171.136,"Ahmedabad, IN",pm_tok_synthetic_01105,744,1,0,1,1,0,NONE
tx_legit_009138,usr_norm_0186,merch_razorpay_023,258.25,INR,2026-08-11T13:41:50+00:00,dev_fingerprint_1629,192.168.159.192,"Pune, IN",pm_tok_synthetic_01826,647,1,0,1,2,0,NONE
tx_legit_000389,usr_norm_0252,merch_razorpay_018,540.66,INR,2026-08-11T13:42:00+00:00,dev_fingerprint_1018,192.168.40.56,"Delhi, IN",pm_tok_synthetic_02337,432,1,0,1,1,0,NONE
tx_legit_005505,usr_norm_1224,merch_razorpay_001,1076.02,INR,2026-08-11T13:43:10+00:00,dev_fingerprint_1176,10.0.33.17,"Hyderabad, IN",pm_tok_synthetic_01125,532,1,0,2,2,0,NONE
tx_legit_000963,usr_norm_1735,merch_razorpay_032,336.6,INR,2026-08-11T13:43:27+00:00,dev_fingerprint_1604,192.168.58.36,"Mumbai, IN",pm_tok_synthetic_01574,735,1,0,1,1,0,NONE
tx_legit_000834,usr_norm_0792,merch_razorpay_044,643.47,INR,2026-08-11T13:45:36+00:00,dev_fingerprint_0550,192.168.63.213,"Hyderabad, IN",pm_tok_synthetic_00252,184,1,0,1,1,0,NONE
tx_legit_008929,usr_norm_1027,merch_razorpay_033,657.56,INR,2026-08-11T13:49:58+00:00,dev_fingerprint_1579,192.168.173.192,"Kolkata, IN",pm_tok_synthetic_01321,641,1,0,2,1,0,NONE
tx_legit_005356,usr_norm_0684,merch_razorpay_044,311.01,INR,2026-08-11T13:50:24+00:00,dev_fingerprint_1212,10.0.237.2,"Ahmedabad, IN",pm_tok_synthetic_00255,475,1,0,1,1,0,NONE
tx_legit_000570,usr_norm_0905,merch_razorpay_038,252.6,INR,2026-08-11T13:54:17+00:00,dev_fingerprint_1311,192.168.181.78,"Kolkata, IN",pm_tok_synthetic_02190,668,1,0,1,1,0,NONE
tx_legit_005580,usr_norm_0956,merch_razorpay_044,413.64,INR,2026-08-11T14:01:38+00:00,dev_fingerprint_0153,192.168.58.216,"Chennai, IN",pm_tok_synthetic_02013,358,1,0,2,2,0,NONE
tx_legit_005867,usr_norm_1847,merch_razorpay_035,234.53,INR,2026-08-11T14:07:47+00:00,dev_fingerprint_0722,192.168.188.34,"Delhi, IN",pm_tok_synthetic_01095,545,1,0,1,1,0,NONE
tx_legit_003130,usr_norm_0205,merch_razorpay_046,255.37,INR,2026-08-11T14:11:42+00:00,dev_fingerprint_1005,192.168.232.16,"Bengaluru, IN",pm_tok_synthetic_00502,168,2,1,1,1,0,NONE
tx_fraud_000331,usr_fraud_reuseC_010,merch_razorpay_009,9822.59,INR,2026-08-11T14:19:14+00:00,dev_reuseC_013,198.51.100.157,"Pune, IN",pm_tok_stolen_C_004,2,8,3,4,3,1,PAYMENT_REF_REUSE
tx_legit_001481,usr_norm_1787,merch_razorpay_034,700.16,INR,2026-08-11T14:22:38+00:00,dev_fingerprint_0108,192.168.24.238,"Mumbai, IN",pm_tok_synthetic_00461,845,1,0,1,3,0,NONE
tx_legit_007738,usr_norm_1997,merch_razorpay_001,280.21,INR,2026-08-11T14:23:17+00:00,dev_fingerprint_1788,10.0.109.94,"Mumbai, IN",pm_tok_synthetic_01142,180,1,0,1,1,0,NONE
tx_legit_006675,usr_norm_0594,merch_razorpay_027,323.17,INR,2026-08-11T14:25:53+00:00,dev_fingerprint_0254,10.0.30.201,"Hyderabad, IN",pm_tok_synthetic_00647,481,1,1,1,2,0,NONE
tx_legit_004786,usr_norm_0023,merch_razorpay_041,690.95,INR,2026-08-11T14:27:54+00:00,dev_fingerprint_1458,192.168.57.52,"Chennai, IN",pm_tok_synthetic_01560,641,2,2,1,1,0,NONE
tx_legit_000621,usr_norm_0167,merch_razorpay_044,578.14,INR,2026-08-11T14:28:30+00:00,dev_fingerprint_1191,192.168.133.93,"Bengaluru, IN",pm_tok_synthetic_01361,166,1,0,1,2,0,NONE
tx_legit_001258,usr_norm_0784,merch_razorpay_026,801.31,INR,2026-08-11T14:30:49+00:00,dev_fingerprint_0408,192.168.175.185,"Ahmedabad, IN",pm_tok_synthetic_00105,241,1,0,1,4,0,NONE
tx_legit_007050,usr_norm_0520,merch_razorpay_031,512.83,INR,2026-08-11T14:31:27+00:00,dev_fingerprint_0702,192.168.105.85,"Mumbai, IN",pm_tok_synthetic_00847,563,1,0,1,5,0,NONE
tx_legit_001541,usr_norm_0853,merch_razorpay_046,766.36,INR,2026-08-11T14:33:07+00:00,dev_fingerprint_1386,192.168.247.192,"Delhi, IN",pm_tok_synthetic_01626,628,1,1,1,1,0,NONE
tx_legit_002877,usr_norm_0977,merch_razorpay_001,93.15,INR,2026-08-11T14:37:19+00:00,dev_fingerprint_1468,192.168.226.179,"Kolkata, IN",pm_tok_synthetic_01676,139,2,0,3,1,0,NONE
tx_fraud_000476,usr_fraud_reuseC_015,merch_razorpay_036,21370.35,INR,2026-08-11T14:57:41+00:00,dev_reuseC_008,198.51.100.108,"Kolkata, IN",pm_tok_stolen_C_001,1,7,0,2,5,1,PAYMENT_REF_REUSE
tx_legit_005952,usr_norm_1161,merch_razorpay_006,575.4,INR,2026-08-11T14:58:22+00:00,dev_fingerprint_1983,192.168.153.180,"Pune, IN",pm_tok_synthetic_02140,150,2,0,2,3,0,NONE
tx_legit_004298,usr_norm_0519,merch_razorpay_023,1481.5,INR,2026-08-11T15:01:09+00:00,dev_fingerprint_1495,192.168.194.187,"Ahmedabad, IN",pm_tok_synthetic_01426,349,1,0,1,1,0,NONE
tx_legit_007577,usr_norm_1891,merch_razorpay_026,505.58,INR,2026-08-11T15:04:49+00:00,dev_fingerprint_1245,192.168.78.22,"Chennai, IN",pm_tok_synthetic_00799,627,3,0,1,1,0,NONE
tx_legit_000541,usr_norm_1453,merch_razorpay_023,574.62,INR,2026-08-11T15:14:12+00:00,dev_fingerprint_0527,192.168.13.234,"Kolkata, IN",pm_tok_synthetic_01585,864,1,0,1,4,0,NONE
tx_legit_008717,usr_norm_1084,merch_razorpay_000,1037.83,INR,2026-08-11T15:16:28+00:00,dev_fingerprint_0995,10.0.103.4,"Hyderabad, IN",pm_tok_synthetic_01344,661,1,1,1,1,0,NONE
tx_legit_001014,usr_norm_1725,merch_razorpay_016,1587.46,INR,2026-08-11T15:17:27+00:00,dev_fingerprint_1982,10.0.233.141,"Kolkata, IN",pm_tok_synthetic_00589,583,1,0,1,2,0,NONE
tx_legit_000572,usr_norm_1483,merch_razorpay_022,349.84,INR,2026-08-11T15:18:46+00:00,dev_fingerprint_1263,192.168.165.110,"Hyderabad, IN",pm_tok_synthetic_01330,498,2,0,1,2,0,NONE
tx_legit_007021,usr_norm_0825,merch_razorpay_019,805.18,INR,2026-08-11T15:23:12+00:00,dev_fingerprint_0275,192.168.54.175,"Mumbai, IN",pm_tok_synthetic_01814,822,1,0,1,1,0,NONE
tx_legit_008127,usr_norm_1035,merch_razorpay_032,1037.9,INR,2026-08-11T15:30:02+00:00,dev_fingerprint_0679,192.168.50.103,"Bengaluru, IN",pm_tok_synthetic_01477,330,1,0,1,1,0,NONE
tx_legit_005203,usr_norm_1945,merch_razorpay_031,336.04,INR,2026-08-11T15:32:20+00:00,dev_fingerprint_0233,192.168.109.57,"Mumbai, IN",pm_tok_synthetic_01886,108,1,0,2,4,0,NONE
tx_legit_008954,usr_norm_1627,merch_razorpay_037,436.39,INR,2026-08-11T15:39:47+00:00,dev_fingerprint_1807,192.168.85.91,"Ahmedabad, IN",pm_tok_synthetic_00445,731,4,0,1,2,0,NONE
tx_legit_009017,usr_norm_0889,merch_razorpay_032,235.9,INR,2026-08-11T15:43:36+00:00,dev_fingerprint_0878,192.168.114.244,"Ahmedabad, IN",pm_tok_synthetic_01955,422,1,0,1,1,0,NONE
tx_legit_004772,usr_norm_0647,merch_razorpay_021,567.35,INR,2026-08-11T15:49:29+00:00,dev_fingerprint_1071,192.168.120.180,"Kolkata, IN",pm_tok_synthetic_01061,200,2,0,1,1,0,NONE
tx_legit_006777,usr_norm_1401,merch_razorpay_017,323.2,INR,2026-08-11T15:50:09+00:00,dev_fingerprint_0684,192.168.187.202,"Ahmedabad, IN",pm_tok_synthetic_01778,456,1,0,1,1,0,NONE
tx_legit_001851,usr_norm_0236,merch_razorpay_016,50.0,INR,2026-08-11T15:50:29+00:00,dev_fingerprint_1284,192.168.166.88,"Hyderabad, IN",pm_tok_synthetic_01186,687,1,0,1,3,0,NONE
tx_legit_009036,usr_norm_1420,merch_razorpay_009,386.61,INR,2026-08-11T15:58:42+00:00,dev_fingerprint_1846,192.168.220.121,"Hyderabad, IN",pm_tok_synthetic_02359,121,1,0,3,1,0,NONE
tx_legit_004739,usr_norm_0046,merch_razorpay_017,720.34,INR,2026-08-11T16:02:08+00:00,dev_fingerprint_0369,10.0.251.131,"Ahmedabad, IN",pm_tok_synthetic_01265,377,1,1,1,1,0,NONE
tx_fraud_000290,usr_fraud_burstB_009,merch_razorpay_007,8652.38,INR,2026-08-11T16:02:44+00:00,dev_fraud_burstB_017,203.0.113.105,"Ahmedabad, IN",pm_tok_burstB_013,14,22,4,1,26,1,SHARED_IP_BURST
tx_legit_003677,usr_norm_0622,merch_razorpay_044,794.12,INR,2026-08-11T16:08:51+00:00,dev_fingerprint_1348,192.168.145.222,"Pune, IN",pm_tok_synthetic_01235,240,1,0,1,1,0,NONE
tx_legit_000566,usr_norm_1539,merch_razorpay_009,541.53,INR,2026-08-11T16:10:11+00:00,dev_fingerprint_0648,192.168.3.171,"Mumbai, IN",pm_tok_synthetic_02152,618,1,1,1,1,0,NONE
tx_legit_001372,usr_norm_1687,merch_razorpay_005,368.14,INR,2026-08-11T16:13:29+00:00,dev_fingerprint_1541,192.168.204.15,"Ahmedabad, IN",pm_tok_synthetic_02031,800,1,0,2,1,0,NONE
tx_legit_003458,usr_norm_0432,merch_razorpay_042,168.56,INR,2026-08-11T16:21:08+00:00,dev_fingerprint_1084,192.168.103.209,"Hyderabad, IN",pm_tok_synthetic_01125,578,1,0,1,2,0,NONE
tx_legit_006465,usr_norm_0646,merch_razorpay_014,153.46,INR,2026-08-11T16:25:08+00:00,dev_fingerprint_0023,192.168.34.186,"Bengaluru, IN",pm_tok_synthetic_02033,385,1,0,1,2,0,NONE
tx_legit_004182,usr_norm_1208,merch_razorpay_048,282.18,INR,2026-08-11T16:25:36+00:00,dev_fingerprint_0783,192.168.123.30,"Kolkata, IN",pm_tok_synthetic_00902,723,4,0,1,1,0,NONE
tx_fraud_000357,usr_fraud_reuseC_016,merch_razorpay_027,21725.62,INR,2026-08-11T16:28:51+00:00,dev_reuseC_022,198.51.100.102,"Delhi, IN",pm_tok_stolen_C_005,2,6,3,3,4,1,PAYMENT_REF_REUSE
tx_legit_000328,usr_norm_1723,merch_razorpay_040,235.66,INR,2026-08-11T16:33:45+00:00,dev_fingerprint_0902,192.168.242.146,"Mumbai, IN",pm_tok_synthetic_02014,235,1,0,1,2,0,NONE
tx_legit_005079,usr_norm_1844,merch_razorpay_015,248.48,INR,2026-08-11T16:47:19+00:00,dev_fingerprint_0685,192.168.102.34,"Ahmedabad, IN",pm_tok_synthetic_02210,146,4,0,1,3,0,NONE
tx_legit_003735,usr_norm_1641,merch_razorpay_047,719.31,INR,2026-08-11T16:48:03+00:00,dev_fingerprint_0001,192.168.173.211,"Mumbai, IN",pm_tok_synthetic_02293,870,2,0,1,1,0,NONE
tx_legit_005069,usr_norm_1539,merch_razorpay_044,868.25,INR,2026-08-11T16:59:00+00:00,dev_fingerprint_1523,192.168.3.171,"Mumbai, IN",pm_tok_synthetic_02152,618,1,0,1,2,0,NONE
tx_legit_009037,usr_norm_1379,merch_razorpay_023,440.8,INR,2026-08-11T17:02:12+00:00,dev_fingerprint_0664,192.168.21.157,"Pune, IN",pm_tok_synthetic_01026,452,1,0,1,1,0,NONE
tx_legit_004503,usr_norm_1756,merch_razorpay_026,552.39,INR,2026-08-11T17:07:46+00:00,dev_fingerprint_0289,192.168.7.22,"Mumbai, IN",pm_tok_synthetic_00078,512,1,0,2,2,0,NONE
tx_legit_000634,usr_norm_0841,merch_razorpay_047,606.16,INR,2026-08-11T17:10:17+00:00,dev_fingerprint_1129,192.168.156.252,"Bengaluru, IN",pm_tok_synthetic_01410,197,1,0,1,1,0,NONE
tx_fraud_000129,usr_fraud_ringA_003,merch_razorpay_000,2676.19,INR,2026-08-11T17:14:42+00:00,dev_fraud_ring_A_3,198.51.100.69,"Delhi, IN",pm_tok_ringA_008,4,8,2,17,2,1,DEVICE_SHARING_RING
tx_legit_007084,usr_norm_0849,merch_razorpay_020,123.22,INR,2026-08-11T17:15:13+00:00,dev_fingerprint_0017,192.168.153.18,"Kolkata, IN",pm_tok_synthetic_01033,652,1,0,1,1,0,NONE
tx_legit_007618,usr_norm_1066,merch_razorpay_041,267.97,INR,2026-08-11T17:16:56+00:00,dev_fingerprint_0800,192.168.203.211,"Bengaluru, IN",pm_tok_synthetic_02235,332,1,0,1,1,0,NONE
tx_fraud_000353,usr_fraud_reuseC_012,merch_razorpay_020,12939.81,INR,2026-08-11T17:17:39+00:00,dev_reuseC_025,198.51.100.150,"Chennai, IN",pm_tok_stolen_C_005,1,7,1,5,4,1,PAYMENT_REF_REUSE
tx_legit_002249,usr_norm_0639,merch_razorpay_034,327.15,INR,2026-08-11T17:18:27+00:00,dev_fingerprint_0318,10.0.107.100,"Chennai, IN",pm_tok_synthetic_01338,430,2,0,1,1,0,NONE
tx_fraud_000121,usr_fraud_ringA_020,merch_razorpay_042,14636.22,INR,2026-08-11T17:18:33+00:00,dev_fraud_ring_A_1,198.51.100.41,"Hyderabad, IN",pm_tok_ringA_004,2,4,1,9,4,1,DEVICE_SHARING_RING
tx_legit_004113,usr_norm_0587,merch_razorpay_036,95.77,INR,2026-08-11T17:20:34+00:00,dev_fingerprint_0129,192.168.254.170,"Delhi, IN",pm_tok_synthetic_02189,437,1,0,1,1,0,NONE
tx_legit_001793,usr_norm_1084,merch_razorpay_008,721.1,INR,2026-08-11T17:25:24+00:00,dev_fingerprint_0995,192.168.36.39,"Hyderabad, IN",pm_tok_synthetic_01344,661,1,0,1,3,0,NONE
tx_legit_003682,usr_norm_0713,merch_razorpay_023,194.92,INR,2026-08-11T17:31:03+00:00,dev_fingerprint_0724,192.168.139.16,"Kolkata, IN",pm_tok_synthetic_00766,311,1,0,1,1,0,NONE
tx_legit_008918,usr_norm_1493,merch_razorpay_045,801.71,INR,2026-08-11T17:34:40+00:00,dev_fingerprint_1806,192.168.150.243,"Delhi, IN",pm_tok_synthetic_00681,462,1,0,1,1,0,NONE
tx_legit_002771,usr_norm_1895,merch_razorpay_044,1965.3,INR,2026-08-11T17:36:02+00:00,dev_fingerprint_0807,192.168.193.218,"Ahmedabad, IN",pm_tok_synthetic_02008,355,1,0,1,2,0,NONE
tx_legit_001648,usr_norm_0890,merch_razorpay_038,2285.36,INR,2026-08-11T17:36:57+00:00,dev_fingerprint_0009,192.168.221.93,"Bengaluru, IN",pm_tok_synthetic_00123,234,1,0,1,2,0,NONE
tx_legit_007123,usr_norm_0440,merch_razorpay_039,348.17,INR,2026-08-11T17:39:04+00:00,dev_fingerprint_0462,192.168.54.175,"Delhi, IN",pm_tok_synthetic_00330,699,1,0,1,2,0,NONE
tx_legit_001853,usr_norm_1633,merch_razorpay_046,286.57,INR,2026-08-11T17:41:36+00:00,dev_fingerprint_1088,192.168.214.95,"Ahmedabad, IN",pm_tok_synthetic_01597,660,1,0,3,2,0,NONE
tx_legit_003311,usr_norm_1163,merch_razorpay_022,438.27,INR,2026-08-11T17:43:26+00:00,dev_fingerprint_0420,192.168.120.177,"Ahmedabad, IN",pm_tok_synthetic_01293,448,1,0,1,1,0,NONE
tx_fraud_000428,usr_fraud_reuseC_007,merch_razorpay_031,8523.57,INR,2026-08-11T17:45:54+00:00,dev_reuseC_020,198.51.100.178,"Mumbai, IN",pm_tok_stolen_C_004,1,6,0,4,3,1,PAYMENT_REF_REUSE
tx_legit_008103,usr_norm_1437,merch_razorpay_008,582.02,INR,2026-08-11T17:48:03+00:00,dev_fingerprint_1193,192.168.136.129,"Ahmedabad, IN",pm_tok_synthetic_02157,74,1,0,1,3,0,NONE
tx_legit_008601,usr_norm_1131,merch_razorpay_016,338.14,INR,2026-08-11T17:54:01+00:00,dev_fingerprint_0841,192.168.88.72,"Delhi, IN",pm_tok_synthetic_00998,74,1,0,1,1,0,NONE
tx_legit_007129,usr_norm_1243,merch_razorpay_041,473.43,INR,2026-08-11T17:54:12+00:00,dev_fingerprint_0401,192.168.167.96,"Hyderabad, IN",pm_tok_synthetic_00612,514,1,0,1,2,0,NONE
tx_legit_002697,usr_norm_0380,merch_razorpay_035,786.54,INR,2026-08-11T17:54:33+00:00,dev_fingerprint_1498,192.168.67.88,"Kolkata, IN",pm_tok_synthetic_01306,621,2,0,1,4,0,NONE
tx_legit_006663,usr_norm_0353,merch_razorpay_045,606.74,INR,2026-08-11T17:56:35+00:00,dev_fingerprint_0270,192.168.62.33,"Mumbai, IN",pm_tok_synthetic_01701,497,4,0,2,1,0,NONE
tx_fraud_000234,usr_fraud_burstB_013,merch_razorpay_037,11831.0,INR,2026-08-11T17:56:59+00:00,dev_fraud_burstB_025,203.0.113.104,"Chennai, IN",pm_tok_burstB_014,24,18,4,4,17,1,SHARED_IP_BURST
tx_fraud_000109,usr_fraud_ringA_008,merch_razorpay_023,16753.59,INR,2026-08-11T18:06:37+00:00,dev_fraud_ring_A_0,198.51.100.53,"Kolkata, IN",pm_tok_ringA_010,2,5,1,10,5,1,DEVICE_SHARING_RING
tx_legit_003100,usr_norm_0050,merch_razorpay_048,290.2,INR,2026-08-11T18:07:28+00:00,dev_fingerprint_1086,192.168.192.81,"Ahmedabad, IN",pm_tok_synthetic_01540,459,1,0,1,1,0,NONE
tx_legit_004260,usr_norm_1681,merch_razorpay_001,472.21,INR,2026-08-11T18:11:05+00:00,dev_fingerprint_0526,192.168.167.180,"Mumbai, IN",pm_tok_synthetic_00456,648,2,0,1,2,0,NONE
tx_legit_006829,usr_norm_0252,merch_razorpay_017,237.91,INR,2026-08-11T18:11:31+00:00,dev_fingerprint_1018,192.168.40.56,"Ahmedabad, IN",pm_tok_synthetic_00368,432,1,0,1,1,0,NONE
tx_legit_005083,usr_norm_1728,merch_razorpay_026,687.6,INR,2026-08-11T18:12:39+00:00,dev_fingerprint_0149,10.0.208.79,"Ahmedabad, IN",pm_tok_synthetic_02340,775,1,1,1,1,0,NONE
tx_legit_002317,usr_norm_0036,merch_razorpay_045,1977.08,INR,2026-08-11T18:17:10+00:00,dev_fingerprint_0250,192.168.127.103,"Ahmedabad, IN",pm_tok_synthetic_01448,711,1,1,2,1,0,NONE
tx_fraud_000177,usr_fraud_burstB_016,merch_razorpay_008,12996.5,INR,2026-08-11T18:21:47+00:00,dev_fraud_burstB_019,203.0.113.104,"Mumbai, IN",pm_tok_burstB_005,20,8,7,1,24,1,SHARED_IP_BURST
tx_legit_000240,usr_norm_1215,merch_razorpay_005,742.33,INR,2026-08-11T18:21:48+00:00,dev_fingerprint_1174,192.168.155.54,"Kolkata, IN",pm_tok_synthetic_00748,794,1,0,1,2,0,NONE
tx_legit_006408,usr_norm_1639,merch_razorpay_031,558.25,INR,2026-08-11T18:32:57+00:00,dev_fingerprint_1560,10.0.13.62,"Kolkata, IN",pm_tok_synthetic_01204,93,1,0,1,2,0,NONE
tx_legit_002106,usr_norm_0897,merch_razorpay_025,745.31,INR,2026-08-11T18:37:35+00:00,dev_fingerprint_0093,192.168.221.11,"Kolkata, IN",pm_tok_synthetic_01191,496,1,0,1,4,0,NONE
tx_legit_008115,usr_norm_1057,merch_razorpay_007,920.16,INR,2026-08-11T18:44:50+00:00,dev_fingerprint_0647,192.168.151.72,"Delhi, IN",pm_tok_synthetic_01595,719,1,0,1,1,0,NONE
tx_legit_004372,usr_norm_1418,merch_razorpay_049,1348.48,INR,2026-08-11T18:49:57+00:00,dev_fingerprint_1261,192.168.160.194,"Pune, IN",pm_tok_synthetic_02147,282,1,0,2,5,0,NONE
tx_legit_005143,usr_norm_1383,merch_razorpay_022,233.87,INR,2026-08-11T18:56:39+00:00,dev_fingerprint_1855,192.168.190.189,"Hyderabad, IN",pm_tok_synthetic_01853,488,2,0,2,1,0,NONE
tx_legit_008587,usr_norm_1941,merch_razorpay_014,1168.39,INR,2026-08-11T19:00:14+00:00,dev_fingerprint_0446,192.168.19.182,"Delhi, IN",pm_tok_synthetic_02061,256,2,0,1,2,0,NONE
tx_legit_004412,usr_norm_1330,merch_razorpay_009,2239.52,INR,2026-08-11T19:01:41+00:00,dev_fingerprint_1695,192.168.19.182,"Bengaluru, IN",pm_tok_synthetic_01521,819,2,0,1,1,0,NONE
tx_fraud_000348,usr_fraud_reuseC_007,merch_razorpay_039,17698.24,INR,2026-08-11T19:05:01+00:00,dev_reuseC_005,198.51.100.138,"Bengaluru, IN",pm_tok_stolen_C_005,5,3,2,2,3,1,PAYMENT_REF_REUSE
tx_legit_001575,usr_norm_0434,merch_razorpay_044,236.08,INR,2026-08-11T19:09:07+00:00,dev_fingerprint_1429,192.168.151.170,"Pune, IN",pm_tok_synthetic_01763,855,1,0,1,2,0,NONE
tx_legit_003121,usr_norm_1085,merch_razorpay_049,415.42,INR,2026-08-11T19:10:11+00:00,dev_fingerprint_1350,10.0.247.113,"Chennai, IN",pm_tok_synthetic_02392,186,1,0,1,1,0,NONE
tx_legit_005430,usr_norm_1107,merch_razorpay_023,345.0,INR,2026-08-11T19:10:19+00:00,dev_fingerprint_1052,192.168.247.55,"Ahmedabad, IN",pm_tok_synthetic_01827,193,1,0,2,4,0,NONE
tx_legit_002773,usr_norm_1660,merch_razorpay_039,1036.53,INR,2026-08-11T19:13:53+00:00,dev_fingerprint_0841,192.168.138.32,"Kolkata, IN",pm_tok_synthetic_02237,620,1,0,1,3,0,NONE
tx_legit_007710,usr_norm_0467,merch_razorpay_008,2226.12,INR,2026-08-11T19:15:27+00:00,dev_fingerprint_1298,10.0.122.111,"Pune, IN",pm_tok_synthetic_01595,354,2,0,1,2,0,NONE
tx_legit_003322,usr_norm_0072,merch_razorpay_013,348.96,INR,2026-08-11T19:20:01+00:00,dev_fingerprint_0235,192.168.218.197,"Hyderabad, IN",pm_tok_synthetic_00085,362,1,0,1,1,0,NONE
tx_legit_005503,usr_norm_0079,merch_razorpay_009,558.84,INR,2026-08-11T19:21:41+00:00,dev_fingerprint_1962,192.168.68.36,"Hyderabad, IN",pm_tok_synthetic_00579,678,1,0,1,3,0,NONE
tx_legit_007179,usr_norm_1082,merch_razorpay_046,492.0,INR,2026-08-11T19:24:18+00:00,dev_fingerprint_1342,192.168.240.67,"Ahmedabad, IN",pm_tok_synthetic_00409,321,2,0,1,1,0,NONE
tx_legit_002893,usr_norm_1384,merch_razorpay_002,505.65,INR,2026-08-11T19:29:33+00:00,dev_fingerprint_0813,10.0.97.198,"Mumbai, IN",pm_tok_synthetic_00141,321,2,0,1,1,0,NONE
tx_legit_006868,usr_norm_1742,merch_razorpay_048,384.89,INR,2026-08-11T19:30:56+00:00,dev_fingerprint_0786,192.168.62.45,"Delhi, IN",pm_tok_synthetic_00782,336,1,0,3,1,0,NONE
tx_legit_006823,usr_norm_1427,merch_razorpay_027,281.53,INR,2026-08-11T19:37:05+00:00,dev_fingerprint_1403,192.168.33.50,"Hyderabad, IN",pm_tok_synthetic_00638,805,2,2,2,2,0,NONE
tx_fraud_000114,usr_fraud_ringA_013,merch_razorpay_002,7797.1,INR,2026-08-11T19:39:07+00:00,dev_fraud_ring_A_0,198.51.100.12,"Delhi, IN",pm_tok_ringA_004,10,6,2,12,5,1,DEVICE_SHARING_RING
tx_legit_004008,usr_norm_0581,merch_razorpay_033,213.17,INR,2026-08-11T19:42:37+00:00,dev_fingerprint_1618,10.0.199.12,"Chennai, IN",pm_tok_synthetic_01851,107,1,0,1,1,0,NONE
tx_legit_007042,usr_norm_1486,merch_razorpay_023,466.71,INR,2026-08-11T19:45:06+00:00,dev_fingerprint_0640,192.168.132.170,"Chennai, IN",pm_tok_synthetic_02342,638,1,0,1,2,0,NONE
tx_legit_002224,usr_norm_0341,merch_razorpay_019,528.1,INR,2026-08-11T20:07:12+00:00,dev_fingerprint_1240,192.168.33.50,"Bengaluru, IN",pm_tok_synthetic_01703,748,2,0,1,1,0,NONE
tx_legit_008456,usr_norm_0760,merch_razorpay_028,285.95,INR,2026-08-11T20:11:45+00:00,dev_fingerprint_1451,192.168.19.176,"Delhi, IN",pm_tok_synthetic_01375,487,1,0,1,2,0,NONE
tx_legit_005094,usr_norm_0558,merch_razorpay_027,270.02,INR,2026-08-11T20:12:21+00:00,dev_fingerprint_0460,192.168.176.154,"Kolkata, IN",pm_tok_synthetic_01182,202,1,0,2,1,0,NONE
tx_legit_004289,usr_norm_0253,merch_razorpay_031,170.9,INR,2026-08-11T20:20:37+00:00,dev_fingerprint_1035,192.168.107.16,"Chennai, IN",pm_tok_synthetic_00986,250,2,0,1,2,0,NONE
tx_fraud_000632,usr_fraud_anomD_151,merch_razorpay_008,64076.69,INR,2026-08-11T20:28:45+00:00,dev_anomD_151,192.0.2.110,Unknown / VPN Node,pm_tok_anomD_151,6,16,6,1,1,1,BEHAVIORAL_ANOMALY
tx_legit_006269,usr_norm_0809,merch_razorpay_008,151.05,INR,2026-08-11T20:35:41+00:00,dev_fingerprint_0938,192.168.248.58,"Delhi, IN",pm_tok_synthetic_00050,835,1,1,1,1,0,NONE
tx_fraud_000045,usr_fraud_ringA_019,merch_razorpay_038,3217.28,INR,2026-08-11T20:38:57+00:00,dev_fraud_ring_A_4,198.51.100.27,"Mumbai, IN",pm_tok_ringA_004,8,8,2,12,3,1,DEVICE_SHARING_RING
tx_legit_003685,usr_norm_0419,merch_razorpay_039,1384.42,INR,2026-08-11T20:39:34+00:00,dev_fingerprint_1000,192.168.61.219,"Bengaluru, IN",pm_tok_synthetic_02009,501,2,1,1,2,0,NONE
tx_legit_001329,usr_norm_1675,merch_razorpay_030,1003.68,INR,2026-08-11T20:41:58+00:00,dev_fingerprint_0125,10.0.138.235,"Delhi, IN",pm_tok_synthetic_01938,622,1,0,1,1,0,NONE
tx_fraud_000622,usr_fraud_anomD_141,merch_razorpay_033,35158.96,INR,2026-08-11T20:47:25+00:00,dev_anomD_141,192.0.2.157,Unknown / VPN Node,pm_tok_anomD_141,8,9,7,2,3,1,BEHAVIORAL_ANOMALY
tx_legit_005916,usr_norm_0218,merch_razorpay_047,845.51,INR,2026-08-11T20:50:48+00:00,dev_fingerprint_1177,192.168.102.227,"Bengaluru, IN",pm_tok_synthetic_00513,354,1,0,1,1,0,NONE
tx_fraud_000286,usr_fraud_burstB_005,merch_razorpay_049,11115.91,INR,2026-08-11T20:55:45+00:00,dev_fraud_burstB_012,203.0.113.105,"Delhi, IN",pm_tok_burstB_017,20,18,8,1,20,1,SHARED_IP_BURST
tx_legit_006482,usr_norm_0131,merch_razorpay_043,476.74,INR,2026-08-11T20:59:30+00:00,dev_fingerprint_1389,192.168.78.127,"Bengaluru, IN",pm_tok_synthetic_02336,481,2,0,1,1,0,NONE
tx_fraud_000087,usr_fraud_ringA_011,merch_razorpay_049,8897.67,INR,2026-08-11T21:00:42+00:00,dev_fraud_ring_A_1,198.51.100.78,"Mumbai, IN",pm_tok_ringA_005,4,11,2,13,5,1,DEVICE_SHARING_RING
tx_legit_004714,usr_norm_0989,merch_razorpay_023,812.96,INR,2026-08-11T21:09:15+00:00,dev_fingerprint_0793,192.168.161.55,"Chennai, IN",pm_tok_synthetic_02459,650,1,0,1,1,0,NONE
tx_legit_001865,usr_norm_1240,merch_razorpay_036,66.36,INR,2026-08-11T21:10:44+00:00,dev_fingerprint_1179,192.168.236.74,"Bengaluru, IN",pm_tok_synthetic_02469,863,1,1,1,2,0,NONE
tx_legit_004841,usr_norm_0499,merch_razorpay_007,556.91,INR,2026-08-11T21:13:06+00:00,dev_fingerprint_0596,192.168.163.181,"Pune, IN",pm_tok_synthetic_00283,868,1,0,2,2,0,NONE
tx_legit_006714,usr_norm_0951,merch_razorpay_003,709.23,INR,2026-08-11T21:13:08+00:00,dev_fingerprint_1355,192.168.30.249,"Kolkata, IN",pm_tok_synthetic_00514,523,2,0,1,1,0,NONE
tx_legit_000628,usr_norm_0362,merch_razorpay_033,577.81,INR,2026-08-11T21:20:48+00:00,dev_fingerprint_0277,192.168.131.192,"Bengaluru, IN",pm_tok_synthetic_01721,413,1,0,1,1,0,NONE
tx_legit_002291,usr_norm_1870,merch_razorpay_035,212.2,INR,2026-08-11T21:23:17+00:00,dev_fingerprint_0723,192.168.142.181,"Bengaluru, IN",pm_tok_synthetic_01867,200,1,0,1,1,0,NONE
tx_legit_005588,usr_norm_1540,merch_razorpay_003,838.0,INR,2026-08-11T21:30:31+00:00,dev_fingerprint_1799,192.168.66.12,"Pune, IN",pm_tok_synthetic_00531,659,1,0,1,1,0,NONE
tx_legit_008427,usr_norm_0100,merch_razorpay_038,265.58,INR,2026-08-11T21:31:39+00:00,dev_fingerprint_0703,192.168.121.90,"Bengaluru, IN",pm_tok_synthetic_00345,546,1,0,1,1,0,NONE
tx_legit_006592,usr_norm_0662,merch_razorpay_007,466.47,INR,2026-08-11T21:35:19+00:00,dev_fingerprint_0655,192.168.53.176,"Mumbai, IN",pm_tok_synthetic_00319,615,1,0,1,1,0,NONE
tx_legit_008050,usr_norm_0203,merch_razorpay_010,350.05,INR,2026-08-11T21:39:26+00:00,dev_fingerprint_0536,10.0.167.120,"Delhi, IN",pm_tok_synthetic_01066,750,1,0,1,1,0,NONE
tx_legit_006984,usr_norm_0376,merch_razorpay_012,592.32,INR,2026-08-11T21:46:00+00:00,dev_fingerprint_1440,192.168.251.213,"Mumbai, IN",pm_tok_synthetic_00199,280,1,0,2,3,0,NONE
tx_legit_006902,usr_norm_1681,merch_razorpay_042,373.08,INR,2026-08-11T21:47:32+00:00,dev_fingerprint_0526,192.168.167.180,"Pune, IN",pm_tok_synthetic_00456,648,2,0,1,1,0,NONE
tx_legit_000556,usr_norm_1920,merch_razorpay_027,1151.86,INR,2026-08-11T21:49:08+00:00,dev_fingerprint_0367,192.168.119.47,"Mumbai, IN",pm_tok_synthetic_01002,59,1,0,1,2,0,NONE
tx_legit_005648,usr_norm_0459,merch_razorpay_032,492.58,INR,2026-08-11T21:53:20+00:00,dev_fingerprint_1239,10.0.245.102,"Bengaluru, IN",pm_tok_synthetic_02439,436,1,0,1,1,0,NONE
tx_legit_001779,usr_norm_0095,merch_razorpay_033,327.7,INR,2026-08-11T21:54:23+00:00,dev_fingerprint_1216,192.168.246.167,"Kolkata, IN",pm_tok_synthetic_01574,503,1,0,1,2,0,NONE
tx_legit_000403,usr_norm_0346,merch_razorpay_024,611.96,INR,2026-08-11T21:56:25+00:00,dev_fingerprint_1441,192.168.94.111,"Mumbai, IN",pm_tok_synthetic_00319,607,1,0,1,2,0,NONE
tx_legit_007969,usr_norm_1882,merch_razorpay_047,1103.93,INR,2026-08-11T22:01:33+00:00,dev_fingerprint_0319,192.168.189.27,"Chennai, IN",pm_tok_synthetic_02237,549,1,0,1,1,0,NONE
tx_legit_007298,usr_norm_1532,merch_razorpay_036,528.17,INR,2026-08-11T22:05:41+00:00,dev_fingerprint_1127,192.168.59.211,"Bengaluru, IN",pm_tok_synthetic_01199,512,3,0,1,3,0,NONE
tx_legit_000390,usr_norm_0216,merch_razorpay_040,495.67,INR,2026-08-11T22:15:34+00:00,dev_fingerprint_0633,192.168.193.61,"Pune, IN",pm_tok_synthetic_01960,568,2,0,1,2,0,NONE
tx_legit_006676,usr_norm_0642,merch_razorpay_037,133.61,INR,2026-08-11T22:20:26+00:00,dev_fingerprint_0500,192.168.13.221,"Delhi, IN",pm_tok_synthetic_01779,148,4,0,1,1,0,NONE
tx_legit_008973,usr_norm_1777,merch_razorpay_047,740.09,INR,2026-08-11T22:28:52+00:00,dev_fingerprint_1736,192.168.179.246,"Kolkata, IN",pm_tok_synthetic_00586,685,1,0,1,2,0,NONE
tx_fraud_000198,usr_fraud_burstB_007,merch_razorpay_005,1663.44,INR,2026-08-11T22:30:53+00:00,dev_fraud_burstB_014,203.0.113.103,"Mumbai, IN",pm_tok_burstB_003,20,21,2,1,16,1,SHARED_IP_BURST
tx_legit_001098,usr_norm_0523,merch_razorpay_022,828.48,INR,2026-08-11T22:36:13+00:00,dev_fingerprint_0137,192.168.54.175,"Chennai, IN",pm_tok_synthetic_00183,859,1,0,1,1,0,NONE
tx_legit_005765,usr_norm_1083,merch_razorpay_049,247.8,INR,2026-08-11T22:38:59+00:00,dev_fingerprint_1268,192.168.242.146,"Bengaluru, IN",pm_tok_synthetic_00792,355,1,0,1,1,0,NONE
tx_legit_005419,usr_norm_0469,merch_razorpay_046,894.61,INR,2026-08-11T22:45:00+00:00,dev_fingerprint_0631,192.168.71.113,"Pune, IN",pm_tok_synthetic_01474,809,1,1,1,1,0,NONE
tx_fraud_000071,usr_fraud_ringA_020,merch_razorpay_011,7762.25,INR,2026-08-11T22:58:01+00:00,dev_fraud_ring_A_4,198.51.100.45,"Pune, IN",pm_tok_ringA_006,2,7,1,7,6,1,DEVICE_SHARING_RING
tx_legit_008726,usr_norm_0554,merch_razorpay_049,255.68,INR,2026-08-11T23:02:54+00:00,dev_fingerprint_1337,192.168.55.117,"Chennai, IN",pm_tok_synthetic_01675,731,1,0,1,1,0,NONE
tx_legit_003734,usr_norm_0232,merch_razorpay_002,612.79,INR,2026-08-11T23:05:47+00:00,dev_fingerprint_1154,192.168.59.198,"Ahmedabad, IN",pm_tok_synthetic_00116,113,1,0,1,2,0,NONE
tx_legit_003831,usr_norm_1573,merch_razorpay_030,1076.05,INR,2026-08-11T23:08:42+00:00,dev_fingerprint_0766,192.168.239.83,"Pune, IN",pm_tok_synthetic_00153,826,1,1,1,4,0,NONE
tx_legit_007584,usr_norm_0108,merch_razorpay_004,670.37,INR,2026-08-11T23:11:35+00:00,dev_fingerprint_0791,192.168.190.114,"Delhi, IN",pm_tok_synthetic_01032,771,1,0,1,1,0,NONE
tx_legit_008855,usr_norm_0260,merch_razorpay_044,2536.86,INR,2026-08-11T23:13:04+00:00,dev_fingerprint_0092,192.168.51.38,"Hyderabad, IN",pm_tok_synthetic_00209,613,1,0,2,1,0,NONE
tx_legit_008762,usr_norm_1473,merch_razorpay_017,113.35,INR,2026-08-11T23:17:07+00:00,dev_fingerprint_1161,10.0.169.35,"Ahmedabad, IN",pm_tok_synthetic_00945,640,1,0,1,2,0,NONE
tx_legit_008372,usr_norm_0451,merch_razorpay_023,942.31,INR,2026-08-11T23:20:01+00:00,dev_fingerprint_1547,192.168.57.115,"Chennai, IN",pm_tok_synthetic_00848,631,1,0,1,1,0,NONE
tx_fraud_000396,usr_fraud_reuseC_015,merch_razorpay_029,20095.19,INR,2026-08-11T23:22:07+00:00,dev_reuseC_003,198.51.100.100,"Ahmedabad, IN",pm_tok_stolen_C_004,0,4,2,2,2,1,PAYMENT_REF_REUSE
tx_legit_008290,usr_norm_1159,merch_razorpay_019,90.19,INR,2026-08-11T23:23:31+00:00,dev_fingerprint_1225,10.0.154.24,"Hyderabad, IN",pm_tok_synthetic_02227,448,1,0,3,1,0,NONE
tx_fraud_000076,usr_fraud_ringA_000,merch_razorpay_010,14302.09,INR,2026-08-11T23:30:21+00:00,dev_fraud_ring_A_4,198.51.100.59,"Pune, IN",pm_tok_ringA_006,14,10,3,16,6,1,DEVICE_SHARING_RING
tx_legit_007771,usr_norm_0671,merch_razorpay_024,787.59,INR,2026-08-11T23:38:16+00:00,dev_fingerprint_1211,10.0.37.142,"Hyderabad, IN",pm_tok_synthetic_02020,821,2,0,1,1,0,NONE
tx_legit_003152,usr_norm_1296,merch_razorpay_010,933.03,INR,2026-08-11T23:41:23+00:00,dev_fingerprint_0774,192.168.41.15,"Kolkata, IN",pm_tok_synthetic_01077,111,1,0,1,1,0,NONE
tx_legit_006963,usr_norm_0294,merch_razorpay_003,323.83,INR,2026-08-11T23:42:35+00:00,dev_fingerprint_1142,192.168.221.11,"Ahmedabad, IN",pm_tok_synthetic_00921,334,1,0,2,2,0,NONE
tx_legit_004371,usr_norm_0130,merch_razorpay_046,469.59,INR,2026-08-11T23:42:48+00:00,dev_fingerprint_0960,192.168.139.225,"Ahmedabad, IN",pm_tok_synthetic_00794,406,1,0,1,1,0,NONE
tx_legit_008575,usr_norm_0070,merch_razorpay_032,735.28,INR,2026-08-11T23:44:27+00:00,dev_fingerprint_1179,192.168.244.194,"Ahmedabad, IN",pm_tok_synthetic_02348,444,1,0,1,2,0,NONE
tx_legit_003047,usr_norm_0482,merch_razorpay_005,299.37,INR,2026-08-11T23:52:07+00:00,dev_fingerprint_0862,192.168.231.92,"Mumbai, IN",pm_tok_synthetic_01983,831,1,1,1,1,0,NONE
tx_legit_004708,usr_norm_1820,merch_razorpay_017,264.83,INR,2026-08-11T23:56:17+00:00,dev_fingerprint_0010,192.168.109.57,"Kolkata, IN",pm_tok_synthetic_00181,71,1,0,1,3,0,NONE
tx_legit_005092,usr_norm_1255,merch_razorpay_018,829.2,INR,2026-08-11T23:59:30+00:00,dev_fingerprint_1181,10.0.233.138,"Hyderabad, IN",pm_tok_synthetic_02205,208,1,2,1,2,0,NONE
tx_legit_000874,usr_norm_0356,merch_razorpay_044,762.82,INR,2026-08-12T00:03:05+00:00,dev_fingerprint_0044,192.168.86.24,"Hyderabad, IN",pm_tok_synthetic_01042,866,1,0,1,1,0,NONE
tx_legit_008833,usr_norm_1576,merch_razorpay_011,482.24,INR,2026-08-12T00:26:23+00:00,dev_fingerprint_0315,192.168.141.26,"Chennai, IN",pm_tok_synthetic_01393,525,3,1,1,2,0,NONE
tx_legit_004573,usr_norm_0207,merch_razorpay_022,335.36,INR,2026-08-12T00:31:31+00:00,dev_fingerprint_0911,192.168.29.40,"Hyderabad, IN",pm_tok_synthetic_01186,713,1,0,1,2,0,NONE
tx_legit_005599,usr_norm_0832,merch_razorpay_011,975.1,INR,2026-08-12T00:33:46+00:00,dev_fingerprint_0277,192.168.124.89,"Bengaluru, IN",pm_tok_synthetic_02147,612,1,0,2,2,0,NONE
tx_legit_008528,usr_norm_1297,merch_razorpay_027,498.41,INR,2026-08-12T00:33:47+00:00,dev_fingerprint_0864,192.168.126.27,"Hyderabad, IN",pm_tok_synthetic_00981,559,1,0,1,1,0,NONE
tx_legit_003542,usr_norm_0359,merch_razorpay_021,376.04,INR,2026-08-12T00:35:20+00:00,dev_fingerprint_1434,192.168.199.15,"Ahmedabad, IN",pm_tok_synthetic_02216,91,1,0,2,2,0,NONE
tx_legit_003136,usr_norm_0602,merch_razorpay_026,301.99,INR,2026-08-12T00:38:36+00:00,dev_fingerprint_1342,192.168.17.99,"Hyderabad, IN",pm_tok_synthetic_00389,31,1,0,1,1,0,NONE
tx_legit_008562,usr_norm_1060,merch_razorpay_007,423.8,INR,2026-08-12T00:41:51+00:00,dev_fingerprint_1199,192.168.26.98,"Delhi, IN",pm_tok_synthetic_00297,396,1,0,1,1,0,NONE
tx_legit_002127,usr_norm_1600,merch_razorpay_031,931.64,INR,2026-08-12T00:43:57+00:00,dev_fingerprint_1289,192.168.12.84,"Mumbai, IN",pm_tok_synthetic_01826,661,4,0,1,2,0,NONE
tx_legit_004077,usr_norm_0883,merch_razorpay_041,176.57,INR,2026-08-12T00:47:56+00:00,dev_fingerprint_0369,192.168.222.39,"Hyderabad, IN",pm_tok_synthetic_00331,529,1,0,1,1,0,NONE
tx_legit_004012,usr_norm_1829,merch_razorpay_046,93.88,INR,2026-08-12T00:50:06+00:00,dev_fingerprint_0940,192.168.41.19,"Pune, IN",pm_tok_synthetic_02336,795,1,0,1,1,0,NONE
tx_fraud_000042,usr_fraud_ringA_016,merch_razorpay_042,17422.58,INR,2026-08-12T00:58:38+00:00,dev_fraud_ring_A_3,198.51.100.48,"Chennai, IN",pm_tok_ringA_003,2,7,4,14,2,1,DEVICE_SHARING_RING
tx_legit_004597,usr_norm_1521,merch_razorpay_015,1042.13,INR,2026-08-12T00:58:59+00:00,dev_fingerprint_1796,192.168.95.91,"Chennai, IN",pm_tok_synthetic_00757,181,1,0,1,3,0,NONE
tx_legit_004276,usr_norm_0994,merch_razorpay_005,287.41,INR,2026-08-12T01:04:02+00:00,dev_fingerprint_0845,192.168.31.185,"Bengaluru, IN",pm_tok_synthetic_02098,336,1,0,1,1,0,NONE
tx_fraud_000361,usr_fraud_reuseC_000,merch_razorpay_006,17861.61,INR,2026-08-12T01:04:52+00:00,dev_reuseC_013,198.51.100.108,"Pune, IN",pm_tok_stolen_C_005,3,3,2,2,6,1,PAYMENT_REF_REUSE
tx_legit_006160,usr_norm_1392,merch_razorpay_025,84.24,INR,2026-08-12T01:11:08+00:00,dev_fingerprint_1549,192.168.185.197,"Pune, IN",pm_tok_synthetic_02384,285,1,0,1,1,0,NONE
tx_legit_001835,usr_norm_1715,merch_razorpay_028,195.85,INR,2026-08-12T01:14:42+00:00,dev_fingerprint_1326,192.168.72.226,"Delhi, IN",pm_tok_synthetic_00756,143,1,0,1,1,0,NONE
tx_legit_002042,usr_norm_0398,merch_razorpay_036,1063.22,INR,2026-08-12T01:19:51+00:00,dev_fingerprint_0390,192.168.69.180,"Pune, IN",pm_tok_synthetic_01099,416,1,0,1,1,0,NONE
tx_legit_002827,usr_norm_1930,merch_razorpay_006,228.09,INR,2026-08-12T01:21:47+00:00,dev_fingerprint_0859,192.168.19.148,"Pune, IN",pm_tok_synthetic_01458,79,3,0,1,1,0,NONE
tx_legit_003336,usr_norm_1212,merch_razorpay_007,699.11,INR,2026-08-12T01:24:47+00:00,dev_fingerprint_0588,192.168.120.136,"Delhi, IN",pm_tok_synthetic_02203,719,2,0,1,1,0,NONE
tx_legit_003246,usr_norm_0255,merch_razorpay_017,850.82,INR,2026-08-12T01:29:49+00:00,dev_fingerprint_0576,192.168.55.117,"Ahmedabad, IN",pm_tok_synthetic_02447,893,1,0,1,1,0,NONE
tx_fraud_000484,usr_fraud_anomD_003,merch_razorpay_026,91467.21,INR,2026-08-12T01:32:17+00:00,dev_anomD_003,192.0.2.81,Unknown / VPN Node,pm_tok_anomD_003,10,6,7,1,1,1,BEHAVIORAL_ANOMALY
tx_legit_006378,usr_norm_1274,merch_razorpay_028,416.02,INR,2026-08-12T01:43:06+00:00,dev_fingerprint_0318,192.168.131.127,"Hyderabad, IN",pm_tok_synthetic_01596,346,2,0,1,1,0,NONE
tx_legit_009113,usr_norm_1156,merch_razorpay_039,1907.37,INR,2026-08-12T01:53:00+00:00,dev_fingerprint_1206,10.0.250.227,"Kolkata, IN",pm_tok_synthetic_02359,130,1,0,1,1,0,NONE
tx_legit_000404,usr_norm_1616,merch_razorpay_036,1006.63,INR,2026-08-12T02:04:18+00:00,dev_fingerprint_0618,192.168.152.177,"Mumbai, IN",pm_tok_synthetic_01888,440,1,0,1,2,0,NONE
tx_legit_005423,usr_norm_0212,merch_razorpay_047,474.62,INR,2026-08-12T02:05:22+00:00,dev_fingerprint_0411,10.0.136.186,"Chennai, IN",pm_tok_synthetic_00568,272,1,0,1,1,0,NONE
tx_fraud_000287,usr_fraud_burstB_006,merch_razorpay_016,14395.86,INR,2026-08-12T02:11:27+00:00,dev_fraud_burstB_019,203.0.113.101,"Kolkata, IN",pm_tok_burstB_005,27,8,3,1,12,1,SHARED_IP_BURST
tx_legit_008157,usr_norm_0652,merch_razorpay_026,517.61,INR,2026-08-12T02:12:23+00:00,dev_fingerprint_0157,192.168.195.226,"Pune, IN",pm_tok_synthetic_01864,553,1,0,1,2,0,NONE
tx_legit_001078,usr_norm_0309,merch_razorpay_016,419.16,INR,2026-08-12T02:18:06+00:00,dev_fingerprint_1395,192.168.107.88,"Kolkata, IN",pm_tok_synthetic_00563,35,1,0,1,2,0,NONE
tx_legit_003254,usr_norm_0450,merch_razorpay_023,571.82,INR,2026-08-12T02:22:37+00:00,dev_fingerprint_1347,192.168.250.237,"Pune, IN",pm_tok_synthetic_00734,900,1,1,1,1,0,NONE
tx_legit_000480,usr_norm_0413,merch_razorpay_033,472.55,INR,2026-08-12T02:23:26+00:00,dev_fingerprint_1784,192.168.74.113,"Mumbai, IN",pm_tok_synthetic_00597,46,1,0,1,2,0,NONE
tx_legit_006712,usr_norm_1687,merch_razorpay_033,267.54,INR,2026-08-12T02:26:29+00:00,dev_fingerprint_0315,192.168.204.15,"Hyderabad, IN",pm_tok_synthetic_02031,800,1,0,1,3,0,NONE
tx_legit_001500,usr_norm_0955,merch_razorpay_007,678.85,INR,2026-08-12T02:28:25+00:00,dev_fingerprint_0961,192.168.66.118,"Pune, IN",pm_tok_synthetic_02030,199,2,0,1,2,0,NONE
tx_legit_001611,usr_norm_1756,merch_razorpay_037,350.67,INR,2026-08-12T02:31:26+00:00,dev_fingerprint_1730,192.168.7.22,"Ahmedabad, IN",pm_tok_synthetic_00078,512,1,1,1,1,0,NONE
tx_legit_000173,usr_norm_0374,merch_razorpay_018,1531.14,INR,2026-08-12T02:31:46+00:00,dev_fingerprint_0422,192.168.81.103,"Chennai, IN",pm_tok_synthetic_00413,638,1,0,2,1,0,NONE
tx_legit_008433,usr_norm_0124,merch_razorpay_034,233.78,INR,2026-08-12T02:39:32+00:00,dev_fingerprint_0315,10.0.34.42,"Hyderabad, IN",pm_tok_synthetic_00740,881,3,0,1,1,0,NONE
tx_legit_004421,usr_norm_1569,merch_razorpay_004,267.21,INR,2026-08-12T02:46:25+00:00,dev_fingerprint_0064,192.168.163.219,"Chennai, IN",pm_tok_synthetic_01695,118,1,0,1,1,0,NONE
tx_legit_007824,usr_norm_1981,merch_razorpay_048,175.63,INR,2026-08-12T02:50:26+00:00,dev_fingerprint_0580,192.168.139.120,"Hyderabad, IN",pm_tok_synthetic_00408,783,1,0,3,2,0,NONE
tx_legit_006470,usr_norm_1213,merch_razorpay_037,234.09,INR,2026-08-12T03:01:52+00:00,dev_fingerprint_0700,192.168.118.37,"Ahmedabad, IN",pm_tok_synthetic_02271,212,1,0,1,2,0,NONE
tx_legit_003237,usr_norm_1652,merch_razorpay_012,838.45,INR,2026-08-12T03:02:22+00:00,dev_fingerprint_0894,192.168.243.218,"Mumbai, IN",pm_tok_synthetic_00556,116,2,0,1,1,0,NONE
tx_legit_007707,usr_norm_1867,merch_razorpay_008,1075.33,INR,2026-08-12T03:03:25+00:00,dev_fingerprint_1161,192.168.251.195,"Bengaluru, IN",pm_tok_synthetic_01255,205,2,0,2,1,0,NONE
tx_legit_005836,usr_norm_1564,merch_razorpay_019,362.87,INR,2026-08-12T03:09:19+00:00,dev_fingerprint_0305,192.168.198.34,"Delhi, IN",pm_tok_synthetic_00127,377,3,0,2,1,0,NONE
tx_legit_007774,usr_norm_0617,merch_razorpay_039,240.12,INR,2026-08-12T03:13:41+00:00,dev_fingerprint_0252,10.0.253.89,"Mumbai, IN",pm_tok_synthetic_01572,389,1,0,2,2,0,NONE
tx_legit_001643,usr_norm_0457,merch_razorpay_030,124.27,INR,2026-08-12T03:25:09+00:00,dev_fingerprint_1929,10.0.205.29,"Hyderabad, IN",pm_tok_synthetic_00400,477,1,2,1,1,0,NONE
tx_legit_001820,usr_norm_0919,merch_razorpay_004,1387.34,INR,2026-08-12T03:26:53+00:00,dev_fingerprint_0733,192.168.173.211,"Delhi, IN",pm_tok_synthetic_01678,332,2,2,1,2,0,NONE
tx_legit_004368,usr_norm_0116,merch_razorpay_043,2565.79,INR,2026-08-12T03:27:32+00:00,dev_fingerprint_1323,192.168.19.176,"Chennai, IN",pm_tok_synthetic_01734,550,1,0,1,3,0,NONE
tx_legit_003093,usr_norm_0416,merch_razorpay_006,366.8,INR,2026-08-12T03:28:56+00:00,dev_fingerprint_0401,192.168.59.58,"Delhi, IN",pm_tok_synthetic_00942,418,3,0,2,1,0,NONE
tx_legit_008392,usr_norm_1957,merch_razorpay_028,219.5,INR,2026-08-12T03:33:02+00:00,dev_fingerprint_0067,192.168.234.208,"Ahmedabad, IN",pm_tok_synthetic_02103,637,1,0,1,1,0,NONE
tx_legit_007684,usr_norm_0236,merch_razorpay_006,161.19,INR,2026-08-12T03:35:33+00:00,dev_fingerprint_1284,192.168.166.88,"Kolkata, IN",pm_tok_synthetic_01186,687,1,0,1,1,0,NONE
tx_fraud_000472,usr_fraud_reuseC_011,merch_razorpay_017,4102.85,INR,2026-08-12T03:36:04+00:00,dev_reuseC_023,198.51.100.131,"Delhi, IN",pm_tok_stolen_C_003,4,9,0,2,4,1,PAYMENT_REF_REUSE
tx_legit_007930,usr_norm_1778,merch_razorpay_047,297.79,INR,2026-08-12T03:39:14+00:00,dev_fingerprint_0554,192.168.200.210,"Mumbai, IN",pm_tok_synthetic_00681,451,1,0,1,1,0,NONE
tx_legit_003601,usr_norm_1548,merch_razorpay_020,499.01,INR,2026-08-12T03:45:28+00:00,dev_fingerprint_0683,192.168.156.252,"Kolkata, IN",pm_tok_synthetic_02295,855,1,0,1,3,0,NONE
tx_legit_007396,usr_norm_1031,merch_razorpay_048,345.18,INR,2026-08-12T03:50:42+00:00,dev_fingerprint_0376,192.168.247.192,"Ahmedabad, IN",pm_tok_synthetic_00279,835,1,0,2,1,0,NONE
tx_fraud_000318,usr_fraud_burstB_007,merch_razorpay_033,3866.35,INR,2026-08-12T03:53:09+00:00,dev_fraud_burstB_010,203.0.113.104,"Pune, IN",pm_tok_burstB_008,4,14,3,1,17,1,SHARED_IP_BURST
tx_legit_007173,usr_norm_0361,merch_razorpay_020,519.21,INR,2026-08-12T03:53:50+00:00,dev_fingerprint_0587,192.168.50.184,"Pune, IN",pm_tok_synthetic_00737,817,1,0,1,2,0,NONE
tx_legit_008449,usr_norm_0715,merch_razorpay_005,624.71,INR,2026-08-12T03:55:34+00:00,dev_fingerprint_1257,192.168.71.12,"Delhi, IN",pm_tok_synthetic_01006,692,1,0,1,1,0,NONE
tx_legit_002024,usr_norm_1345,merch_razorpay_008,368.26,INR,2026-08-12T03:57:27+00:00,dev_fingerprint_0141,192.168.242.184,"Hyderabad, IN",pm_tok_synthetic_00634,490,2,0,1,3,0,NONE
tx_legit_007448,usr_norm_1459,merch_razorpay_005,446.09,INR,2026-08-12T03:57:43+00:00,dev_fingerprint_0639,192.168.212.242,"Pune, IN",pm_tok_synthetic_02479,367,1,0,1,1,0,NONE
tx_legit_004354,usr_norm_1499,merch_razorpay_032,653.26,INR,2026-08-12T03:57:45+00:00,dev_fingerprint_0805,192.168.2.229,"Hyderabad, IN",pm_tok_synthetic_01324,491,1,0,1,2,0,NONE
tx_legit_008629,usr_norm_1932,merch_razorpay_044,677.64,INR,2026-08-12T04:00:11+00:00,dev_fingerprint_0157,10.0.168.14,"Ahmedabad, IN",pm_tok_synthetic_00793,814,3,0,1,2,0,NONE
tx_legit_004365,usr_norm_0338,merch_razorpay_014,374.32,INR,2026-08-12T04:02:08+00:00,dev_fingerprint_0240,192.168.39.208,"Kolkata, IN",pm_tok_synthetic_01208,406,1,0,1,1,0,NONE
tx_legit_001345,usr_norm_1942,merch_razorpay_021,577.15,INR,2026-08-12T04:06:12+00:00,dev_fingerprint_0385,192.168.254.170,"Delhi, IN",pm_tok_synthetic_02288,658,1,0,1,1,0,NONE
tx_legit_002710,usr_norm_0597,merch_razorpay_037,501.42,INR,2026-08-12T04:08:10+00:00,dev_fingerprint_0618,192.168.221.85,"Bengaluru, IN",pm_tok_synthetic_01122,125,2,0,1,3,0,NONE
tx_legit_002868,usr_norm_1123,merch_razorpay_039,626.45,INR,2026-08-12T04:14:39+00:00,dev_fingerprint_1027,192.168.74.199,"Kolkata, IN",pm_tok_synthetic_00569,480,2,0,1,1,0,NONE
tx_legit_007127,usr_norm_1993,merch_razorpay_027,940.83,INR,2026-08-12T04:21:37+00:00,dev_fingerprint_0476,192.168.76.92,"Ahmedabad, IN",pm_tok_synthetic_01739,772,4,0,1,1,0,NONE
tx_legit_000316,usr_norm_0911,merch_razorpay_032,2072.07,INR,2026-08-12T04:22:37+00:00,dev_fingerprint_1423,10.0.93.21,"Bengaluru, IN",pm_tok_synthetic_00038,338,1,0,1,2,0,NONE
tx_legit_006484,usr_norm_1370,merch_razorpay_048,531.31,INR,2026-08-12T04:24:46+00:00,dev_fingerprint_0789,192.168.141.26,"Kolkata, IN",pm_tok_synthetic_00302,568,1,0,3,1,0,NONE
tx_legit_007538,usr_norm_0646,merch_razorpay_014,377.83,INR,2026-08-12T04:30:37+00:00,dev_fingerprint_0023,192.168.34.186,"Kolkata, IN",pm_tok_synthetic_02033,385,1,0,1,1,0,NONE
tx_legit_006013,usr_norm_1195,merch_razorpay_032,292.06,INR,2026-08-12T04:31:52+00:00,dev_fingerprint_0582,192.168.65.83,"Kolkata, IN",pm_tok_synthetic_02290,626,1,0,2,1,0,NONE
tx_legit_001074,usr_norm_0334,merch_razorpay_001,663.55,INR,2026-08-12T04:32:31+00:00,dev_fingerprint_0535,192.168.16.157,"Pune, IN",pm_tok_synthetic_01472,739,1,0,1,2,0,NONE
tx_legit_001423,usr_norm_0190,merch_razorpay_048,562.76,INR,2026-08-12T04:32:47+00:00,dev_fingerprint_0890,192.168.232.233,"Hyderabad, IN",pm_tok_synthetic_00234,106,2,0,1,2,0,NONE
tx_fraud_000595,usr_fraud_anomD_114,merch_razorpay_032,61764.62,INR,2026-08-12T04:36:36+00:00,dev_anomD_114,192.0.2.93,Unknown / VPN Node,pm_tok_anomD_114,6,8,4,3,4,1,BEHAVIORAL_ANOMALY
tx_fraud_000519,usr_fraud_anomD_038,merch_razorpay_035,52721.11,INR,2026-08-12T04:37:45+00:00,dev_anomD_038,192.0.2.230,Unknown / VPN Node,pm_tok_anomD_038,10,14,4,3,3,1,BEHAVIORAL_ANOMALY
tx_legit_008030,usr_norm_1932,merch_razorpay_021,360.07,INR,2026-08-12T04:39:38+00:00,dev_fingerprint_1704,192.168.122.172,"Mumbai, IN",pm_tok_synthetic_00793,814,1,0,1,1,0,NONE
tx_legit_005297,usr_norm_1594,merch_razorpay_003,524.41,INR,2026-08-12T04:40:13+00:00,dev_fingerprint_0501,10.0.197.100,"Hyderabad, IN",pm_tok_synthetic_00291,348,1,0,1,1,0,NONE
tx_legit_004834,usr_norm_0467,merch_razorpay_012,254.01,INR,2026-08-12T04:44:20+00:00,dev_fingerprint_1533,192.168.57.2,"Chennai, IN",pm_tok_synthetic_01595,354,1,0,1,2,0,NONE
tx_legit_002068,usr_norm_0544,merch_razorpay_000,301.92,INR,2026-08-12T04:45:13+00:00,dev_fingerprint_0374,10.0.167.179,"Chennai, IN",pm_tok_synthetic_00579,553,1,0,1,2,0,NONE
tx_legit_002678,usr_norm_0223,merch_razorpay_012,1077.56,INR,2026-08-12T04:45:27+00:00,dev_fingerprint_1635,192.168.66.197,"Mumbai, IN",pm_tok_synthetic_00626,341,1,0,1,1,0,NONE
tx_legit_003283,usr_norm_1221,merch_razorpay_022,1194.27,INR,2026-08-12T04:45:33+00:00,dev_fingerprint_1358,192.168.13.67,"Chennai, IN",pm_tok_synthetic_00027,812,1,0,3,1,0,NONE
tx_fraud_000443,usr_fraud_reuseC_002,merch_razorpay_012,6739.36,INR,2026-08-12T04:50:51+00:00,dev_reuseC_025,198.51.100.177,"Pune, IN",pm_tok_stolen_C_005,5,6,2,5,3,1,PAYMENT_REF_REUSE
tx_fraud_000640,usr_fraud_anomD_159,merch_razorpay_037,94027.62,INR,2026-08-12T04:52:03+00:00,dev_anomD_159,192.0.2.82,Unknown / VPN Node,pm_tok_anomD_159,6,7,6,3,1,1,BEHAVIORAL_ANOMALY
tx_fraud_000008,usr_fraud_ringA_007,merch_razorpay_042,16407.34,INR,2026-08-12T04:52:42+00:00,dev_fraud_ring_A_3,198.51.100.69,"Kolkata, IN",pm_tok_ringA_003,10,11,1,12,2,1,DEVICE_SHARING_RING
tx_legit_005909,usr_norm_0904,merch_razorpay_001,855.97,INR,2026-08-12T04:54:25+00:00,dev_fingerprint_1930,192.168.218.32,"Bengaluru, IN",pm_tok_synthetic_00153,414,1,0,1,1,0,NONE
tx_legit_000849,usr_norm_1815,merch_razorpay_043,199.8,INR,2026-08-12T04:54:43+00:00,dev_fingerprint_0443,192.168.104.178,"Mumbai, IN",pm_tok_synthetic_01939,887,3,0,1,1,0,NONE
tx_legit_001567,usr_norm_1595,merch_razorpay_038,945.47,INR,2026-08-12T05:03:05+00:00,dev_fingerprint_1926,192.168.161.25,"Delhi, IN",pm_tok_synthetic_01387,583,1,0,1,1,0,NONE
tx_legit_005576,usr_norm_1590,merch_razorpay_014,469.91,INR,2026-08-12T05:11:50+00:00,dev_fingerprint_0031,192.168.168.26,"Bengaluru, IN",pm_tok_synthetic_02292,556,1,0,1,3,0,NONE
tx_legit_003279,usr_norm_1623,merch_razorpay_048,294.55,INR,2026-08-12T05:12:44+00:00,dev_fingerprint_1371,192.168.64.191,"Ahmedabad, IN",pm_tok_synthetic_02351,886,1,0,3,1,0,NONE
tx_legit_001574,usr_norm_1504,merch_razorpay_036,608.5,INR,2026-08-12T05:21:53+00:00,dev_fingerprint_0253,10.0.208.221,"Hyderabad, IN",pm_tok_synthetic_00467,753,1,0,1,1,0,NONE
tx_legit_001681,usr_norm_1868,merch_razorpay_041,1224.99,INR,2026-08-12T05:22:48+00:00,dev_fingerprint_0532,192.168.31.242,"Hyderabad, IN",pm_tok_synthetic_01983,410,1,0,1,2,0,NONE
tx_legit_003816,usr_norm_1807,merch_razorpay_044,960.35,INR,2026-08-12T05:23:05+00:00,dev_fingerprint_1901,192.168.62.225,"Hyderabad, IN",pm_tok_synthetic_00131,738,1,1,1,1,0,NONE
tx_legit_003877,usr_norm_0674,merch_razorpay_004,263.45,INR,2026-08-12T05:23:06+00:00,dev_fingerprint_0048,192.168.150.145,"Delhi, IN",pm_tok_synthetic_02218,384,1,0,1,1,0,NONE
tx_legit_004748,usr_norm_0382,merch_razorpay_007,721.29,INR,2026-08-12T05:28:17+00:00,dev_fingerprint_0618,192.168.176.200,"Kolkata, IN",pm_tok_synthetic_00586,706,1,0,1,2,0,NONE
tx_legit_001399,usr_norm_1103,merch_razorpay_001,352.96,INR,2026-08-12T05:30:54+00:00,dev_fingerprint_1698,192.168.33.33,"Hyderabad, IN",pm_tok_synthetic_01903,543,1,0,1,2,0,NONE
tx_legit_006931,usr_norm_1976,merch_razorpay_004,396.39,INR,2026-08-12T05:33:37+00:00,dev_fingerprint_0834,192.168.216.164,"Chennai, IN",pm_tok_synthetic_01287,156,1,0,1,1,0,NONE
tx_legit_002683,usr_norm_1848,merch_razorpay_025,593.74,INR,2026-08-12T05:35:37+00:00,dev_fingerprint_1599,192.168.218.32,"Pune, IN",pm_tok_synthetic_01135,85,1,0,1,3,0,NONE
tx_legit_002260,usr_norm_0999,merch_razorpay_016,249.14,INR,2026-08-12T05:43:20+00:00,dev_fingerprint_1331,192.168.243.218,"Chennai, IN",pm_tok_synthetic_00728,545,1,0,1,1,0,NONE
tx_legit_001089,usr_norm_1971,merch_razorpay_030,589.88,INR,2026-08-12T05:49:57+00:00,dev_fingerprint_1485,192.168.227.138,"Chennai, IN",pm_tok_synthetic_00876,546,1,0,1,1,0,NONE
tx_legit_000694,usr_norm_1994,merch_razorpay_031,282.36,INR,2026-08-12T05:52:01+00:00,dev_fingerprint_1022,192.168.71.12,"Ahmedabad, IN",pm_tok_synthetic_02383,637,2,0,2,2,0,NONE
tx_legit_002255,usr_norm_1976,merch_razorpay_047,1043.48,INR,2026-08-12T05:55:52+00:00,dev_fingerprint_0834,192.168.216.164,"Hyderabad, IN",pm_tok_synthetic_01287,156,2,0,1,2,0,NONE
tx_legit_004832,usr_norm_1820,merch_razorpay_042,98.14,INR,2026-08-12T05:59:58+00:00,dev_fingerprint_0010,192.168.109.57,"Ahmedabad, IN",pm_tok_synthetic_00181,71,1,0,2,1,0,NONE
tx_legit_008645,usr_norm_1425,merch_razorpay_002,280.2,INR,2026-08-12T06:05:45+00:00,dev_fingerprint_0905,10.0.57.227,"Ahmedabad, IN",pm_tok_synthetic_00597,481,1,0,1,2,0,NONE
tx_legit_001533,usr_norm_1829,merch_razorpay_044,371.65,INR,2026-08-12T06:08:07+00:00,dev_fingerprint_0940,192.168.41.19,"Kolkata, IN",pm_tok_synthetic_02336,795,2,0,1,1,0,NONE
tx_legit_001218,usr_norm_0619,merch_razorpay_032,559.27,INR,2026-08-12T06:11:09+00:00,dev_fingerprint_0567,192.168.153.203,"Chennai, IN",pm_tok_synthetic_00345,284,2,0,2,4,0,NONE
tx_legit_007841,usr_norm_1591,merch_razorpay_016,739.47,INR,2026-08-12T06:15:48+00:00,dev_fingerprint_0209,192.168.179.246,"Delhi, IN",pm_tok_synthetic_02222,388,1,0,3,2,0,NONE
tx_legit_002331,usr_norm_0318,merch_razorpay_016,739.79,INR,2026-08-12T06:18:56+00:00,dev_fingerprint_0592,192.168.176.200,"Hyderabad, IN",pm_tok_synthetic_00153,39,3,0,1,2,0,NONE
tx_legit_008300,usr_norm_0165,merch_razorpay_045,535.91,INR,2026-08-12T06:20:39+00:00,dev_fingerprint_0033,192.168.237.207,"Mumbai, IN",pm_tok_synthetic_00276,383,1,0,2,2,0,NONE
tx_legit_001712,usr_norm_0127,merch_razorpay_021,581.68,INR,2026-08-12T06:22:33+00:00,dev_fingerprint_1915,192.168.106.178,"Chennai, IN",pm_tok_synthetic_00972,484,1,0,1,1,0,NONE
tx_legit_005153,usr_norm_1366,merch_razorpay_042,381.99,INR,2026-08-12T06:23:12+00:00,dev_fingerprint_1450,10.0.72.162,"Mumbai, IN",pm_tok_synthetic_01088,571,1,0,1,2,0,NONE
tx_fraud_000453,usr_fraud_reuseC_012,merch_razorpay_007,13892.58,INR,2026-08-12T06:29:39+00:00,dev_reuseC_010,198.51.100.143,"Kolkata, IN",pm_tok_stolen_C_003,3,9,1,5,4,1,PAYMENT_REF_REUSE
tx_legit_003930,usr_norm_1670,merch_razorpay_000,877.81,INR,2026-08-12T06:30:05+00:00,dev_fingerprint_0022,192.168.219.229,"Bengaluru, IN",pm_tok_synthetic_02118,554,1,0,1,1,0,NONE
tx_legit_006872,usr_norm_0898,merch_razorpay_007,1318.55,INR,2026-08-12T06:31:56+00:00,dev_fingerprint_1490,192.168.156.156,"Mumbai, IN",pm_tok_synthetic_02442,566,1,0,1,1,0,NONE
tx_legit_005639,usr_norm_0280,merch_razorpay_010,196.76,INR,2026-08-12T06:36:15+00:00,dev_fingerprint_0466,192.168.170.242,"Bengaluru, IN",pm_tok_synthetic_00210,627,1,0,2,1,0,NONE
tx_legit_003592,usr_norm_0616,merch_razorpay_028,951.46,INR,2026-08-12T06:36:38+00:00,dev_fingerprint_1970,192.168.149.94,"Chennai, IN",pm_tok_synthetic_00411,173,1,0,2,2,0,NONE
tx_legit_007549,usr_norm_1155,merch_razorpay_027,152.66,INR,2026-08-12T06:42:46+00:00,dev_fingerprint_0987,192.168.220.199,"Bengaluru, IN",pm_tok_synthetic_01561,388,1,0,1,1,0,NONE
tx_legit_005977,usr_norm_0343,merch_razorpay_005,1390.78,INR,2026-08-12T06:43:13+00:00,dev_fingerprint_1100,192.168.85.223,"Hyderabad, IN",pm_tok_synthetic_00894,810,1,0,1,2,0,NONE
tx_legit_007793,usr_norm_0645,merch_razorpay_049,799.82,INR,2026-08-12T06:44:42+00:00,dev_fingerprint_0025,192.168.121.133,"Chennai, IN",pm_tok_synthetic_00562,748,1,0,2,2,0,NONE
tx_legit_002825,usr_norm_0951,merch_razorpay_004,669.13,INR,2026-08-12T06:47:03+00:00,dev_fingerprint_1355,10.0.9.34,"Mumbai, IN",pm_tok_synthetic_01018,523,2,0,1,2,0,NONE
tx_legit_004434,usr_norm_0690,merch_razorpay_011,754.75,INR,2026-08-12T06:49:50+00:00,dev_fingerprint_0318,192.168.185.225,"Kolkata, IN",pm_tok_synthetic_00673,490,1,0,3,2,0,NONE
tx_legit_002926,usr_norm_1575,merch_razorpay_042,882.44,INR,2026-08-12T06:51:00+00:00,dev_fingerprint_1036,192.168.87.27,"Pune, IN",pm_tok_synthetic_01976,542,1,0,1,1,0,NONE
tx_legit_007479,usr_norm_1347,merch_razorpay_049,691.38,INR,2026-08-12T06:51:28+00:00,dev_fingerprint_0751,192.168.181.55,"Ahmedabad, IN",pm_tok_synthetic_00002,824,1,0,1,1,0,NONE
tx_legit_004881,usr_norm_0912,merch_razorpay_001,678.11,INR,2026-08-12T07:00:13+00:00,dev_fingerprint_0861,10.0.23.11,"Bengaluru, IN",pm_tok_synthetic_00413,708,1,0,1,1,0,NONE
tx_legit_005661,usr_norm_0572,merch_razorpay_031,460.16,INR,2026-08-12T07:02:37+00:00,dev_fingerprint_0575,192.168.191.141,"Delhi, IN",pm_tok_synthetic_02206,202,1,0,1,1,0,NONE
tx_fraud_000172,usr_fraud_burstB_011,merch_razorpay_040,13102.87,INR,2026-08-12T07:02:52+00:00,dev_fraud_burstB_007,203.0.113.104,"Chennai, IN",pm_tok_burstB_005,23,19,8,3,20,1,SHARED_IP_BURST
tx_legit_003330,usr_norm_0836,merch_razorpay_047,1897.64,INR,2026-08-12T07:02:58+00:00,dev_fingerprint_1443,192.168.222.103,"Pune, IN",pm_tok_synthetic_01122,407,1,0,1,1,0,NONE
tx_legit_008636,usr_norm_0616,merch_razorpay_046,228.41,INR,2026-08-12T07:03:16+00:00,dev_fingerprint_0177,192.168.149.94,"Mumbai, IN",pm_tok_synthetic_00411,173,1,0,1,1,0,NONE
tx_legit_003288,usr_norm_1308,merch_razorpay_011,370.32,INR,2026-08-12T07:08:31+00:00,dev_fingerprint_0184,192.168.87.6,"Hyderabad, IN",pm_tok_synthetic_00060,535,1,0,1,1,0,NONE
tx_legit_002421,usr_norm_0512,merch_razorpay_040,204.67,INR,2026-08-12T07:10:25+00:00,dev_fingerprint_0021,192.168.30.175,"Pune, IN",pm_tok_synthetic_01059,257,1,0,1,1,0,NONE
tx_legit_002859,usr_norm_0890,merch_razorpay_018,502.79,INR,2026-08-12T07:10:51+00:00,dev_fingerprint_0009,192.168.221.93,"Delhi, IN",pm_tok_synthetic_02186,234,1,2,1,1,0,NONE
tx_legit_006007,usr_norm_0556,merch_razorpay_042,845.46,INR,2026-08-12T07:15:56+00:00,dev_fingerprint_0342,10.0.163.52,"Chennai, IN",pm_tok_synthetic_02315,61,1,0,1,1,0,NONE
tx_legit_008689,usr_norm_1961,merch_razorpay_045,832.33,INR,2026-08-12T07:17:11+00:00,dev_fingerprint_0253,10.0.78.233,"Hyderabad, IN",pm_tok_synthetic_02464,240,1,0,2,2,0,NONE
tx_legit_003189,usr_norm_0863,merch_razorpay_045,1619.51,INR,2026-08-12T07:34:37+00:00,dev_fingerprint_1018,192.168.79.94,"Mumbai, IN",pm_tok_synthetic_01062,458,1,0,2,1,0,NONE
tx_legit_001535,usr_norm_1928,merch_razorpay_045,932.94,INR,2026-08-12T07:40:18+00:00,dev_fingerprint_1931,192.168.13.234,"Ahmedabad, IN",pm_tok_synthetic_00554,395,2,0,1,1,0,NONE
tx_legit_001618,usr_norm_0548,merch_razorpay_021,454.3,INR,2026-08-12T07:48:23+00:00,dev_fingerprint_1321,192.168.211.164,"Kolkata, IN",pm_tok_synthetic_01460,598,1,0,1,2,0,NONE
tx_fraud_000170,usr_fraud_burstB_009,merch_razorpay_042,2418.89,INR,2026-08-12T07:48:59+00:00,dev_fraud_burstB_025,203.0.113.102,"Hyderabad, IN",pm_tok_burstB_018,25,13,2,2,23,1,SHARED_IP_BURST
tx_legit_001233,usr_norm_0555,merch_razorpay_030,469.03,INR,2026-08-12T07:57:36+00:00,dev_fingerprint_1007,10.0.66.225,"Delhi, IN",pm_tok_synthetic_01818,530,1,1,1,2,0,NONE
tx_legit_004122,usr_norm_1305,merch_razorpay_032,357.74,INR,2026-08-12T07:59:38+00:00,dev_fingerprint_1095,10.0.139.81,"Bengaluru, IN",pm_tok_synthetic_00761,134,1,0,1,1,0,NONE
tx_legit_003546,usr_norm_0643,merch_razorpay_016,335.93,INR,2026-08-12T08:06:43+00:00,dev_fingerprint_0928,192.168.135.153,"Bengaluru, IN",pm_tok_synthetic_00422,86,1,0,1,1,0,NONE
tx_legit_008714,usr_norm_1024,merch_razorpay_025,977.35,INR,2026-08-12T08:12:28+00:00,dev_fingerprint_1139,192.168.35.68,"Kolkata, IN",pm_tok_synthetic_00532,194,1,0,1,3,0,NONE
tx_legit_004396,usr_norm_1555,merch_razorpay_046,859.99,INR,2026-08-12T08:16:25+00:00,dev_fingerprint_1996,10.0.143.205,"Delhi, IN",pm_tok_synthetic_01353,883,1,2,1,1,0,NONE
tx_fraud_000192,usr_fraud_burstB_001,merch_razorpay_041,14968.84,INR,2026-08-12T08:20:14+00:00,dev_fraud_burstB_007,203.0.113.102,"Hyderabad, IN",pm_tok_burstB_010,27,10,5,1,32,1,SHARED_IP_BURST
tx_legit_004213,usr_norm_0036,merch_razorpay_010,371.34,INR,2026-08-12T08:25:01+00:00,dev_fingerprint_0250,10.0.232.181,"Delhi, IN",pm_tok_synthetic_01448,711,1,0,1,5,0,NONE
tx_legit_004946,usr_norm_0293,merch_razorpay_047,326.33,INR,2026-08-12T08:28:07+00:00,dev_fingerprint_0991,10.0.82.79,"Bengaluru, IN",pm_tok_synthetic_01009,315,1,0,1,2,0,NONE
tx_legit_008807,usr_norm_0198,merch_razorpay_023,1400.97,INR,2026-08-12T08:31:02+00:00,dev_fingerprint_0761,192.168.161.62,"Mumbai, IN",pm_tok_synthetic_00314,617,1,0,1,1,0,NONE
tx_legit_005626,usr_norm_1916,merch_razorpay_049,862.31,INR,2026-08-12T08:35:27+00:00,dev_fingerprint_1011,192.168.199.124,"Hyderabad, IN",pm_tok_synthetic_01898,259,1,0,1,2,0,NONE
tx_fraud_000463,usr_fraud_reuseC_002,merch_razorpay_017,8415.58,INR,2026-08-12T08:39:51+00:00,dev_reuseC_007,198.51.100.105,"Ahmedabad, IN",pm_tok_stolen_C_003,5,4,3,5,3,1,PAYMENT_REF_REUSE
tx_fraud_000268,usr_fraud_burstB_017,merch_razorpay_020,2884.87,INR,2026-08-12T08:41:37+00:00,dev_fraud_burstB_035,203.0.113.103,"Mumbai, IN",pm_tok_burstB_018,27,23,3,2,33,1,SHARED_IP_BURST
tx_legit_006136,usr_norm_0980,merch_razorpay_027,299.39,INR,2026-08-12T08:46:25+00:00,dev_fingerprint_1925,192.168.159.18,"Kolkata, IN",pm_tok_synthetic_00193,763,1,0,2,1,0,NONE
tx_legit_002703,usr_norm_0681,merch_razorpay_004,1516.4,INR,2026-08-12T08:48:05+00:00,dev_fingerprint_1064,192.168.168.177,"Kolkata, IN",pm_tok_synthetic_01525,499,1,0,1,1,0,NONE
tx_legit_006918,usr_norm_0656,merch_razorpay_021,435.0,INR,2026-08-12T08:56:00+00:00,dev_fingerprint_1659,192.168.96.196,"Ahmedabad, IN",pm_tok_synthetic_00935,788,2,0,3,2,0,NONE
tx_legit_002848,usr_norm_1416,merch_razorpay_007,691.04,INR,2026-08-12T08:58:02+00:00,dev_fingerprint_1145,192.168.124.55,"Pune, IN",pm_tok_synthetic_01998,434,1,0,1,3,0,NONE
tx_legit_006148,usr_norm_1156,merch_razorpay_019,561.93,INR,2026-08-12T08:59:08+00:00,dev_fingerprint_1760,192.168.217.113,"Ahmedabad, IN",pm_tok_synthetic_02359,130,2,0,1,1,0,NONE
tx_legit_007928,usr_norm_1909,merch_razorpay_011,619.22,INR,2026-08-12T09:05:52+00:00,dev_fingerprint_0769,192.168.161.41,"Mumbai, IN",pm_tok_synthetic_00027,449,1,0,1,1,0,NONE
tx_legit_003115,usr_norm_1047,merch_razorpay_002,150.74,INR,2026-08-12T09:16:21+00:00,dev_fingerprint_0015,10.0.57.18,"Bengaluru, IN",pm_tok_synthetic_00268,245,2,0,1,3,0,NONE
tx_legit_003238,usr_norm_0902,merch_razorpay_048,175.11,INR,2026-08-12T09:17:27+00:00,dev_fingerprint_1489,192.168.209.18,"Kolkata, IN",pm_tok_synthetic_00865,781,1,0,1,1,0,NONE
tx_fraud_000012,usr_fraud_ringA_011,merch_razorpay_029,6431.17,INR,2026-08-12T09:18:05+00:00,dev_fraud_ring_A_2,198.51.100.69,"Chennai, IN",pm_tok_ringA_010,1,11,3,7,4,1,DEVICE_SHARING_RING
tx_legit_002146,usr_norm_0244,merch_razorpay_014,466.19,INR,2026-08-12T09:20:18+00:00,dev_fingerprint_0758,10.0.167.20,"Chennai, IN",pm_tok_synthetic_02300,138,1,1,1,1,0,NONE
tx_legit_001417,usr_norm_0349,merch_razorpay_046,649.71,INR,2026-08-12T09:25:54+00:00,dev_fingerprint_0336,10.0.25.177,"Hyderabad, IN",pm_tok_synthetic_02131,482,1,0,1,3,0,NONE
tx_fraud_000300,usr_fraud_burstB_019,merch_razorpay_032,13168.6,INR,2026-08-12T09:27:45+00:00,dev_fraud_burstB_030,203.0.113.102,"Delhi, IN",pm_tok_burstB_019,3,14,5,2,35,1,SHARED_IP_BURST
tx_legit_000388,usr_norm_1278,merch_razorpay_048,562.89,INR,2026-08-12T09:28:01+00:00,dev_fingerprint_0730,192.168.151.77,"Chennai, IN",pm_tok_synthetic_00095,517,1,0,1,3,0,NONE
tx_legit_002414,usr_norm_1373,merch_razorpay_018,824.28,INR,2026-08-12T09:28:25+00:00,dev_fingerprint_0216,192.168.131.192,"Ahmedabad, IN",pm_tok_synthetic_02361,396,1,0,1,1,0,NONE
tx_legit_009134,usr_norm_0940,merch_razorpay_021,209.1,INR,2026-08-12T09:29:48+00:00,dev_fingerprint_0326,192.168.41.117,"Mumbai, IN",pm_tok_synthetic_01704,634,1,0,1,2,0,NONE
tx_legit_000142,usr_norm_0223,merch_razorpay_024,327.83,INR,2026-08-12T09:32:19+00:00,dev_fingerprint_0254,192.168.66.197,"Bengaluru, IN",pm_tok_synthetic_00626,341,1,0,1,1,0,NONE
tx_legit_002784,usr_norm_0235,merch_razorpay_029,152.44,INR,2026-08-12T09:38:48+00:00,dev_fingerprint_1265,192.168.39.208,"Kolkata, IN",pm_tok_synthetic_00124,539,1,0,1,2,0,NONE
tx_fraud_000142,usr_fraud_ringA_016,merch_razorpay_030,14799.93,INR,2026-08-12T09:43:20+00:00,dev_fraud_ring_A_2,198.51.100.64,"Mumbai, IN",pm_tok_ringA_010,13,10,3,9,5,1,DEVICE_SHARING_RING
tx_legit_007649,usr_norm_0343,merch_razorpay_014,504.71,INR,2026-08-12T09:46:56+00:00,dev_fingerprint_1798,192.168.85.223,"Delhi, IN",pm_tok_synthetic_00894,810,1,0,1,4,0,NONE
tx_legit_000522,usr_norm_1549,merch_razorpay_008,205.04,INR,2026-08-12T09:48:38+00:00,dev_fingerprint_1305,10.0.15.186,"Ahmedabad, IN",pm_tok_synthetic_00046,685,1,0,1,1,0,NONE
tx_legit_008151,usr_norm_0486,merch_razorpay_040,612.79,INR,2026-08-12T09:50:22+00:00,dev_fingerprint_0277,192.168.227.224,"Hyderabad, IN",pm_tok_synthetic_00027,435,1,0,1,2,0,NONE
tx_legit_001753,usr_norm_1270,merch_razorpay_013,506.68,INR,2026-08-12T10:02:12+00:00,dev_fingerprint_0341,10.0.245.108,"Chennai, IN",pm_tok_synthetic_00421,127,1,0,2,1,0,NONE
tx_legit_005166,usr_norm_0792,merch_razorpay_033,322.33,INR,2026-08-12T10:23:34+00:00,dev_fingerprint_0550,192.168.63.213,"Mumbai, IN",pm_tok_synthetic_00252,184,2,0,1,1,0,NONE
tx_legit_003940,usr_norm_0982,merch_razorpay_018,638.35,INR,2026-08-12T10:24:06+00:00,dev_fingerprint_1296,192.168.204.15,"Bengaluru, IN",pm_tok_synthetic_02411,156,1,0,1,3,0,NONE
tx_legit_003219,usr_norm_0775,merch_razorpay_002,1358.54,INR,2026-08-12T10:31:28+00:00,dev_fingerprint_1338,192.168.240.226,"Ahmedabad, IN",pm_tok_synthetic_02487,474,1,1,1,2,0,NONE
tx_legit_002082,usr_norm_0783,merch_razorpay_026,353.71,INR,2026-08-12T10:45:08+00:00,dev_fingerprint_0179,192.168.33.11,"Delhi, IN",pm_tok_synthetic_01108,521,1,2,1,1,0,NONE
tx_legit_006361,usr_norm_1493,merch_razorpay_034,537.48,INR,2026-08-12T10:46:05+00:00,dev_fingerprint_0585,192.168.150.243,"Pune, IN",pm_tok_synthetic_00681,462,2,1,1,3,0,NONE
tx_legit_005704,usr_norm_0555,merch_razorpay_035,536.43,INR,2026-08-12T10:50:25+00:00,dev_fingerprint_1007,192.168.198.227,"Ahmedabad, IN",pm_tok_synthetic_01818,530,1,0,1,1,0,NONE
tx_legit_008677,usr_norm_0681,merch_razorpay_006,1081.84,INR,2026-08-12T11:02:50+00:00,dev_fingerprint_1064,192.168.168.177,"Delhi, IN",pm_tok_synthetic_01525,499,1,0,1,1,0,NONE
tx_legit_007289,usr_norm_1231,merch_razorpay_046,868.72,INR,2026-08-12T11:03:19+00:00,dev_fingerprint_0646,10.0.37.188,"Kolkata, IN",pm_tok_synthetic_00034,42,2,0,1,3,0,NONE
tx_fraud_000075,usr_fraud_ringA_024,merch_razorpay_029,13130.32,INR,2026-08-12T11:07:19+00:00,dev_fraud_ring_A_3,198.51.100.11,"Kolkata, IN",pm_tok_ringA_002,4,5,4,15,2,1,DEVICE_SHARING_RING
tx_legit_004352,usr_norm_0868,merch_razorpay_010,156.73,INR,2026-08-12T11:08:01+00:00,dev_fingerprint_0734,192.168.246.167,"Pune, IN",pm_tok_synthetic_01229,895,1,0,1,3,0,NONE
tx_legit_000370,usr_norm_0939,merch_razorpay_012,380.13,INR,2026-08-12T11:10:25+00:00,dev_fingerprint_0271,192.168.189.83,"Delhi, IN",pm_tok_synthetic_00240,894,2,0,1,1,0,NONE
tx_fraud_000191,usr_fraud_burstB_000,merch_razorpay_029,9484.76,INR,2026-08-12T11:12:48+00:00,dev_fraud_burstB_025,203.0.113.104,"Delhi, IN",pm_tok_burstB_001,14,23,5,1,13,1,SHARED_IP_BURST
tx_legit_008065,usr_norm_1561,merch_razorpay_008,261.98,INR,2026-08-12T11:14:52+00:00,dev_fingerprint_1157,192.168.23.81,"Mumbai, IN",pm_tok_synthetic_01292,598,1,0,1,1,0,NONE
tx_legit_001571,usr_norm_1913,merch_razorpay_001,276.38,INR,2026-08-12T11:17:00+00:00,dev_fingerprint_0380,192.168.224.26,"Delhi, IN",pm_tok_synthetic_01563,326,1,0,1,1,0,NONE
tx_legit_001252,usr_norm_1183,merch_razorpay_034,310.29,INR,2026-08-12T11:23:03+00:00,dev_fingerprint_1257,192.168.26.243,"Delhi, IN",pm_tok_synthetic_02134,323,1,0,1,2,0,NONE
tx_legit_000251,usr_norm_1021,merch_razorpay_028,663.77,INR,2026-08-12T11:27:05+00:00,dev_fingerprint_0919,192.168.26.16,"Delhi, IN",pm_tok_synthetic_00305,221,1,0,1,3,0,NONE
tx_legit_009019,usr_norm_0796,merch_razorpay_010,369.06,INR,2026-08-12T11:27:07+00:00,dev_fingerprint_0792,192.168.137.98,"Bengaluru, IN",pm_tok_synthetic_02140,458,1,0,2,2,0,NONE
tx_legit_000997,usr_norm_0817,merch_razorpay_009,211.5,INR,2026-08-12T11:28:45+00:00,dev_fingerprint_1247,192.168.140.205,"Mumbai, IN",pm_tok_synthetic_00153,206,1,0,1,1,0,NONE
tx_legit_006309,usr_norm_1399,merch_razorpay_026,233.29,INR,2026-08-12T11:29:21+00:00,dev_fingerprint_1496,192.168.37.105,"Kolkata, IN",pm_tok_synthetic_02360,420,1,0,1,2,0,NONE
tx_legit_004337,usr_norm_0891,merch_razorpay_024,207.33,INR,2026-08-12T11:30:04+00:00,dev_fingerprint_1496,192.168.33.50,"Kolkata, IN",pm_tok_synthetic_00057,359,1,0,1,4,0,NONE
tx_legit_000075,usr_norm_1460,merch_razorpay_026,226.81,INR,2026-08-12T11:31:55+00:00,dev_fingerprint_0919,192.168.137.110,"Pune, IN",pm_tok_synthetic_00539,241,1,0,1,1,0,NONE
tx_legit_000183,usr_norm_1805,merch_razorpay_024,492.75,INR,2026-08-12T11:32:53+00:00,dev_fingerprint_0279,192.168.107.16,"Delhi, IN",pm_tok_synthetic_00795,677,1,0,1,1,0,NONE
tx_legit_006031,usr_norm_0477,merch_razorpay_038,1942.66,INR,2026-08-12T11:37:57+00:00,dev_fingerprint_1971,192.168.23.81,"Hyderabad, IN",pm_tok_synthetic_02291,278,1,0,1,1,0,NONE
tx_legit_004476,usr_norm_1913,merch_razorpay_015,1384.61,INR,2026-08-12T11:42:55+00:00,dev_fingerprint_0380,192.168.224.26,"Hyderabad, IN",pm_tok_synthetic_01563,326,1,0,1,1,0,NONE
tx_legit_006029,usr_norm_0669,merch_razorpay_046,184.6,INR,2026-08-12T11:48:23+00:00,dev_fingerprint_0597,192.168.63.213,"Mumbai, IN",pm_tok_synthetic_01244,787,1,0,1,1,0,NONE
tx_legit_001171,usr_norm_1670,merch_razorpay_039,293.63,INR,2026-08-12T11:50:31+00:00,dev_fingerprint_0022,192.168.219.229,"Delhi, IN",pm_tok_synthetic_01540,554,1,0,1,1,0,NONE
tx_legit_007366,usr_norm_0051,merch_razorpay_010,260.8,INR,2026-08-12T11:53:10+00:00,dev_fingerprint_0929,192.168.30.225,"Ahmedabad, IN",pm_tok_synthetic_00644,408,4,0,1,1,0,NONE
tx_legit_006601,usr_norm_1321,merch_razorpay_005,898.44,INR,2026-08-12T11:56:53+00:00,dev_fingerprint_0324,192.168.113.88,"Ahmedabad, IN",pm_tok_synthetic_00172,792,1,0,1,1,0,NONE
tx_legit_001464,usr_norm_1257,merch_razorpay_029,1329.55,INR,2026-08-12T12:34:07+00:00,dev_fingerprint_1045,192.168.145.170,"Kolkata, IN",pm_tok_synthetic_01830,110,1,0,3,1,0,NONE
tx_legit_006784,usr_norm_1151,merch_razorpay_004,342.6,INR,2026-08-12T12:35:27+00:00,dev_fingerprint_0266,10.0.123.12,"Mumbai, IN",pm_tok_synthetic_02471,582,1,0,1,1,0,NONE
tx_legit_004588,usr_norm_1936,merch_razorpay_044,1312.53,INR,2026-08-12T12:42:28+00:00,dev_fingerprint_1403,192.168.7.24,"Mumbai, IN",pm_tok_synthetic_01484,128,1,0,1,1,0,NONE
tx_legit_005870,usr_norm_0817,merch_razorpay_001,357.71,INR,2026-08-12T12:46:30+00:00,dev_fingerprint_1529,192.168.140.205,"Ahmedabad, IN",pm_tok_synthetic_00153,206,1,0,1,1,0,NONE
tx_legit_004756,usr_norm_0805,merch_razorpay_037,206.54,INR,2026-08-12T12:50:02+00:00,dev_fingerprint_1284,192.168.133.116,"Bengaluru, IN",pm_tok_synthetic_02437,294,2,0,1,2,0,NONE
tx_legit_003492,usr_norm_0175,merch_razorpay_024,168.93,INR,2026-08-12T12:53:13+00:00,dev_fingerprint_1112,192.168.140.205,"Kolkata, IN",pm_tok_synthetic_01037,67,1,0,1,1,0,NONE
tx_legit_009012,usr_norm_0890,merch_razorpay_034,1436.65,INR,2026-08-12T12:57:28+00:00,dev_fingerprint_0009,192.168.221.93,"Hyderabad, IN",pm_tok_synthetic_02186,234,1,0,1,1,0,NONE
tx_legit_003876,usr_norm_0331,merch_razorpay_013,985.8,INR,2026-08-12T13:01:43+00:00,dev_fingerprint_0013,192.168.77.239,"Delhi, IN",pm_tok_synthetic_01571,271,1,0,1,1,0,NONE
tx_legit_007360,usr_norm_0243,merch_razorpay_000,272.7,INR,2026-08-12T13:03:19+00:00,dev_fingerprint_0707,192.168.243.218,"Chennai, IN",pm_tok_synthetic_01633,163,2,0,1,1,0,NONE
tx_legit_007020,usr_norm_1638,merch_razorpay_035,951.79,INR,2026-08-12T13:08:28+00:00,dev_fingerprint_1193,192.168.109.9,"Chennai, IN",pm_tok_synthetic_02090,443,2,0,1,2,0,NONE
tx_legit_001655,usr_norm_0948,merch_razorpay_025,256.94,INR,2026-08-12T13:14:35+00:00,dev_fingerprint_1180,192.168.10.117,"Mumbai, IN",pm_tok_synthetic_02314,259,1,1,1,3,0,NONE
tx_legit_008700,usr_norm_0425,merch_razorpay_028,346.64,INR,2026-08-12T13:19:49+00:00,dev_fingerprint_1899,192.168.168.177,"Delhi, IN",pm_tok_synthetic_00563,892,1,0,1,1,0,NONE
tx_fraud_000003,usr_fraud_ringA_002,merch_razorpay_034,13260.01,INR,2026-08-12T13:32:45+00:00,dev_fraud_ring_A_4,198.51.100.60,"Mumbai, IN",pm_tok_ringA_001,14,6,1,10,2,1,DEVICE_SHARING_RING
tx_legit_001504,usr_norm_0318,merch_razorpay_040,865.84,INR,2026-08-12T13:40:54+00:00,dev_fingerprint_0592,10.0.198.233,"Bengaluru, IN",pm_tok_synthetic_00153,39,1,0,1,2,0,NONE
tx_legit_001543,usr_norm_1017,merch_razorpay_048,190.53,INR,2026-08-12T13:42:46+00:00,dev_fingerprint_1270,192.168.98.147,"Ahmedabad, IN",pm_tok_synthetic_01814,879,4,0,1,1,0,NONE
tx_legit_004315,usr_norm_0411,merch_razorpay_045,285.79,INR,2026-08-12T13:44:27+00:00,dev_fingerprint_0655,192.168.30.120,"Chennai, IN",pm_tok_synthetic_00832,409,1,0,2,1,0,NONE
tx_legit_002670,usr_norm_1053,merch_razorpay_040,703.45,INR,2026-08-12T13:46:34+00:00,dev_fingerprint_0179,192.168.102.227,"Pune, IN",pm_tok_synthetic_00222,212,1,0,1,1,0,NONE
tx_legit_007828,usr_norm_0495,merch_razorpay_020,269.61,INR,2026-08-12T13:57:35+00:00,dev_fingerprint_0804,192.168.85.160,"Delhi, IN",pm_tok_synthetic_00055,607,1,2,1,1,0,NONE
tx_fraud_000262,usr_fraud_burstB_011,merch_razorpay_047,8276.86,INR,2026-08-12T14:03:17+00:00,dev_fraud_burstB_029,203.0.113.104,"Hyderabad, IN",pm_tok_burstB_004,22,8,6,2,30,1,SHARED_IP_BURST
tx_legit_006646,usr_norm_0394,merch_razorpay_030,690.76,INR,2026-08-12T14:05:24+00:00,dev_fingerprint_1085,192.168.33.33,"Bengaluru, IN",pm_tok_synthetic_01590,278,1,0,1,1,0,NONE
tx_legit_001157,usr_norm_0918,merch_razorpay_003,291.76,INR,2026-08-12T14:06:45+00:00,dev_fingerprint_0538,10.0.133.103,"Kolkata, IN",pm_tok_synthetic_02142,236,1,0,1,2,0,NONE
tx_legit_002900,usr_norm_0086,merch_razorpay_033,609.69,INR,2026-08-12T14:09:41+00:00,dev_fingerprint_1154,192.168.214.124,"Kolkata, IN",pm_tok_synthetic_02373,489,2,0,1,1,0,NONE
tx_fraud_000575,usr_fraud_anomD_094,merch_razorpay_027,48750.93,INR,2026-08-12T14:23:28+00:00,dev_anomD_094,192.0.2.107,Unknown / VPN Node,pm_tok_anomD_094,2,13,4,3,2,1,BEHAVIORAL_ANOMALY
tx_fraud_000309,usr_fraud_burstB_028,merch_razorpay_041,4627.64,INR,2026-08-12T14:24:53+00:00,dev_fraud_burstB_017,203.0.113.101,"Bengaluru, IN",pm_tok_burstB_019,13,18,5,2,29,1,SHARED_IP_BURST
tx_legit_003328,usr_norm_1545,merch_razorpay_012,233.16,INR,2026-08-12T14:30:36+00:00,dev_fingerprint_1858,10.0.113.152,"Mumbai, IN",pm_tok_synthetic_01904,670,2,0,1,2,0,NONE
tx_legit_008906,usr_norm_0226,merch_razorpay_045,457.65,INR,2026-08-12T14:38:05+00:00,dev_fingerprint_0161,192.168.226.18,"Chennai, IN",pm_tok_synthetic_00804,680,2,0,1,1,0,NONE
tx_legit_004056,usr_norm_1110,merch_razorpay_000,327.29,INR,2026-08-12T14:42:36+00:00,dev_fingerprint_0082,192.168.219.136,"Kolkata, IN",pm_tok_synthetic_01997,267,4,0,1,2,0,NONE
tx_legit_003216,usr_norm_0143,merch_razorpay_049,236.22,INR,2026-08-12T14:47:29+00:00,dev_fingerprint_0765,192.168.53.172,"Kolkata, IN",pm_tok_synthetic_01581,113,1,0,1,2,0,NONE
tx_legit_003020,usr_norm_0485,merch_razorpay_016,1092.35,INR,2026-08-12T14:51:04+00:00,dev_fingerprint_1262,192.168.61.43,"Ahmedabad, IN",pm_tok_synthetic_01875,139,2,0,1,1,0,NONE
tx_legit_008975,usr_norm_0458,merch_razorpay_001,1075.72,INR,2026-08-12T14:54:59+00:00,dev_fingerprint_0475,192.168.76.92,"Delhi, IN",pm_tok_synthetic_00311,378,1,0,1,1,0,NONE
tx_legit_003830,usr_norm_0613,merch_razorpay_037,849.34,INR,2026-08-12T14:55:09+00:00,dev_fingerprint_1331,192.168.240.226,"Kolkata, IN",pm_tok_synthetic_01802,389,1,0,3,1,0,NONE
tx_legit_005021,usr_norm_0353,merch_razorpay_019,2206.73,INR,2026-08-12T14:58:18+00:00,dev_fingerprint_0270,192.168.62.33,"Ahmedabad, IN",pm_tok_synthetic_01701,497,1,0,1,2,0,NONE
tx_legit_003914,usr_norm_0173,merch_razorpay_029,333.58,INR,2026-08-12T14:58:44+00:00,dev_fingerprint_0408,192.168.163.49,"Ahmedabad, IN",pm_tok_synthetic_00171,353,3,0,1,2,0,NONE
tx_legit_003709,usr_norm_0160,merch_razorpay_012,721.52,INR,2026-08-12T15:05:09+00:00,dev_fingerprint_1541,10.0.155.40,"Kolkata, IN",pm_tok_synthetic_02144,399,1,0,1,1,0,NONE
tx_legit_004067,usr_norm_0495,merch_razorpay_025,644.07,INR,2026-08-12T15:07:08+00:00,dev_fingerprint_0804,10.0.251.96,"Bengaluru, IN",pm_tok_synthetic_00466,607,1,0,2,3,0,NONE
tx_legit_001916,usr_norm_0948,merch_razorpay_010,608.29,INR,2026-08-12T15:10:30+00:00,dev_fingerprint_1180,192.168.10.117,"Ahmedabad, IN",pm_tok_synthetic_02314,259,1,0,1,1,0,NONE
tx_legit_007359,usr_norm_0954,merch_razorpay_030,954.12,INR,2026-08-12T15:14:34+00:00,dev_fingerprint_1317,192.168.60.121,"Kolkata, IN",pm_tok_synthetic_00642,547,1,0,1,5,0,NONE
tx_legit_003404,usr_norm_1491,merch_razorpay_025,182.58,INR,2026-08-12T15:15:00+00:00,dev_fingerprint_0793,192.168.243.56,"Chennai, IN",pm_tok_synthetic_00201,224,1,0,1,2,0,NONE
tx_legit_001033,usr_norm_0381,merch_razorpay_003,293.32,INR,2026-08-12T15:17:27+00:00,dev_fingerprint_1224,192.168.130.69,"Chennai, IN",pm_tok_synthetic_01313,272,1,0,1,3,0,NONE
tx_legit_002139,usr_norm_1387,merch_razorpay_046,849.2,INR,2026-08-12T15:19:28+00:00,dev_fingerprint_0439,192.168.231.74,"Kolkata, IN",pm_tok_synthetic_01289,52,1,0,1,2,0,NONE
tx_legit_002797,usr_norm_0998,merch_razorpay_038,755.17,INR,2026-08-12T15:20:22+00:00,dev_fingerprint_0707,192.168.248.217,"Bengaluru, IN",pm_tok_synthetic_00543,757,1,0,1,1,0,NONE
tx_legit_006228,usr_norm_1610,merch_razorpay_039,297.9,INR,2026-08-12T15:22:29+00:00,dev_fingerprint_0133,192.168.57.125,"Bengaluru, IN",pm_tok_synthetic_00462,389,1,1,1,2,0,NONE
tx_legit_004265,usr_norm_0226,merch_razorpay_032,524.95,INR,2026-08-12T15:33:26+00:00,dev_fingerprint_0161,192.168.226.18,"Bengaluru, IN",pm_tok_synthetic_00804,680,2,0,3,1,0,NONE
tx_legit_004903,usr_norm_0476,merch_razorpay_039,1097.53,INR,2026-08-12T15:33:41+00:00,dev_fingerprint_1555,192.168.2.229,"Hyderabad, IN",pm_tok_synthetic_01588,827,1,0,1,2,0,NONE
tx_legit_001732,usr_norm_1967,merch_razorpay_023,207.07,INR,2026-08-12T15:36:33+00:00,dev_fingerprint_1167,192.168.69.17,"Pune, IN",pm_tok_synthetic_00405,869,1,0,1,2,0,NONE
tx_legit_002311,usr_norm_0784,merch_razorpay_042,449.24,INR,2026-08-12T15:36:42+00:00,dev_fingerprint_0408,192.168.175.185,"Kolkata, IN",pm_tok_synthetic_00105,241,1,0,1,1,0,NONE
tx_legit_001339,usr_norm_1987,merch_razorpay_040,1844.4,INR,2026-08-12T15:41:46+00:00,dev_fingerprint_0215,192.168.86.24,"Kolkata, IN",pm_tok_synthetic_01794,565,2,0,1,3,0,NONE
tx_fraud_000066,usr_fraud_ringA_015,merch_razorpay_013,4894.89,INR,2026-08-12T15:46:30+00:00,dev_fraud_ring_A_0,198.51.100.26,"Kolkata, IN",pm_tok_ringA_001,3,7,2,12,3,1,DEVICE_SHARING_RING
tx_legit_000100,usr_norm_0207,merch_razorpay_007,1046.94,INR,2026-08-12T15:47:41+00:00,dev_fingerprint_0911,192.168.29.40,"Pune, IN",pm_tok_synthetic_01309,713,1,0,1,1,0,NONE
tx_legit_007561,usr_norm_0985,merch_razorpay_000,238.6,INR,2026-08-12T16:06:45+00:00,dev_fingerprint_1086,192.168.160.194,"Bengaluru, IN",pm_tok_synthetic_00198,596,1,1,1,2,0,NONE
tx_legit_000256,usr_norm_0258,merch_razorpay_026,751.78,INR,2026-08-12T16:13:48+00:00,dev_fingerprint_0274,192.168.74.199,"Ahmedabad, IN",pm_tok_synthetic_01083,774,1,0,3,1,0,NONE
tx_legit_000751,usr_norm_1888,merch_razorpay_009,408.17,INR,2026-08-12T16:15:30+00:00,dev_fingerprint_1388,192.168.229.213,"Bengaluru, IN",pm_tok_synthetic_00478,345,2,0,1,1,0,NONE
tx_legit_006809,usr_norm_1116,merch_razorpay_005,853.49,INR,2026-08-12T16:20:08+00:00,dev_fingerprint_0560,192.168.178.77,"Chennai, IN",pm_tok_synthetic_01078,622,1,0,1,1,0,NONE
tx_legit_002527,usr_norm_1622,merch_razorpay_045,787.92,INR,2026-08-12T16:44:10+00:00,dev_fingerprint_1421,192.168.53.172,"Mumbai, IN",pm_tok_synthetic_00708,708,1,0,1,1,0,NONE
tx_legit_002405,usr_norm_1101,merch_razorpay_032,225.67,INR,2026-08-12T16:44:59+00:00,dev_fingerprint_1339,192.168.73.186,"Pune, IN",pm_tok_synthetic_00608,404,1,0,1,1,0,NONE
tx_legit_008747,usr_norm_0906,merch_razorpay_031,678.06,INR,2026-08-12T16:45:02+00:00,dev_fingerprint_1897,192.168.95.122,"Pune, IN",pm_tok_synthetic_00196,707,4,2,1,4,0,NONE
tx_legit_001499,usr_norm_1154,merch_razorpay_037,200.24,INR,2026-08-12T16:46:29+00:00,dev_fingerprint_1085,192.168.244.194,"Chennai, IN",pm_tok_synthetic_00939,851,1,0,1,1,0,NONE
tx_legit_009160,usr_norm_1498,merch_razorpay_017,370.1,INR,2026-08-12T16:50:05+00:00,dev_fingerprint_1198,192.168.235.157,"Pune, IN",pm_tok_synthetic_02238,168,2,0,2,1,0,NONE
tx_legit_003736,usr_norm_1704,merch_razorpay_006,303.95,INR,2026-08-12T16:51:40+00:00,dev_fingerprint_1376,192.168.115.203,"Pune, IN",pm_tok_synthetic_00798,562,2,0,2,1,0,NONE
tx_legit_004314,usr_norm_1310,merch_razorpay_029,1012.62,INR,2026-08-12T16:52:09+00:00,dev_fingerprint_1020,192.168.104.179,"Kolkata, IN",pm_tok_synthetic_01899,743,1,0,1,1,0,NONE
tx_legit_000724,usr_norm_1169,merch_razorpay_049,326.2,INR,2026-08-12T16:53:20+00:00,dev_fingerprint_1666,192.168.120.236,"Ahmedabad, IN",pm_tok_synthetic_00732,409,1,0,1,1,0,NONE
tx_legit_002714,usr_norm_0626,merch_razorpay_047,173.56,INR,2026-08-12T16:56:27+00:00,dev_fingerprint_0493,192.168.213.108,"Kolkata, IN",pm_tok_synthetic_02432,102,2,0,2,1,0,NONE
tx_legit_001225,usr_norm_0052,merch_razorpay_008,244.9,INR,2026-08-12T17:12:34+00:00,dev_fingerprint_0638,192.168.170.242,"Kolkata, IN",pm_tok_synthetic_01328,825,3,0,1,1,0,NONE
tx_legit_003647,usr_norm_0553,merch_razorpay_037,1242.1,INR,2026-08-12T17:15:44+00:00,dev_fingerprint_0786,192.168.177.95,"Mumbai, IN",pm_tok_synthetic_02300,547,2,0,1,1,0,NONE
tx_legit_008731,usr_norm_0418,merch_razorpay_033,499.39,INR,2026-08-12T17:21:48+00:00,dev_fingerprint_1781,192.168.246.190,"Delhi, IN",pm_tok_synthetic_01382,293,1,0,1,2,0,NONE
tx_legit_005684,usr_norm_1802,merch_razorpay_006,483.55,INR,2026-08-12T17:26:03+00:00,dev_fingerprint_0964,192.168.62.177,"Hyderabad, IN",pm_tok_synthetic_01984,85,1,0,1,2,0,NONE
tx_legit_006719,usr_norm_0014,merch_razorpay_008,405.14,INR,2026-08-12T17:44:44+00:00,dev_fingerprint_1215,192.168.196.46,"Delhi, IN",pm_tok_synthetic_01851,545,1,1,1,2,0,NONE
tx_legit_008631,usr_norm_1945,merch_razorpay_046,604.78,INR,2026-08-12T17:45:43+00:00,dev_fingerprint_0233,10.0.214.159,"Pune, IN",pm_tok_synthetic_01886,108,1,0,1,1,0,NONE
tx_legit_008856,usr_norm_1415,merch_razorpay_040,301.96,INR,2026-08-12T17:48:29+00:00,dev_fingerprint_1429,192.168.188.125,"Mumbai, IN",pm_tok_synthetic_00552,522,1,0,1,1,0,NONE
tx_legit_000821,usr_norm_1827,merch_razorpay_028,628.29,INR,2026-08-12T17:53:59+00:00,dev_fingerprint_1326,10.0.201.203,"Chennai, IN",pm_tok_synthetic_00065,521,1,1,1,1,0,NONE
tx_legit_008061,usr_norm_0969,merch_razorpay_044,299.02,INR,2026-08-12T17:55:33+00:00,dev_fingerprint_0456,192.168.44.45,"Hyderabad, IN",pm_tok_synthetic_01861,369,3,0,1,3,0,NONE
tx_legit_007206,usr_norm_0104,merch_razorpay_047,310.76,INR,2026-08-12T17:55:47+00:00,dev_fingerprint_0763,192.168.248.58,"Hyderabad, IN",pm_tok_synthetic_01158,426,2,0,1,2,0,NONE
tx_legit_002381,usr_norm_1826,merch_razorpay_024,593.23,INR,2026-08-12T17:56:45+00:00,dev_fingerprint_0271,192.168.185.241,"Chennai, IN",pm_tok_synthetic_01211,274,1,0,1,3,0,NONE
tx_legit_001408,usr_norm_1399,merch_razorpay_044,442.72,INR,2026-08-12T18:02:24+00:00,dev_fingerprint_1496,192.168.37.105,"Hyderabad, IN",pm_tok_synthetic_02360,420,1,0,1,1,0,NONE
tx_fraud_000265,usr_fraud_burstB_014,merch_razorpay_001,9130.87,INR,2026-08-12T18:05:21+00:00,dev_fraud_burstB_030,203.0.113.101,"Delhi, IN",pm_tok_burstB_019,24,11,4,2,29,1,SHARED_IP_BURST
tx_legit_007629,usr_norm_0595,merch_razorpay_021,734.39,INR,2026-08-12T18:11:13+00:00,dev_fingerprint_1762,192.168.164.29,"Pune, IN",pm_tok_synthetic_01752,237,1,0,1,1,0,NONE
tx_legit_004775,usr_norm_0015,merch_razorpay_008,826.28,INR,2026-08-12T18:14:23+00:00,dev_fingerprint_0453,192.168.243.10,"Pune, IN",pm_tok_synthetic_00177,774,1,0,1,2,0,NONE
tx_legit_003273,usr_norm_1464,merch_razorpay_010,364.76,INR,2026-08-12T18:21:53+00:00,dev_fingerprint_0880,192.168.66.234,"Ahmedabad, IN",pm_tok_synthetic_00594,701,1,0,1,2,0,NONE
tx_legit_000257,usr_norm_1496,merch_razorpay_045,168.46,INR,2026-08-12T18:23:19+00:00,dev_fingerprint_1323,192.168.60.99,"Bengaluru, IN",pm_tok_synthetic_00370,769,1,0,1,1,0,NONE
tx_legit_004744,usr_norm_0266,merch_razorpay_024,425.77,INR,2026-08-12T18:24:30+00:00,dev_fingerprint_0694,192.168.236.138,"Pune, IN",pm_tok_synthetic_01497,803,1,0,1,1,0,NONE
tx_fraud_000343,usr_fraud_reuseC_002,merch_razorpay_014,14361.46,INR,2026-08-12T18:32:25+00:00,dev_reuseC_006,198.51.100.164,"Pune, IN",pm_tok_stolen_C_003,2,4,0,3,5,1,PAYMENT_REF_REUSE
tx_legit_001910,usr_norm_0191,merch_razorpay_014,894.15,INR,2026-08-12T18:36:51+00:00,dev_fingerprint_1374,192.168.162.176,"Kolkata, IN",pm_tok_synthetic_01663,402,2,0,1,1,0,NONE
tx_legit_004174,usr_norm_0423,merch_razorpay_005,1234.36,INR,2026-08-12T18:37:25+00:00,dev_fingerprint_0120,192.168.42.247,"Mumbai, IN",pm_tok_synthetic_00138,889,1,0,1,1,0,NONE
tx_legit_003614,usr_norm_0479,merch_razorpay_049,601.61,INR,2026-08-12T18:42:50+00:00,dev_fingerprint_1962,192.168.49.25,"Chennai, IN",pm_tok_synthetic_00568,305,2,0,1,1,0,NONE
tx_legit_002468,usr_norm_1886,merch_razorpay_030,1178.19,INR,2026-08-12T18:48:21+00:00,dev_fingerprint_0905,192.168.252.216,"Chennai, IN",pm_tok_synthetic_00460,779,1,2,1,3,0,NONE
tx_legit_002807,usr_norm_1272,merch_razorpay_018,476.0,INR,2026-08-12T18:54:04+00:00,dev_fingerprint_1914,10.0.177.125,"Ahmedabad, IN",pm_tok_synthetic_01626,566,3,1,2,1,0,NONE
tx_legit_007061,usr_norm_0415,merch_razorpay_024,299.73,INR,2026-08-12T18:59:32+00:00,dev_fingerprint_1474,192.168.109.57,"Hyderabad, IN",pm_tok_synthetic_01209,186,1,0,2,1,0,NONE
tx_legit_002744,usr_norm_1196,merch_razorpay_022,1710.71,INR,2026-08-12T19:02:29+00:00,dev_fingerprint_1899,10.0.194.54,"Mumbai, IN",pm_tok_synthetic_01132,261,1,0,1,1,0,NONE
tx_legit_005324,usr_norm_0671,merch_razorpay_024,917.11,INR,2026-08-12T19:04:22+00:00,dev_fingerprint_1211,192.168.16.102,"Mumbai, IN",pm_tok_synthetic_02020,821,2,0,1,1,0,NONE
tx_legit_000398,usr_norm_1690,merch_razorpay_023,613.44,INR,2026-08-12T19:11:43+00:00,dev_fingerprint_1183,192.168.14.49,"Kolkata, IN",pm_tok_synthetic_01413,85,2,0,1,2,0,NONE
tx_fraud_000046,usr_fraud_ringA_020,merch_razorpay_032,4639.4,INR,2026-08-12T19:20:08+00:00,dev_fraud_ring_A_4,198.51.100.42,"Kolkata, IN",pm_tok_ringA_007,8,12,4,9,3,1,DEVICE_SHARING_RING
tx_legit_008193,usr_norm_1421,merch_razorpay_019,110.88,INR,2026-08-12T19:28:42+00:00,dev_fingerprint_0230,192.168.60.237,"Mumbai, IN",pm_tok_synthetic_01694,463,1,0,1,5,0,NONE
tx_legit_002403,usr_norm_0812,merch_razorpay_006,463.72,INR,2026-08-12T19:29:42+00:00,dev_fingerprint_0303,192.168.116.63,"Ahmedabad, IN",pm_tok_synthetic_02408,626,1,1,1,1,0,NONE
tx_legit_008230,usr_norm_1411,merch_razorpay_044,627.02,INR,2026-08-12T19:39:33+00:00,dev_fingerprint_0807,10.0.26.183,"Hyderabad, IN",pm_tok_synthetic_00541,374,1,0,1,1,0,NONE
tx_legit_006629,usr_norm_1142,merch_razorpay_000,691.76,INR,2026-08-12T19:40:19+00:00,dev_fingerprint_1350,192.168.215.6,"Chennai, IN",pm_tok_synthetic_01083,201,1,0,1,1,0,NONE
tx_legit_001701,usr_norm_0909,merch_razorpay_036,307.64,INR,2026-08-12T19:40:56+00:00,dev_fingerprint_0778,192.168.93.225,"Kolkata, IN",pm_tok_synthetic_02241,288,1,1,1,1,0,NONE
tx_legit_006083,usr_norm_1894,merch_razorpay_007,4086.1,INR,2026-08-12T19:43:05+00:00,dev_fingerprint_0912,192.168.30.140,"Hyderabad, IN",pm_tok_synthetic_00357,554,1,0,3,1,0,NONE
tx_legit_000367,usr_norm_1540,merch_razorpay_036,834.51,INR,2026-08-12T19:48:05+00:00,dev_fingerprint_1276,192.168.66.12,"Kolkata, IN",pm_tok_synthetic_00531,659,1,0,1,2,0,NONE
tx_legit_000832,usr_norm_1956,merch_razorpay_039,1166.45,INR,2026-08-12T19:51:02+00:00,dev_fingerprint_0883,192.168.75.253,"Delhi, IN",pm_tok_synthetic_00804,140,2,0,1,1,0,NONE
tx_legit_003323,usr_norm_1431,merch_razorpay_039,893.97,INR,2026-08-12T19:52:06+00:00,dev_fingerprint_0227,192.168.105.250,"Ahmedabad, IN",pm_tok_synthetic_01843,512,1,0,1,1,0,NONE
tx_legit_003129,usr_norm_0780,merch_razorpay_006,517.18,INR,2026-08-12T19:54:04+00:00,dev_fingerprint_0196,192.168.95.91,"Mumbai, IN",pm_tok_synthetic_01609,615,2,0,1,2,0,NONE
tx_legit_002699,usr_norm_0971,merch_razorpay_016,1262.17,INR,2026-08-12T19:54:42+00:00,dev_fingerprint_1467,192.168.196.54,"Hyderabad, IN",pm_tok_synthetic_01488,763,1,0,1,1,0,NONE
tx_legit_006560,usr_norm_1736,merch_razorpay_000,659.68,INR,2026-08-12T20:00:07+00:00,dev_fingerprint_0987,192.168.126.5,"Hyderabad, IN",pm_tok_synthetic_02323,578,1,0,1,1,0,NONE
tx_legit_000202,usr_norm_1448,merch_razorpay_028,316.12,INR,2026-08-12T20:03:28+00:00,dev_fingerprint_0506,192.168.206.143,"Delhi, IN",pm_tok_synthetic_02168,342,1,0,1,1,0,NONE
tx_legit_004135,usr_norm_1386,merch_razorpay_010,536.0,INR,2026-08-12T20:04:41+00:00,dev_fingerprint_0618,192.168.229.140,"Kolkata, IN",pm_tok_synthetic_01230,257,1,1,1,1,0,NONE
tx_legit_004164,usr_norm_0536,merch_razorpay_031,92.09,INR,2026-08-12T20:04:41+00:00,dev_fingerprint_1848,192.168.210.236,"Pune, IN",pm_tok_synthetic_00807,498,1,0,1,1,0,NONE
tx_legit_007746,usr_norm_1550,merch_razorpay_008,670.27,INR,2026-08-12T20:10:27+00:00,dev_fingerprint_0412,192.168.104.242,"Pune, IN",pm_tok_synthetic_01153,290,1,1,1,1,0,NONE
tx_legit_004229,usr_norm_0153,merch_razorpay_018,436.73,INR,2026-08-12T20:14:25+00:00,dev_fingerprint_0616,192.168.126.5,"Pune, IN",pm_tok_synthetic_00195,274,1,0,1,1,0,NONE
tx_legit_006990,usr_norm_1319,merch_razorpay_001,514.32,INR,2026-08-12T20:19:44+00:00,dev_fingerprint_1728,192.168.143.170,"Ahmedabad, IN",pm_tok_synthetic_01936,428,1,0,1,5,0,NONE
tx_legit_007776,usr_norm_0670,merch_razorpay_024,1507.27,INR,2026-08-12T20:22:39+00:00,dev_fingerprint_1275,192.168.193.240,"Pune, IN",pm_tok_synthetic_01900,407,3,0,3,1,0,NONE
tx_legit_004039,usr_norm_0440,merch_razorpay_042,392.59,INR,2026-08-12T20:25:12+00:00,dev_fingerprint_0462,192.168.54.175,"Kolkata, IN",pm_tok_synthetic_00330,699,1,0,1,2,0,NONE
tx_legit_004784,usr_norm_1522,merch_razorpay_019,299.93,INR,2026-08-12T20:34:30+00:00,dev_fingerprint_0112,192.168.146.159,"Pune, IN",pm_tok_synthetic_01429,67,1,0,1,1,0,NONE
tx_legit_000581,usr_norm_1307,merch_razorpay_048,636.8,INR,2026-08-12T20:51:12+00:00,dev_fingerprint_0897,192.168.30.249,"Delhi, IN",pm_tok_synthetic_00033,268,1,1,2,1,0,NONE
tx_legit_001652,usr_norm_1260,merch_razorpay_046,734.15,INR,2026-08-12T20:54:44+00:00,dev_fingerprint_1311,192.168.37.105,"Hyderabad, IN",pm_tok_synthetic_01381,461,1,0,1,1,0,NONE
tx_legit_004964,usr_norm_1418,merch_razorpay_003,1289.49,INR,2026-08-12T20:54:53+00:00,dev_fingerprint_1261,192.168.160.194,"Bengaluru, IN",pm_tok_synthetic_02147,282,1,0,1,1,0,NONE
tx_legit_004000,usr_norm_0982,merch_razorpay_043,403.96,INR,2026-08-12T20:56:09+00:00,dev_fingerprint_1296,192.168.204.15,"Hyderabad, IN",pm_tok_synthetic_02411,156,3,1,1,3,0,NONE
tx_legit_009018,usr_norm_1523,merch_razorpay_017,296.19,INR,2026-08-12T20:57:24+00:00,dev_fingerprint_0297,192.168.3.231,"Ahmedabad, IN",pm_tok_synthetic_00132,713,1,2,1,2,0,NONE
tx_legit_004852,usr_norm_1346,merch_razorpay_035,455.37,INR,2026-08-12T21:00:22+00:00,dev_fingerprint_0605,192.168.245.82,"Mumbai, IN",pm_tok_synthetic_01078,584,2,0,1,1,0,NONE
tx_legit_001200,usr_norm_0655,merch_razorpay_032,217.87,INR,2026-08-12T21:05:15+00:00,dev_fingerprint_0210,192.168.166.11,"Chennai, IN",pm_tok_synthetic_02350,720,1,0,3,1,0,NONE
tx_legit_003145,usr_norm_1841,merch_razorpay_015,829.71,INR,2026-08-12T21:05:30+00:00,dev_fingerprint_1783,10.0.45.252,"Chennai, IN",pm_tok_synthetic_00558,209,1,0,1,1,0,NONE
tx_legit_008097,usr_norm_0293,merch_razorpay_010,939.01,INR,2026-08-12T21:13:03+00:00,dev_fingerprint_0991,10.0.151.227,"Hyderabad, IN",pm_tok_synthetic_01009,315,1,0,1,1,0,NONE
tx_legit_000224,usr_norm_0170,merch_razorpay_043,740.04,INR,2026-08-12T21:13:56+00:00,dev_fingerprint_0980,192.168.14.65,"Mumbai, IN",pm_tok_synthetic_00746,860,1,0,1,1,0,NONE
tx_legit_008791,usr_norm_0150,merch_razorpay_001,290.45,INR,2026-08-12T21:17:07+00:00,dev_fingerprint_0524,192.168.192.81,"Pune, IN",pm_tok_synthetic_00612,591,1,0,1,1,0,NONE
tx_legit_002461,usr_norm_1854,merch_razorpay_004,383.34,INR,2026-08-12T21:19:57+00:00,dev_fingerprint_0937,192.168.29.40,"Kolkata, IN",pm_tok_synthetic_00328,430,1,0,1,1,0,NONE
tx_legit_004291,usr_norm_0352,merch_razorpay_030,493.95,INR,2026-08-12T21:24:41+00:00,dev_fingerprint_0912,192.168.223.168,"Delhi, IN",pm_tok_synthetic_00227,494,1,0,1,1,0,NONE
tx_legit_002533,usr_norm_1426,merch_razorpay_024,828.15,INR,2026-08-12T21:25:04+00:00,dev_fingerprint_0091,192.168.203.102,"Chennai, IN",pm_tok_synthetic_00956,234,1,0,1,1,0,NONE
tx_fraud_000371,usr_fraud_reuseC_010,merch_razorpay_011,15058.44,INR,2026-08-12T21:43:15+00:00,dev_reuseC_009,198.51.100.153,"Hyderabad, IN",pm_tok_stolen_C_002,5,9,0,5,3,1,PAYMENT_REF_REUSE
tx_legit_008720,usr_norm_0987,merch_razorpay_030,503.31,INR,2026-08-12T21:43:31+00:00,dev_fingerprint_1041,192.168.124.89,"Pune, IN",pm_tok_synthetic_00725,738,2,0,1,1,0,NONE
tx_legit_007708,usr_norm_0176,merch_razorpay_026,277.21,INR,2026-08-12T21:48:33+00:00,dev_fingerprint_1324,192.168.13.167,"Mumbai, IN",pm_tok_synthetic_01171,395,1,0,1,2,0,NONE
tx_legit_008572,usr_norm_0367,merch_razorpay_012,216.78,INR,2026-08-12T21:51:44+00:00,dev_fingerprint_0260,192.168.198.104,"Hyderabad, IN",pm_tok_synthetic_00912,884,2,2,1,2,0,NONE
tx_legit_007669,usr_norm_0050,merch_razorpay_028,2001.74,INR,2026-08-12T21:54:14+00:00,dev_fingerprint_1086,192.168.192.81,"Mumbai, IN",pm_tok_synthetic_01540,459,2,0,1,2,0,NONE
tx_legit_004735,usr_norm_0594,merch_razorpay_008,523.26,INR,2026-08-12T21:54:33+00:00,dev_fingerprint_1624,10.0.135.239,"Pune, IN",pm_tok_synthetic_00647,481,2,0,1,1,0,NONE
tx_legit_003263,usr_norm_1824,merch_razorpay_007,366.55,INR,2026-08-12T21:57:52+00:00,dev_fingerprint_1014,192.168.77.118,"Chennai, IN",pm_tok_synthetic_00340,601,1,1,1,1,0,NONE
tx_legit_001390,usr_norm_1304,merch_razorpay_034,895.42,INR,2026-08-12T22:04:00+00:00,dev_fingerprint_0656,192.168.2.195,"Bengaluru, IN",pm_tok_synthetic_00623,80,1,0,1,1,0,NONE
tx_fraud_000627,usr_fraud_anomD_146,merch_razorpay_013,65815.3,INR,2026-08-12T22:06:17+00:00,dev_anomD_146,192.0.2.193,Unknown / VPN Node,pm_tok_anomD_146,7,8,3,3,3,1,BEHAVIORAL_ANOMALY
tx_legit_005402,usr_norm_1457,merch_razorpay_011,194.19,INR,2026-08-12T22:08:16+00:00,dev_fingerprint_1864,192.168.247.192,"Delhi, IN",pm_tok_synthetic_00931,457,1,0,1,1,0,NONE
tx_legit_001073,usr_norm_1189,merch_razorpay_044,904.02,INR,2026-08-12T22:08:54+00:00,dev_fingerprint_0347,192.168.151.170,"Hyderabad, IN",pm_tok_synthetic_00147,398,1,0,1,1,0,NONE
tx_legit_004680,usr_norm_1627,merch_razorpay_002,1146.66,INR,2026-08-12T22:12:11+00:00,dev_fingerprint_0142,192.168.85.91,"Mumbai, IN",pm_tok_synthetic_00445,731,1,0,1,1,0,NONE
tx_legit_005674,usr_norm_0831,merch_razorpay_000,755.44,INR,2026-08-12T22:13:10+00:00,dev_fingerprint_0637,192.168.235.72,"Delhi, IN",pm_tok_synthetic_02075,443,2,0,1,1,0,NONE
tx_legit_008585,usr_norm_0232,merch_razorpay_020,384.31,INR,2026-08-12T22:23:31+00:00,dev_fingerprint_1521,10.0.206.204,"Kolkata, IN",pm_tok_synthetic_00116,113,1,0,1,1,0,NONE
tx_legit_007116,usr_norm_0643,merch_razorpay_036,218.55,INR,2026-08-12T22:34:10+00:00,dev_fingerprint_0928,192.168.135.153,"Mumbai, IN",pm_tok_synthetic_02493,86,1,0,2,1,0,NONE
tx_legit_000616,usr_norm_1149,merch_razorpay_035,1273.4,INR,2026-08-12T22:39:16+00:00,dev_fingerprint_1228,192.168.148.50,"Pune, IN",pm_tok_synthetic_02176,545,1,0,1,3,0,NONE
tx_fraud_000024,usr_fraud_ringA_023,merch_razorpay_040,16482.85,INR,2026-08-12T22:40:55+00:00,dev_fraud_ring_A_1,198.51.100.60,"Delhi, IN",pm_tok_ringA_003,12,9,2,13,3,1,DEVICE_SHARING_RING
tx_legit_002204,usr_norm_1460,merch_razorpay_028,386.22,INR,2026-08-12T22:43:04+00:00,dev_fingerprint_0919,192.168.137.110,"Ahmedabad, IN",pm_tok_synthetic_00539,241,1,0,2,1,0,NONE
tx_legit_008134,usr_norm_1944,merch_razorpay_005,96.57,INR,2026-08-12T22:44:39+00:00,dev_fingerprint_1089,192.168.209.126,"Kolkata, IN",pm_tok_synthetic_02257,749,2,0,1,2,0,NONE
tx_legit_003502,usr_norm_1320,merch_razorpay_023,973.42,INR,2026-08-12T22:48:04+00:00,dev_fingerprint_1395,10.0.109.44,"Delhi, IN",pm_tok_synthetic_01278,360,1,0,1,2,0,NONE
tx_legit_008922,usr_norm_1236,merch_razorpay_009,97.72,INR,2026-08-12T22:51:31+00:00,dev_fingerprint_0702,192.168.81.170,"Bengaluru, IN",pm_tok_synthetic_00753,540,1,0,1,2,0,NONE
tx_legit_001247,usr_norm_1667,merch_razorpay_048,1184.76,INR,2026-08-12T22:56:47+00:00,dev_fingerprint_0502,192.168.192.189,"Kolkata, IN",pm_tok_synthetic_00319,730,2,0,1,1,0,NONE
tx_legit_008539,usr_norm_0182,merch_razorpay_010,1232.97,INR,2026-08-12T22:59:02+00:00,dev_fingerprint_1063,192.168.142.40,"Mumbai, IN",pm_tok_synthetic_00338,774,2,0,1,3,0,NONE
tx_legit_008402,usr_norm_0091,merch_razorpay_003,847.42,INR,2026-08-12T23:00:29+00:00,dev_fingerprint_0562,192.168.104.178,"Kolkata, IN",pm_tok_synthetic_00230,390,1,0,3,2,0,NONE
tx_legit_000017,usr_norm_1207,merch_razorpay_007,547.09,INR,2026-08-12T23:00:52+00:00,dev_fingerprint_0987,192.168.42.139,"Pune, IN",pm_tok_synthetic_01056,99,3,0,2,1,0,NONE
tx_legit_008900,usr_norm_1632,merch_razorpay_019,286.11,INR,2026-08-12T23:02:53+00:00,dev_fingerprint_0300,192.168.62.45,"Bengaluru, IN",pm_tok_synthetic_00611,493,2,0,2,2,0,NONE
tx_legit_001615,usr_norm_1302,merch_razorpay_016,335.05,INR,2026-08-12T23:08:32+00:00,dev_fingerprint_1304,192.168.105.85,"Bengaluru, IN",pm_tok_synthetic_01854,308,1,0,3,3,0,NONE
tx_legit_009169,usr_norm_0716,merch_razorpay_003,691.82,INR,2026-08-12T23:16:12+00:00,dev_fingerprint_0604,192.168.193.244,"Mumbai, IN",pm_tok_synthetic_01687,593,1,1,1,2,0,NONE
tx_legit_001527,usr_norm_1115,merch_razorpay_017,247.87,INR,2026-08-12T23:18:47+00:00,dev_fingerprint_1441,192.168.252.176,"Delhi, IN",pm_tok_synthetic_01893,678,1,0,2,2,0,NONE
tx_legit_008109,usr_norm_0857,merch_razorpay_005,645.06,INR,2026-08-12T23:19:56+00:00,dev_fingerprint_1813,192.168.165.131,"Hyderabad, IN",pm_tok_synthetic_01132,685,1,0,1,2,0,NONE
tx_fraud_000373,usr_fraud_reuseC_012,merch_razorpay_023,10662.25,INR,2026-08-12T23:20:43+00:00,dev_reuseC_002,198.51.100.100,"Delhi, IN",pm_tok_stolen_C_001,4,7,1,5,2,1,PAYMENT_REF_REUSE
tx_legit_008915,usr_norm_0457,merch_razorpay_025,256.27,INR,2026-08-12T23:23:42+00:00,dev_fingerprint_0708,192.168.166.19,"Bengaluru, IN",pm_tok_synthetic_00400,477,1,0,2,1,0,NONE
tx_legit_001758,usr_norm_1452,merch_razorpay_016,880.92,INR,2026-08-12T23:32:28+00:00,dev_fingerprint_1026,192.168.217.14,"Delhi, IN",pm_tok_synthetic_00253,670,1,0,2,3,0,NONE
tx_legit_002055,usr_norm_0435,merch_razorpay_022,982.96,INR,2026-08-12T23:35:54+00:00,dev_fingerprint_0367,192.168.185.68,"Delhi, IN",pm_tok_synthetic_00394,566,4,0,1,1,0,NONE
tx_legit_000459,usr_norm_1918,merch_razorpay_044,142.43,INR,2026-08-12T23:39:14+00:00,dev_fingerprint_0537,192.168.54.175,"Delhi, IN",pm_tok_synthetic_01935,157,2,0,1,3,0,NONE
tx_legit_008967,usr_norm_0948,merch_razorpay_040,1000.4,INR,2026-08-12T23:47:31+00:00,dev_fingerprint_1180,192.168.10.117,"Chennai, IN",pm_tok_synthetic_02314,259,1,0,2,1,0,NONE
tx_legit_005624,usr_norm_0372,merch_razorpay_034,323.02,INR,2026-08-12T23:48:51+00:00,dev_fingerprint_0386,192.168.144.84,"Bengaluru, IN",pm_tok_synthetic_00462,62,3,0,1,3,0,NONE
tx_legit_009035,usr_norm_1636,merch_razorpay_010,1097.5,INR,2026-08-12T23:51:12+00:00,dev_fingerprint_1167,192.168.98.99,"Chennai, IN",pm_tok_synthetic_01247,475,2,0,1,2,0,NONE
tx_legit_007855,usr_norm_1006,merch_razorpay_040,332.47,INR,2026-08-12T23:54:12+00:00,dev_fingerprint_0108,192.168.19.176,"Ahmedabad, IN",pm_tok_synthetic_00231,234,1,0,3,1,0,NONE
tx_legit_007553,usr_norm_0375,merch_razorpay_033,376.47,INR,2026-08-13T00:00:07+00:00,dev_fingerprint_0068,192.168.74.61,"Chennai, IN",pm_tok_synthetic_02448,718,4,0,2,4,0,NONE
tx_legit_000280,usr_norm_0636,merch_razorpay_012,1274.21,INR,2026-08-13T00:00:57+00:00,dev_fingerprint_1311,10.0.207.125,"Bengaluru, IN",pm_tok_synthetic_02202,660,1,0,1,1,0,NONE
tx_fraud_000310,usr_fraud_burstB_029,merch_razorpay_045,6528.79,INR,2026-08-13T00:02:02+00:00,dev_fraud_burstB_029,203.0.113.103,"Delhi, IN",pm_tok_burstB_003,22,22,5,2,26,1,SHARED_IP_BURST
tx_legit_007977,usr_norm_0438,merch_razorpay_005,624.44,INR,2026-08-13T00:13:40+00:00,dev_fingerprint_0812,192.168.144.138,"Mumbai, IN",pm_tok_synthetic_01528,445,1,1,1,1,0,NONE
tx_legit_007274,usr_norm_0942,merch_razorpay_042,763.62,INR,2026-08-13T00:15:21+00:00,dev_fingerprint_0897,192.168.64.50,"Chennai, IN",pm_tok_synthetic_01555,827,3,0,1,2,0,NONE
tx_fraud_000161,usr_fraud_burstB_000,merch_razorpay_033,3628.63,INR,2026-08-13T00:19:39+00:00,dev_fraud_burstB_022,203.0.113.102,"Pune, IN",pm_tok_burstB_008,21,22,6,3,24,1,SHARED_IP_BURST
tx_legit_002475,usr_norm_1676,merch_razorpay_044,730.78,INR,2026-08-13T00:21:50+00:00,dev_fingerprint_0346,192.168.84.47,"Hyderabad, IN",pm_tok_synthetic_00211,702,1,0,1,1,0,NONE
tx_legit_000005,usr_norm_1825,merch_razorpay_022,290.84,INR,2026-08-13T00:29:28+00:00,dev_fingerprint_0025,192.168.113.21,"Kolkata, IN",pm_tok_synthetic_01665,253,1,0,1,2,0,NONE
tx_legit_004408,usr_norm_1437,merch_razorpay_041,247.98,INR,2026-08-13T00:30:37+00:00,dev_fingerprint_1193,192.168.136.129,"Pune, IN",pm_tok_synthetic_02157,74,2,0,1,1,0,NONE
tx_fraud_000180,usr_fraud_burstB_019,merch_razorpay_016,13203.71,INR,2026-08-13T00:31:14+00:00,dev_fraud_burstB_026,203.0.113.102,"Bengaluru, IN",pm_tok_burstB_017,4,9,8,4,26,1,SHARED_IP_BURST
tx_legit_009010,usr_norm_1693,merch_razorpay_030,1169.92,INR,2026-08-13T00:34:48+00:00,dev_fingerprint_0617,192.168.57.70,"Delhi, IN",pm_tok_synthetic_02181,269,2,0,1,1,0,NONE
tx_legit_002113,usr_norm_0390,merch_razorpay_008,485.74,INR,2026-08-13T00:35:38+00:00,dev_fingerprint_1101,192.168.140.205,"Hyderabad, IN",pm_tok_synthetic_00987,899,1,0,1,1,0,NONE
tx_fraud_000056,usr_fraud_ringA_005,merch_razorpay_022,13826.85,INR,2026-08-13T00:37:38+00:00,dev_fraud_ring_A_0,198.51.100.74,"Chennai, IN",pm_tok_ringA_010,3,12,4,10,5,1,DEVICE_SHARING_RING
tx_legit_004904,usr_norm_1167,merch_razorpay_041,1972.32,INR,2026-08-13T00:38:45+00:00,dev_fingerprint_1913,192.168.217.14,"Hyderabad, IN",pm_tok_synthetic_01627,803,4,0,1,3,0,NONE
tx_legit_000937,usr_norm_0834,merch_razorpay_040,241.9,INR,2026-08-13T00:44:43+00:00,dev_fingerprint_1542,192.168.204.15,"Kolkata, IN",pm_tok_synthetic_00236,285,1,0,1,1,0,NONE
tx_legit_003750,usr_norm_0702,merch_razorpay_035,116.68,INR,2026-08-13T00:46:11+00:00,dev_fingerprint_0208,192.168.217.113,"Mumbai, IN",pm_tok_synthetic_00572,154,1,0,1,2,0,NONE
tx_legit_004642,usr_norm_1158,merch_razorpay_044,1057.67,INR,2026-08-13T00:46:26+00:00,dev_fingerprint_0476,192.168.212.242,"Ahmedabad, IN",pm_tok_synthetic_00343,320,1,0,1,1,0,NONE
tx_legit_006940,usr_norm_0550,merch_razorpay_011,441.57,INR,2026-08-13T00:56:32+00:00,dev_fingerprint_0383,192.168.86.201,"Hyderabad, IN",pm_tok_synthetic_01847,664,3,0,1,4,0,NONE
tx_legit_007242,usr_norm_0707,merch_razorpay_019,597.58,INR,2026-08-13T01:01:11+00:00,dev_fingerprint_0132,192.168.124.55,"Kolkata, IN",pm_tok_synthetic_01816,858,1,0,1,1,0,NONE
tx_legit_004456,usr_norm_0117,merch_razorpay_033,371.86,INR,2026-08-13T01:05:26+00:00,dev_fingerprint_0741,192.168.208.223,"Bengaluru, IN",pm_tok_synthetic_01485,346,3,0,1,3,0,NONE
tx_legit_006033,usr_norm_0386,merch_razorpay_005,1158.66,INR,2026-08-13T01:07:25+00:00,dev_fingerprint_1015,192.168.163.214,"Kolkata, IN",pm_tok_synthetic_01410,688,1,0,1,1,0,NONE
tx_legit_003439,usr_norm_1283,merch_razorpay_002,511.01,INR,2026-08-13T01:09:31+00:00,dev_fingerprint_1072,192.168.145.243,"Kolkata, IN",pm_tok_synthetic_02186,347,2,0,2,1,0,NONE
tx_legit_009067,usr_norm_0646,merch_razorpay_039,439.64,INR,2026-08-13T01:14:16+00:00,dev_fingerprint_0023,192.168.34.186,"Hyderabad, IN",pm_tok_synthetic_02033,385,1,0,1,4,0,NONE
tx_fraud_000360,usr_fraud_reuseC_019,merch_razorpay_008,15493.9,INR,2026-08-13T01:16:12+00:00,dev_reuseC_018,198.51.100.176,"Ahmedabad, IN",pm_tok_stolen_C_001,1,9,0,5,3,1,PAYMENT_REF_REUSE
tx_legit_000027,usr_norm_1687,merch_razorpay_026,276.28,INR,2026-08-13T01:18:41+00:00,dev_fingerprint_0315,192.168.204.15,"Delhi, IN",pm_tok_synthetic_02031,800,1,0,1,1,0,NONE
tx_legit_008114,usr_norm_1436,merch_razorpay_040,1222.17,INR,2026-08-13T01:21:57+00:00,dev_fingerprint_1431,192.168.73.180,"Mumbai, IN",pm_tok_synthetic_00075,415,1,0,1,1,0,NONE
tx_fraud_000051,usr_fraud_ringA_000,merch_razorpay_043,16698.78,INR,2026-08-13T01:35:42+00:00,dev_fraud_ring_A_4,198.51.100.73,"Hyderabad, IN",pm_tok_ringA_010,9,8,4,11,3,1,DEVICE_SHARING_RING
tx_legit_001124,usr_norm_1795,merch_razorpay_005,1357.15,INR,2026-08-13T01:41:28+00:00,dev_fingerprint_1054,192.168.96.196,"Delhi, IN",pm_tok_synthetic_00290,270,1,0,1,1,0,NONE
tx_legit_003244,usr_norm_0738,merch_razorpay_031,1040.77,INR,2026-08-13T01:41:53+00:00,dev_fingerprint_0476,192.168.31.185,"Hyderabad, IN",pm_tok_synthetic_00896,50,1,1,1,1,0,NONE
tx_legit_000451,usr_norm_0844,merch_razorpay_016,882.58,INR,2026-08-13T01:45:27+00:00,dev_fingerprint_1171,192.168.115.138,"Pune, IN",pm_tok_synthetic_00877,256,1,0,1,2,0,NONE
tx_legit_007611,usr_norm_1328,merch_razorpay_022,596.13,INR,2026-08-13T01:46:04+00:00,dev_fingerprint_0245,192.168.86.24,"Pune, IN",pm_tok_synthetic_00995,39,1,0,2,3,0,NONE
tx_legit_003018,usr_norm_1359,merch_razorpay_018,250.4,INR,2026-08-13T01:52:50+00:00,dev_fingerprint_0065,10.0.110.191,"Hyderabad, IN",pm_tok_synthetic_01591,703,1,0,1,3,0,NONE
tx_legit_002777,usr_norm_0834,merch_razorpay_033,409.63,INR,2026-08-13T01:54:18+00:00,dev_fingerprint_0411,192.168.204.15,"Ahmedabad, IN",pm_tok_synthetic_00236,285,1,0,2,1,0,NONE
tx_legit_008822,usr_norm_0029,merch_razorpay_017,649.06,INR,2026-08-13T01:54:19+00:00,dev_fingerprint_0851,192.168.212.253,"Ahmedabad, IN",pm_tok_synthetic_00389,350,1,0,1,1,0,NONE
tx_legit_001306,usr_norm_1817,merch_razorpay_017,975.22,INR,2026-08-13T01:59:52+00:00,dev_fingerprint_0876,192.168.160.194,"Pune, IN",pm_tok_synthetic_01010,283,1,0,1,1,0,NONE
tx_legit_007878,usr_norm_1919,merch_razorpay_047,739.03,INR,2026-08-13T02:02:05+00:00,dev_fingerprint_1339,192.168.121.75,"Pune, IN",pm_tok_synthetic_01178,457,1,0,1,3,0,NONE
tx_legit_007310,usr_norm_1427,merch_razorpay_003,443.26,INR,2026-08-13T02:03:45+00:00,dev_fingerprint_1403,192.168.33.50,"Hyderabad, IN",pm_tok_synthetic_00638,805,1,0,1,1,0,NONE
tx_legit_000775,usr_norm_1274,merch_razorpay_016,667.14,INR,2026-08-13T02:04:40+00:00,dev_fingerprint_0318,192.168.131.127,"Kolkata, IN",pm_tok_synthetic_01596,346,1,0,1,1,0,NONE
tx_legit_003624,usr_norm_1103,merch_razorpay_014,633.31,INR,2026-08-13T02:06:08+00:00,dev_fingerprint_0595,192.168.33.33,"Hyderabad, IN",pm_tok_synthetic_01903,543,1,0,1,1,0,NONE
tx_legit_003364,usr_norm_1353,merch_razorpay_018,384.54,INR,2026-08-13T02:06:09+00:00,dev_fingerprint_1018,192.168.131.192,"Chennai, IN",pm_tok_synthetic_02258,187,3,0,1,2,0,NONE
tx_legit_008737,usr_norm_1758,merch_razorpay_000,717.47,INR,2026-08-13T02:10:46+00:00,dev_fingerprint_1328,192.168.188.125,"Ahmedabad, IN",pm_tok_synthetic_00058,206,1,0,1,1,0,NONE
tx_legit_000915,usr_norm_1601,merch_razorpay_018,280.74,INR,2026-08-13T02:13:36+00:00,dev_fingerprint_0728,192.168.226.106,"Chennai, IN",pm_tok_synthetic_01361,867,1,0,1,1,0,NONE
tx_legit_004982,usr_norm_0066,merch_razorpay_026,588.03,INR,2026-08-13T02:15:09+00:00,dev_fingerprint_1090,192.168.173.211,"Pune, IN",pm_tok_synthetic_00942,542,1,0,1,1,0,NONE
tx_fraud_000384,usr_fraud_reuseC_003,merch_razorpay_034,4978.28,INR,2026-08-13T02:15:09+00:00,dev_reuseC_025,198.51.100.177,"Delhi, IN",pm_tok_stolen_C_003,2,4,3,2,5,1,PAYMENT_REF_REUSE
tx_fraud_000245,usr_fraud_burstB_024,merch_razorpay_024,13982.2,INR,2026-08-13T02:17:29+00:00,dev_fraud_burstB_012,203.0.113.105,"Chennai, IN",pm_tok_burstB_015,8,19,6,2,33,1,SHARED_IP_BURST
tx_legit_002452,usr_norm_0349,merch_razorpay_014,1485.19,INR,2026-08-13T02:25:18+00:00,dev_fingerprint_0336,192.168.79.211,"Delhi, IN",pm_tok_synthetic_02131,482,1,0,1,2,0,NONE
tx_legit_006685,usr_norm_1696,merch_razorpay_021,525.58,INR,2026-08-13T02:30:40+00:00,dev_fingerprint_0024,192.168.227.177,"Mumbai, IN",pm_tok_synthetic_01838,421,1,0,1,1,0,NONE
tx_legit_006507,usr_norm_1531,merch_razorpay_026,1360.26,INR,2026-08-13T02:49:30+00:00,dev_fingerprint_0138,192.168.131.181,"Kolkata, IN",pm_tok_synthetic_01750,893,1,0,2,2,0,NONE
tx_legit_005195,usr_norm_1213,merch_razorpay_033,603.4,INR,2026-08-13T02:50:48+00:00,dev_fingerprint_0700,192.168.118.37,"Pune, IN",pm_tok_synthetic_02271,212,1,0,1,1,0,NONE
tx_legit_004712,usr_norm_0139,merch_razorpay_026,388.12,INR,2026-08-13T02:52:32+00:00,dev_fingerprint_0920,10.0.45.247,"Mumbai, IN",pm_tok_synthetic_02102,180,2,0,1,1,0,NONE
tx_legit_006048,usr_norm_0647,merch_razorpay_030,727.74,INR,2026-08-13T02:52:39+00:00,dev_fingerprint_1071,192.168.120.180,"Delhi, IN",pm_tok_synthetic_01061,200,2,0,1,1,0,NONE
tx_fraud_000103,usr_fraud_ringA_002,merch_razorpay_023,14580.78,INR,2026-08-13T02:53:36+00:00,dev_fraud_ring_A_3,198.51.100.11,"Hyderabad, IN",pm_tok_ringA_004,6,9,4,10,5,1,DEVICE_SHARING_RING
tx_legit_008465,usr_norm_1514,merch_razorpay_007,168.18,INR,2026-08-13T02:54:49+00:00,dev_fingerprint_0415,192.168.58.36,"Hyderabad, IN",pm_tok_synthetic_01036,42,1,0,1,1,0,NONE
tx_legit_006141,usr_norm_0439,merch_razorpay_002,762.49,INR,2026-08-13T02:57:10+00:00,dev_fingerprint_0940,10.0.27.124,"Delhi, IN",pm_tok_synthetic_00996,743,1,0,1,1,0,NONE
tx_legit_004916,usr_norm_1144,merch_razorpay_030,746.88,INR,2026-08-13T02:57:49+00:00,dev_fingerprint_1221,10.0.148.167,"Hyderabad, IN",pm_tok_synthetic_00281,265,4,0,1,1,0,NONE
tx_legit_002300,usr_norm_1501,merch_razorpay_032,402.55,INR,2026-08-13T02:58:01+00:00,dev_fingerprint_1459,192.168.113.9,"Bengaluru, IN",pm_tok_synthetic_00827,495,1,0,2,1,0,NONE
tx_legit_008719,usr_norm_1232,merch_razorpay_003,911.35,INR,2026-08-13T03:03:01+00:00,dev_fingerprint_1380,192.168.40.49,"Kolkata, IN",pm_tok_synthetic_01554,624,1,1,1,3,0,NONE
tx_legit_005085,usr_norm_0220,merch_razorpay_025,272.38,INR,2026-08-13T03:06:02+00:00,dev_fingerprint_1784,10.0.143.29,"Mumbai, IN",pm_tok_synthetic_01411,161,1,0,2,4,0,NONE
tx_legit_004447,usr_norm_1764,merch_razorpay_029,242.94,INR,2026-08-13T03:07:07+00:00,dev_fingerprint_1389,192.168.7.12,"Chennai, IN",pm_tok_synthetic_01328,153,1,1,1,1,0,NONE
tx_legit_004168,usr_norm_0896,merch_razorpay_029,331.76,INR,2026-08-13T03:08:33+00:00,dev_fingerprint_1205,192.168.159.192,"Hyderabad, IN",pm_tok_synthetic_00684,96,1,0,1,1,0,NONE
tx_legit_002693,usr_norm_0118,merch_razorpay_028,261.22,INR,2026-08-13T03:11:12+00:00,dev_fingerprint_0369,10.0.248.246,"Bengaluru, IN",pm_tok_synthetic_00877,379,1,0,1,1,0,NONE
tx_legit_005320,usr_norm_0390,merch_razorpay_044,1324.49,INR,2026-08-13T03:20:04+00:00,dev_fingerprint_1101,192.168.140.205,"Bengaluru, IN",pm_tok_synthetic_00987,899,1,0,1,1,0,NONE
tx_fraud_000567,usr_fraud_anomD_086,merch_razorpay_004,74940.62,INR,2026-08-13T03:22:25+00:00,dev_anomD_086,192.0.2.68,Unknown / VPN Node,pm_tok_anomD_086,3,7,3,3,3,1,BEHAVIORAL_ANOMALY
tx_legit_005553,usr_norm_0266,merch_razorpay_013,121.75,INR,2026-08-13T03:23:13+00:00,dev_fingerprint_0694,10.0.169.74,"Bengaluru, IN",pm_tok_synthetic_01497,803,1,0,1,1,0,NONE
tx_legit_002173,usr_norm_0677,merch_razorpay_032,993.82,INR,2026-08-13T03:24:32+00:00,dev_fingerprint_1489,192.168.40.237,"Bengaluru, IN",pm_tok_synthetic_00425,240,1,0,1,1,0,NONE
tx_legit_000692,usr_norm_0661,merch_razorpay_006,330.97,INR,2026-08-13T03:25:04+00:00,dev_fingerprint_0659,10.0.76.131,"Kolkata, IN",pm_tok_synthetic_01704,767,2,0,1,3,0,NONE
tx_legit_003667,usr_norm_1797,merch_razorpay_035,423.14,INR,2026-08-13T03:30:15+00:00,dev_fingerprint_0667,10.0.60.193,"Mumbai, IN",pm_tok_synthetic_00814,795,1,0,3,1,0,NONE
tx_legit_008409,usr_norm_1106,merch_razorpay_013,1441.36,INR,2026-08-13T03:30:26+00:00,dev_fingerprint_1257,192.168.153.192,"Hyderabad, IN",pm_tok_synthetic_00679,805,3,0,1,1,0,NONE
tx_fraud_000120,usr_fraud_ringA_019,merch_razorpay_002,13671.85,INR,2026-08-13T03:33:30+00:00,dev_fraud_ring_A_0,198.51.100.56,"Chennai, IN",pm_tok_ringA_005,4,10,1,7,6,1,DEVICE_SHARING_RING
tx_legit_006596,usr_norm_1044,merch_razorpay_025,550.89,INR,2026-08-13T03:35:06+00:00,dev_fingerprint_0996,192.168.21.219,"Hyderabad, IN",pm_tok_synthetic_01214,697,1,0,1,1,0,NONE
tx_legit_002787,usr_norm_1352,merch_razorpay_036,1064.96,INR,2026-08-13T03:44:17+00:00,dev_fingerprint_0793,192.168.141.26,"Hyderabad, IN",pm_tok_synthetic_02146,729,1,2,1,2,0,NONE
tx_legit_008314,usr_norm_0555,merch_razorpay_039,424.07,INR,2026-08-13T03:51:59+00:00,dev_fingerprint_1007,192.168.198.227,"Chennai, IN",pm_tok_synthetic_01818,530,1,0,2,2,0,NONE
tx_legit_003950,usr_norm_1828,merch_razorpay_005,187.96,INR,2026-08-13T03:54:55+00:00,dev_fingerprint_1370,192.168.105.250,"Ahmedabad, IN",pm_tok_synthetic_00662,750,1,0,1,3,0,NONE
tx_legit_002270,usr_norm_1761,merch_razorpay_039,1170.53,INR,2026-08-13T04:13:27+00:00,dev_fingerprint_1210,192.168.199.15,"Kolkata, IN",pm_tok_synthetic_00435,146,1,0,2,1,0,NONE
tx_legit_002691,usr_norm_1486,merch_razorpay_009,465.36,INR,2026-08-13T04:17:27+00:00,dev_fingerprint_0640,192.168.132.170,"Ahmedabad, IN",pm_tok_synthetic_02342,638,1,0,1,1,0,NONE
tx_legit_003616,usr_norm_1780,merch_razorpay_020,179.19,INR,2026-08-13T04:22:33+00:00,dev_fingerprint_1416,10.0.139.173,"Kolkata, IN",pm_tok_synthetic_02442,214,1,0,1,2,0,NONE
tx_legit_006107,usr_norm_1593,merch_razorpay_039,1206.1,INR,2026-08-13T04:27:59+00:00,dev_fingerprint_1906,192.168.217.113,"Hyderabad, IN",pm_tok_synthetic_01160,617,1,0,1,2,0,NONE
tx_legit_004199,usr_norm_1322,merch_razorpay_020,607.3,INR,2026-08-13T04:29:03+00:00,dev_fingerprint_1125,10.0.238.198,"Chennai, IN",pm_tok_synthetic_00500,289,2,0,1,3,0,NONE
tx_legit_005467,usr_norm_1295,merch_razorpay_034,1528.47,INR,2026-08-13T04:31:58+00:00,dev_fingerprint_1464,192.168.128.161,"Kolkata, IN",pm_tok_synthetic_01596,878,1,0,1,1,0,NONE
tx_legit_000745,usr_norm_0712,merch_razorpay_015,479.41,INR,2026-08-13T04:33:07+00:00,dev_fingerprint_0783,192.168.203.79,"Chennai, IN",pm_tok_synthetic_01747,206,1,0,1,1,0,NONE
tx_legit_007315,usr_norm_1015,merch_razorpay_023,379.41,INR,2026-08-13T04:41:09+00:00,dev_fingerprint_0853,192.168.187.40,"Kolkata, IN",pm_tok_synthetic_01280,595,1,0,1,1,0,NONE
tx_legit_000447,usr_norm_0494,merch_razorpay_027,633.31,INR,2026-08-13T04:43:34+00:00,dev_fingerprint_0496,192.168.210.236,"Kolkata, IN",pm_tok_synthetic_01540,317,4,0,1,2,0,NONE
tx_legit_001924,usr_norm_0848,merch_razorpay_006,1165.11,INR,2026-08-13T04:47:52+00:00,dev_fingerprint_1584,192.168.120.222,"Chennai, IN",pm_tok_synthetic_02462,850,2,0,1,1,0,NONE
tx_legit_000822,usr_norm_1765,merch_razorpay_027,218.43,INR,2026-08-13T04:52:06+00:00,dev_fingerprint_1401,192.168.67.88,"Ahmedabad, IN",pm_tok_synthetic_02235,170,2,1,1,1,0,NONE
tx_legit_006781,usr_norm_0619,merch_razorpay_023,112.34,INR,2026-08-13T04:57:27+00:00,dev_fingerprint_0567,192.168.153.203,"Pune, IN",pm_tok_synthetic_00345,284,1,0,1,5,0,NONE
tx_legit_004374,usr_norm_0716,merch_razorpay_012,551.08,INR,2026-08-13T05:01:29+00:00,dev_fingerprint_0604,192.168.193.244,"Ahmedabad, IN",pm_tok_synthetic_01687,593,1,0,1,1,0,NONE
tx_legit_007444,usr_norm_1575,merch_razorpay_000,493.85,INR,2026-08-13T05:07:29+00:00,dev_fingerprint_1036,192.168.87.27,"Mumbai, IN",pm_tok_synthetic_01976,542,1,0,1,1,0,NONE
tx_legit_002074,usr_norm_0495,merch_razorpay_032,690.69,INR,2026-08-13T05:07:33+00:00,dev_fingerprint_0804,10.0.28.236,"Chennai, IN",pm_tok_synthetic_00466,607,1,0,1,1,0,NONE
tx_legit_003754,usr_norm_1536,merch_razorpay_007,187.08,INR,2026-08-13T05:16:10+00:00,dev_fingerprint_1170,192.168.212.253,"Chennai, IN",pm_tok_synthetic_02166,119,1,0,1,3,0,NONE
tx_legit_008592,usr_norm_0506,merch_razorpay_037,406.84,INR,2026-08-13T05:20:30+00:00,dev_fingerprint_0075,192.168.106.12,"Ahmedabad, IN",pm_tok_synthetic_01472,748,1,0,1,1,0,NONE
tx_legit_000917,usr_norm_0101,merch_razorpay_040,591.26,INR,2026-08-13T05:23:26+00:00,dev_fingerprint_1323,192.168.109.106,"Hyderabad, IN",pm_tok_synthetic_00160,283,1,0,1,3,0,NONE
tx_legit_003073,usr_norm_1733,merch_razorpay_042,925.02,INR,2026-08-13T05:24:00+00:00,dev_fingerprint_0007,192.168.30.145,"Bengaluru, IN",pm_tok_synthetic_02009,519,1,0,1,1,0,NONE
tx_legit_006303,usr_norm_1645,merch_razorpay_046,558.45,INR,2026-08-13T05:24:44+00:00,dev_fingerprint_0781,192.168.141.115,"Delhi, IN",pm_tok_synthetic_02232,246,2,0,1,2,0,NONE
tx_legit_001763,usr_norm_0232,merch_razorpay_016,90.42,INR,2026-08-13T05:27:31+00:00,dev_fingerprint_1154,192.168.59.198,"Mumbai, IN",pm_tok_synthetic_00116,113,1,0,1,1,0,NONE
tx_legit_004308,usr_norm_1142,merch_razorpay_007,220.37,INR,2026-08-13T05:44:11+00:00,dev_fingerprint_1350,192.168.215.6,"Bengaluru, IN",pm_tok_synthetic_01083,201,2,0,1,1,0,NONE
tx_legit_006820,usr_norm_0434,merch_razorpay_033,952.71,INR,2026-08-13T05:49:04+00:00,dev_fingerprint_1429,192.168.151.170,"Ahmedabad, IN",pm_tok_synthetic_01763,855,1,0,1,2,0,NONE
tx_legit_004537,usr_norm_1218,merch_razorpay_012,534.8,INR,2026-08-13T05:53:32+00:00,dev_fingerprint_0423,192.168.64.149,"Chennai, IN",pm_tok_synthetic_00830,884,1,0,1,1,0,NONE
tx_legit_004504,usr_norm_0360,merch_razorpay_028,221.91,INR,2026-08-13T05:55:56+00:00,dev_fingerprint_0141,192.168.60.121,"Bengaluru, IN",pm_tok_synthetic_01933,62,1,0,1,2,0,NONE
tx_legit_008584,usr_norm_0167,merch_razorpay_008,868.28,INR,2026-08-13T06:00:31+00:00,dev_fingerprint_1191,192.168.133.93,"Mumbai, IN",pm_tok_synthetic_01361,166,1,2,2,1,0,NONE
tx_legit_005041,usr_norm_1302,merch_razorpay_007,897.6,INR,2026-08-13T06:02:17+00:00,dev_fingerprint_1304,192.168.105.85,"Pune, IN",pm_tok_synthetic_01854,308,1,0,1,2,0,NONE
tx_fraud_000467,usr_fraud_reuseC_006,merch_razorpay_024,21942.97,INR,2026-08-13T06:05:58+00:00,dev_reuseC_004,198.51.100.153,"Kolkata, IN",pm_tok_stolen_C_004,0,7,3,4,6,1,PAYMENT_REF_REUSE
tx_legit_002723,usr_norm_0741,merch_razorpay_035,132.31,INR,2026-08-13T06:14:10+00:00,dev_fingerprint_1468,192.168.26.16,"Kolkata, IN",pm_tok_synthetic_01325,90,1,0,1,1,0,NONE
tx_legit_007245,usr_norm_0942,merch_razorpay_025,2815.29,INR,2026-08-13T06:15:58+00:00,dev_fingerprint_0897,192.168.64.50,"Hyderabad, IN",pm_tok_synthetic_01555,827,2,0,1,2,0,NONE
tx_legit_001664,usr_norm_0485,merch_razorpay_039,806.24,INR,2026-08-13T06:21:35+00:00,dev_fingerprint_1262,192.168.61.43,"Chennai, IN",pm_tok_synthetic_01875,139,2,0,1,4,0,NONE
tx_legit_005802,usr_norm_0946,merch_razorpay_033,1351.53,INR,2026-08-13T06:23:23+00:00,dev_fingerprint_0094,192.168.216.197,"Bengaluru, IN",pm_tok_synthetic_01071,700,1,0,1,1,0,NONE
tx_legit_007418,usr_norm_0932,merch_razorpay_001,317.44,INR,2026-08-13T06:24:54+00:00,dev_fingerprint_0283,192.168.105.116,"Hyderabad, IN",pm_tok_synthetic_00698,366,1,0,1,1,0,NONE
tx_legit_001873,usr_norm_0906,merch_razorpay_047,303.31,INR,2026-08-13T06:27:55+00:00,dev_fingerprint_0099,192.168.95.122,"Hyderabad, IN",pm_tok_synthetic_00196,707,2,0,1,1,0,NONE
tx_legit_006115,usr_norm_0306,merch_razorpay_022,622.83,INR,2026-08-13T06:48:23+00:00,dev_fingerprint_0496,192.168.54.172,"Ahmedabad, IN",pm_tok_synthetic_02175,261,1,0,2,2,0,NONE
tx_legit_006599,usr_norm_0966,merch_razorpay_004,973.2,INR,2026-08-13T06:50:35+00:00,dev_fingerprint_1237,10.0.186.98,"Bengaluru, IN",pm_tok_synthetic_01247,550,1,0,2,1,0,NONE
tx_legit_005851,usr_norm_0737,merch_razorpay_039,1021.43,INR,2026-08-13T06:50:56+00:00,dev_fingerprint_1004,192.168.221.93,"Ahmedabad, IN",pm_tok_synthetic_00369,87,2,0,1,1,0,NONE
tx_legit_005459,usr_norm_1163,merch_razorpay_012,1077.59,INR,2026-08-13T07:01:39+00:00,dev_fingerprint_0420,192.168.120.177,"Pune, IN",pm_tok_synthetic_01293,448,2,0,1,3,0,NONE
tx_legit_008380,usr_norm_0820,merch_razorpay_035,204.38,INR,2026-08-13T07:03:42+00:00,dev_fingerprint_0810,192.168.185.197,"Bengaluru, IN",pm_tok_synthetic_01357,737,3,0,1,3,0,NONE
tx_legit_008875,usr_norm_1450,merch_razorpay_003,686.6,INR,2026-08-13T07:13:37+00:00,dev_fingerprint_0321,192.168.208.223,"Chennai, IN",pm_tok_synthetic_01420,730,1,0,1,1,0,NONE
tx_legit_005571,usr_norm_0579,merch_razorpay_010,129.93,INR,2026-08-13T07:25:38+00:00,dev_fingerprint_1384,192.168.22.73,"Bengaluru, IN",pm_tok_synthetic_02004,175,1,0,1,1,0,NONE
tx_legit_005767,usr_norm_1701,merch_razorpay_042,871.05,INR,2026-08-13T07:26:05+00:00,dev_fingerprint_0553,192.168.142.40,"Ahmedabad, IN",pm_tok_synthetic_00402,291,4,0,2,1,0,NONE
tx_legit_006795,usr_norm_1655,merch_razorpay_002,671.25,INR,2026-08-13T07:31:14+00:00,dev_fingerprint_0368,192.168.17.107,"Kolkata, IN",pm_tok_synthetic_02086,464,1,0,2,3,0,NONE
tx_legit_009006,usr_norm_0861,merch_razorpay_032,567.58,INR,2026-08-13T07:37:49+00:00,dev_fingerprint_1228,192.168.122.157,"Pune, IN",pm_tok_synthetic_01309,727,1,0,1,3,0,NONE
tx_legit_000355,usr_norm_1911,merch_razorpay_033,227.63,INR,2026-08-13T07:39:07+00:00,dev_fingerprint_0358,192.168.167.70,"Hyderabad, IN",pm_tok_synthetic_01892,757,1,0,1,2,0,NONE
tx_fraud_000136,usr_fraud_ringA_010,merch_razorpay_028,10321.04,INR,2026-08-13T07:39:20+00:00,dev_fraud_ring_A_0,198.51.100.73,"Hyderabad, IN",pm_tok_ringA_001,10,10,2,18,5,1,DEVICE_SHARING_RING
tx_legit_007868,usr_norm_1238,merch_razorpay_017,192.9,INR,2026-08-13T07:39:30+00:00,dev_fingerprint_0762,192.168.85.160,"Bengaluru, IN",pm_tok_synthetic_01640,316,2,0,1,2,0,NONE
tx_legit_004817,usr_norm_1771,merch_razorpay_010,314.33,INR,2026-08-13T07:43:31+00:00,dev_fingerprint_0083,192.168.137.197,"Hyderabad, IN",pm_tok_synthetic_00409,840,1,0,1,1,0,NONE
tx_legit_007639,usr_norm_1675,merch_razorpay_021,514.22,INR,2026-08-13T07:45:25+00:00,dev_fingerprint_0125,192.168.113.88,"Mumbai, IN",pm_tok_synthetic_01938,622,1,1,1,1,0,NONE
tx_legit_007582,usr_norm_1022,merch_razorpay_002,189.77,INR,2026-08-13T07:53:51+00:00,dev_fingerprint_0355,192.168.133.93,"Kolkata, IN",pm_tok_synthetic_02104,152,3,0,1,1,0,NONE
tx_legit_001411,usr_norm_0142,merch_razorpay_035,1325.64,INR,2026-08-13T08:00:08+00:00,dev_fingerprint_0849,192.168.166.19,"Bengaluru, IN",pm_tok_synthetic_01623,544,2,0,2,3,0,NONE
tx_legit_005239,usr_norm_1171,merch_razorpay_023,894.55,INR,2026-08-13T08:01:00+00:00,dev_fingerprint_0628,192.168.153.180,"Delhi, IN",pm_tok_synthetic_01410,822,1,0,1,1,0,NONE
tx_legit_001470,usr_norm_0095,merch_razorpay_035,832.36,INR,2026-08-13T08:02:04+00:00,dev_fingerprint_1838,192.168.246.167,"Pune, IN",pm_tok_synthetic_01574,503,2,0,2,1,0,NONE
tx_legit_000606,usr_norm_1246,merch_razorpay_016,1551.77,INR,2026-08-13T08:05:48+00:00,dev_fingerprint_1475,10.0.214.152,"Chennai, IN",pm_tok_synthetic_01993,337,1,0,1,1,0,NONE
tx_legit_004477,usr_norm_0926,merch_razorpay_031,983.36,INR,2026-08-13T08:06:29+00:00,dev_fingerprint_1481,192.168.195.141,"Mumbai, IN",pm_tok_synthetic_00414,292,1,0,1,1,0,NONE
tx_legit_000167,usr_norm_1274,merch_razorpay_041,432.29,INR,2026-08-13T08:08:25+00:00,dev_fingerprint_0318,192.168.131.127,"Delhi, IN",pm_tok_synthetic_01596,346,1,1,1,1,0,NONE
tx_legit_005880,usr_norm_1799,merch_razorpay_024,480.59,INR,2026-08-13T08:19:11+00:00,dev_fingerprint_0225,192.168.210.236,"Kolkata, IN",pm_tok_synthetic_00932,130,3,0,1,1,0,NONE
tx_legit_006305,usr_norm_1627,merch_razorpay_033,646.4,INR,2026-08-13T08:20:39+00:00,dev_fingerprint_0142,192.168.85.91,"Bengaluru, IN",pm_tok_synthetic_00445,731,1,0,2,1,0,NONE
tx_legit_006407,usr_norm_0262,merch_razorpay_013,1064.24,INR,2026-08-13T08:23:21+00:00,dev_fingerprint_0591,192.168.102.227,"Pune, IN",pm_tok_synthetic_01582,546,1,0,1,1,0,NONE
tx_legit_005154,usr_norm_1481,merch_razorpay_047,326.9,INR,2026-08-13T08:26:32+00:00,dev_fingerprint_0845,192.168.21.218,"Kolkata, IN",pm_tok_synthetic_00830,805,1,0,2,4,0,NONE
tx_legit_009185,usr_norm_1728,merch_razorpay_038,204.39,INR,2026-08-13T08:30:53+00:00,dev_fingerprint_0149,192.168.225.184,"Delhi, IN",pm_tok_synthetic_02340,775,1,0,1,1,0,NONE
tx_legit_000540,usr_norm_1688,merch_razorpay_007,520.79,INR,2026-08-13T08:46:01+00:00,dev_fingerprint_0845,192.168.203.219,"Mumbai, IN",pm_tok_synthetic_01569,273,3,0,1,1,0,NONE
tx_fraud_000140,usr_fraud_ringA_014,merch_razorpay_008,8323.61,INR,2026-08-13T08:50:07+00:00,dev_fraud_ring_A_4,198.51.100.78,"Mumbai, IN",pm_tok_ringA_005,11,4,3,17,2,1,DEVICE_SHARING_RING
tx_legit_008701,usr_norm_1980,merch_razorpay_020,486.63,INR,2026-08-13T08:57:09+00:00,dev_fingerprint_0671,192.168.98.84,"Chennai, IN",pm_tok_synthetic_00473,424,1,0,1,1,0,NONE
tx_legit_000945,usr_norm_1175,merch_razorpay_035,238.97,INR,2026-08-13T08:59:30+00:00,dev_fingerprint_0439,192.168.11.194,"Ahmedabad, IN",pm_tok_synthetic_01640,834,1,0,2,1,0,NONE
tx_legit_006114,usr_norm_1847,merch_razorpay_032,877.5,INR,2026-08-13T09:15:38+00:00,dev_fingerprint_0722,10.0.87.24,"Pune, IN",pm_tok_synthetic_01095,545,1,0,2,1,0,NONE
tx_legit_001224,usr_norm_1825,merch_razorpay_017,143.92,INR,2026-08-13T09:15:57+00:00,dev_fingerprint_1616,192.168.113.21,"Ahmedabad, IN",pm_tok_synthetic_01665,253,2,0,1,1,0,NONE
tx_legit_007256,usr_norm_1577,merch_razorpay_040,1156.59,INR,2026-08-13T09:30:26+00:00,dev_fingerprint_1072,192.168.250.205,"Hyderabad, IN",pm_tok_synthetic_01340,176,1,0,1,4,0,NONE
tx_fraud_000022,usr_fraud_ringA_021,merch_razorpay_014,10438.53,INR,2026-08-13T09:35:07+00:00,dev_fraud_ring_A_4,198.51.100.46,"Bengaluru, IN",pm_tok_ringA_001,6,9,3,17,2,1,DEVICE_SHARING_RING
tx_legit_009132,usr_norm_1143,merch_razorpay_025,1329.71,INR,2026-08-13T09:38:08+00:00,dev_fingerprint_1483,192.168.236.74,"Ahmedabad, IN",pm_tok_synthetic_01403,494,3,0,1,2,0,NONE
tx_legit_003338,usr_norm_1954,merch_razorpay_028,403.35,INR,2026-08-13T09:41:46+00:00,dev_fingerprint_0870,192.168.70.129,"Mumbai, IN",pm_tok_synthetic_00457,109,1,2,3,1,0,NONE
tx_legit_002736,usr_norm_1920,merch_razorpay_011,410.1,INR,2026-08-13T09:49:57+00:00,dev_fingerprint_0367,192.168.119.47,"Kolkata, IN",pm_tok_synthetic_01002,59,1,0,1,3,0,NONE
tx_legit_006708,usr_norm_0130,merch_razorpay_030,463.1,INR,2026-08-13T09:51:09+00:00,dev_fingerprint_0960,192.168.139.225,"Ahmedabad, IN",pm_tok_synthetic_00794,406,2,0,2,1,0,NONE
tx_legit_001783,usr_norm_0271,merch_razorpay_011,1173.06,INR,2026-08-13T09:53:57+00:00,dev_fingerprint_1241,192.168.232.161,"Kolkata, IN",pm_tok_synthetic_02111,173,1,1,1,1,0,NONE
tx_fraud_000249,usr_fraud_burstB_028,merch_razorpay_033,2184.56,INR,2026-08-13T09:54:20+00:00,dev_fraud_burstB_001,203.0.113.102,"Ahmedabad, IN",pm_tok_burstB_004,18,24,4,2,21,1,SHARED_IP_BURST
tx_legit_004013,usr_norm_0197,merch_razorpay_019,677.09,INR,2026-08-13T10:00:09+00:00,dev_fingerprint_1239,192.168.57.2,"Mumbai, IN",pm_tok_synthetic_01842,409,1,0,1,4,0,NONE
tx_fraud_000621,usr_fraud_anomD_140,merch_razorpay_030,73217.48,INR,2026-08-13T10:03:45+00:00,dev_anomD_140,192.0.2.244,Unknown / VPN Node,pm_tok_anomD_140,6,8,5,3,4,1,BEHAVIORAL_ANOMALY
tx_legit_004523,usr_norm_1543,merch_razorpay_005,643.74,INR,2026-08-13T10:07:59+00:00,dev_fingerprint_0368,10.0.127.41,"Kolkata, IN",pm_tok_synthetic_02496,268,1,0,1,1,0,NONE
tx_legit_005386,usr_norm_1688,merch_razorpay_039,1272.41,INR,2026-08-13T10:11:24+00:00,dev_fingerprint_1706,192.168.203.219,"Kolkata, IN",pm_tok_synthetic_01867,273,1,0,1,1,0,NONE
tx_legit_004616,usr_norm_1216,merch_razorpay_005,793.35,INR,2026-08-13T10:19:48+00:00,dev_fingerprint_1399,10.0.118.210,"Ahmedabad, IN",pm_tok_synthetic_00778,540,1,0,1,1,0,NONE
tx_legit_000405,usr_norm_1949,merch_razorpay_034,548.13,INR,2026-08-13T10:20:44+00:00,dev_fingerprint_1071,192.168.142.38,"Bengaluru, IN",pm_tok_synthetic_01401,206,2,0,2,3,0,NONE
tx_legit_003495,usr_norm_1216,merch_razorpay_046,302.85,INR,2026-08-13T10:21:39+00:00,dev_fingerprint_1399,192.168.150.98,"Kolkata, IN",pm_tok_synthetic_00778,540,2,1,1,1,0,NONE
tx_legit_003344,usr_norm_1048,merch_razorpay_008,774.46,INR,2026-08-13T10:22:11+00:00,dev_fingerprint_1372,192.168.113.88,"Hyderabad, IN",pm_tok_synthetic_00873,731,1,0,1,3,0,NONE
tx_legit_001240,usr_norm_0195,merch_razorpay_026,218.7,INR,2026-08-13T10:22:18+00:00,dev_fingerprint_0483,192.168.222.39,"Ahmedabad, IN",pm_tok_synthetic_01500,400,1,0,1,1,0,NONE
tx_legit_008667,usr_norm_0651,merch_razorpay_031,546.12,INR,2026-08-13T10:23:47+00:00,dev_fingerprint_0538,192.168.209.126,"Chennai, IN",pm_tok_synthetic_02361,672,2,0,1,1,0,NONE
tx_legit_004375,usr_norm_1324,merch_razorpay_036,455.25,INR,2026-08-13T10:24:05+00:00,dev_fingerprint_0738,10.0.135.221,"Delhi, IN",pm_tok_synthetic_00213,712,1,0,2,1,0,NONE
tx_legit_003636,usr_norm_0484,merch_razorpay_017,607.26,INR,2026-08-13T10:28:48+00:00,dev_fingerprint_1542,192.168.126.27,"Ahmedabad, IN",pm_tok_synthetic_02030,638,1,0,1,1,0,NONE
tx_legit_000012,usr_norm_0891,merch_razorpay_026,1477.71,INR,2026-08-13T10:46:55+00:00,dev_fingerprint_1496,10.0.234.17,"Chennai, IN",pm_tok_synthetic_00057,359,1,0,1,1,0,NONE
tx_legit_003087,usr_norm_1882,merch_razorpay_037,851.09,INR,2026-08-13T10:56:01+00:00,dev_fingerprint_0319,10.0.211.149,"Delhi, IN",pm_tok_synthetic_02237,549,1,0,1,1,0,NONE
tx_legit_002124,usr_norm_1509,merch_razorpay_006,265.14,INR,2026-08-13T10:56:54+00:00,dev_fingerprint_0349,192.168.192.223,"Pune, IN",pm_tok_synthetic_01372,609,2,0,1,1,0,NONE
tx_legit_007132,usr_norm_1011,merch_razorpay_017,501.5,INR,2026-08-13T11:09:08+00:00,dev_fingerprint_0926,192.168.88.29,"Bengaluru, IN",pm_tok_synthetic_02301,259,1,1,1,1,0,NONE
tx_fraud_000057,usr_fraud_ringA_006,merch_razorpay_013,3166.54,INR,2026-08-13T11:09:27+00:00,dev_fraud_ring_A_0,198.51.100.68,"Pune, IN",pm_tok_ringA_009,4,12,1,11,6,1,DEVICE_SHARING_RING
tx_legit_006621,usr_norm_1707,merch_razorpay_030,212.65,INR,2026-08-13T11:09:54+00:00,dev_fingerprint_0139,192.168.7.144,"Bengaluru, IN",pm_tok_synthetic_01684,130,1,0,1,2,0,NONE
tx_legit_000382,usr_norm_0782,merch_razorpay_040,448.02,INR,2026-08-13T11:15:40+00:00,dev_fingerprint_0111,192.168.172.51,"Chennai, IN",pm_tok_synthetic_00015,467,1,0,1,3,0,NONE
tx_legit_006246,usr_norm_0255,merch_razorpay_008,775.84,INR,2026-08-13T11:16:17+00:00,dev_fingerprint_0576,192.168.55.117,"Hyderabad, IN",pm_tok_synthetic_02447,893,1,0,1,1,0,NONE
tx_legit_007905,usr_norm_0855,merch_razorpay_004,323.12,INR,2026-08-13T11:18:15+00:00,dev_fingerprint_0766,192.168.212.188,"Bengaluru, IN",pm_tok_synthetic_02432,653,1,0,1,1,0,NONE
tx_legit_003824,usr_norm_1235,merch_razorpay_011,732.38,INR,2026-08-13T11:20:37+00:00,dev_fingerprint_0485,192.168.155.54,"Chennai, IN",pm_tok_synthetic_01930,657,1,0,1,1,0,NONE
tx_legit_003140,usr_norm_1452,merch_razorpay_039,1896.57,INR,2026-08-13T11:26:53+00:00,dev_fingerprint_1026,192.168.217.14,"Bengaluru, IN",pm_tok_synthetic_00253,670,2,0,3,1,0,NONE
tx_legit_004474,usr_norm_0796,merch_razorpay_035,238.48,INR,2026-08-13T11:28:41+00:00,dev_fingerprint_0792,192.168.137.98,"Bengaluru, IN",pm_tok_synthetic_01866,458,1,0,1,3,0,NONE
tx_legit_001991,usr_norm_1962,merch_razorpay_000,1065.34,INR,2026-08-13T11:39:55+00:00,dev_fingerprint_1203,192.168.192.107,"Pune, IN",pm_tok_synthetic_00819,219,1,0,1,1,0,NONE
tx_legit_006979,usr_norm_1331,merch_razorpay_024,428.67,INR,2026-08-13T11:41:16+00:00,dev_fingerprint_0183,192.168.68.34,"Ahmedabad, IN",pm_tok_synthetic_00645,541,1,0,1,1,0,NONE
tx_legit_008925,usr_norm_0679,merch_razorpay_028,2025.12,INR,2026-08-13T11:42:30+00:00,dev_fingerprint_0122,10.0.106.81,"Delhi, IN",pm_tok_synthetic_00583,758,1,0,1,1,0,NONE
tx_legit_002086,usr_norm_0494,merch_razorpay_040,483.23,INR,2026-08-13T11:43:26+00:00,dev_fingerprint_1566,192.168.210.236,"Hyderabad, IN",pm_tok_synthetic_01540,317,1,0,1,1,0,NONE
tx_legit_006836,usr_norm_0902,merch_razorpay_017,562.25,INR,2026-08-13T11:47:50+00:00,dev_fingerprint_1489,192.168.209.18,"Mumbai, IN",pm_tok_synthetic_00865,781,1,0,1,1,0,NONE
tx_fraud_000206,usr_fraud_burstB_015,merch_razorpay_007,3855.86,INR,2026-08-13T11:50:07+00:00,dev_fraud_burstB_015,203.0.113.102,"Mumbai, IN",pm_tok_burstB_007,26,13,3,3,25,1,SHARED_IP_BURST
tx_legit_007782,usr_norm_1874,merch_razorpay_006,1364.82,INR,2026-08-13T11:53:09+00:00,dev_fingerprint_0487,192.168.42.139,"Ahmedabad, IN",pm_tok_synthetic_00168,354,1,0,1,1,0,NONE
tx_fraud_000345,usr_fraud_reuseC_004,merch_razorpay_009,21592.15,INR,2026-08-13T11:54:45+00:00,dev_reuseC_010,198.51.100.108,"Mumbai, IN",pm_tok_stolen_C_005,4,7,3,4,5,1,PAYMENT_REF_REUSE
tx_legit_006890,usr_norm_0551,merch_razorpay_047,1328.29,INR,2026-08-13T12:02:20+00:00,dev_fingerprint_0109,192.168.51.99,"Pune, IN",pm_tok_synthetic_01470,39,1,0,2,2,0,NONE
tx_legit_007426,usr_norm_0726,merch_razorpay_000,432.02,INR,2026-08-13T12:02:24+00:00,dev_fingerprint_0575,10.0.230.29,"Kolkata, IN",pm_tok_synthetic_01932,572,3,0,1,1,0,NONE
tx_legit_007800,usr_norm_0811,merch_razorpay_031,421.17,INR,2026-08-13T12:03:53+00:00,dev_fingerprint_0859,192.168.216.164,"Bengaluru, IN",pm_tok_synthetic_01697,183,1,0,2,2,0,NONE
tx_legit_008435,usr_norm_1217,merch_razorpay_012,397.17,INR,2026-08-13T12:08:05+00:00,dev_fingerprint_0408,10.0.178.224,"Delhi, IN",pm_tok_synthetic_00991,301,1,0,1,1,0,NONE
tx_legit_004631,usr_norm_1669,merch_razorpay_005,643.38,INR,2026-08-13T12:13:12+00:00,dev_fingerprint_1847,192.168.166.19,"Kolkata, IN",pm_tok_synthetic_01407,577,1,0,1,1,0,NONE
tx_legit_007899,usr_norm_1495,merch_razorpay_012,636.19,INR,2026-08-13T12:15:30+00:00,dev_fingerprint_1058,192.168.139.225,"Hyderabad, IN",pm_tok_synthetic_00582,504,1,0,1,1,0,NONE
tx_legit_005413,usr_norm_0116,merch_razorpay_046,620.74,INR,2026-08-13T12:17:51+00:00,dev_fingerprint_1561,192.168.19.176,"Hyderabad, IN",pm_tok_synthetic_01734,550,1,1,1,2,0,NONE
tx_legit_003998,usr_norm_1888,merch_razorpay_021,5614.05,INR,2026-08-13T12:26:22+00:00,dev_fingerprint_1388,192.168.229.213,"Hyderabad, IN",pm_tok_synthetic_00478,345,1,0,1,3,0,NONE
tx_legit_008480,usr_norm_0923,merch_razorpay_015,616.3,INR,2026-08-13T12:27:46+00:00,dev_fingerprint_0182,192.168.234.70,"Ahmedabad, IN",pm_tok_synthetic_00138,885,1,0,1,1,0,NONE
tx_legit_008186,usr_norm_1075,merch_razorpay_040,253.01,INR,2026-08-13T12:28:17+00:00,dev_fingerprint_0329,192.168.109.47,"Ahmedabad, IN",pm_tok_synthetic_00904,661,1,0,2,4,0,NONE
tx_legit_000309,usr_norm_0446,merch_razorpay_039,1303.5,INR,2026-08-13T12:35:59+00:00,dev_fingerprint_0195,192.168.80.202,"Pune, IN",pm_tok_synthetic_02163,73,2,0,2,1,0,NONE
tx_legit_006819,usr_norm_0701,merch_razorpay_047,437.46,INR,2026-08-13T12:50:26+00:00,dev_fingerprint_1528,192.168.239.90,"Pune, IN",pm_tok_synthetic_00387,503,1,0,3,1,0,NONE
tx_fraud_000336,usr_fraud_reuseC_015,merch_razorpay_002,12537.84,INR,2026-08-13T12:50:52+00:00,dev_reuseC_016,198.51.100.109,"Delhi, IN",pm_tok_stolen_C_004,0,8,0,4,6,1,PAYMENT_REF_REUSE
tx_legit_002065,usr_norm_0478,merch_razorpay_038,300.32,INR,2026-08-13T12:52:12+00:00,dev_fingerprint_1171,192.168.247.192,"Ahmedabad, IN",pm_tok_synthetic_00694,731,1,0,1,1,0,NONE
tx_legit_008579,usr_norm_0978,merch_razorpay_036,295.6,INR,2026-08-13T12:52:22+00:00,dev_fingerprint_0520,192.168.251.195,"Bengaluru, IN",pm_tok_synthetic_01336,222,2,0,2,2,0,NONE
tx_legit_000961,usr_norm_1259,merch_razorpay_003,327.1,INR,2026-08-13T12:58:19+00:00,dev_fingerprint_1293,192.168.187.40,"Mumbai, IN",pm_tok_synthetic_00593,201,1,0,1,2,0,NONE
tx_legit_003089,usr_norm_0472,merch_razorpay_024,252.42,INR,2026-08-13T13:17:07+00:00,dev_fingerprint_1136,192.168.160.40,"Pune, IN",pm_tok_synthetic_01671,135,1,0,1,1,0,NONE
tx_legit_001684,usr_norm_1121,merch_razorpay_044,945.16,INR,2026-08-13T13:23:28+00:00,dev_fingerprint_1531,192.168.148.49,"Mumbai, IN",pm_tok_synthetic_01413,528,1,0,1,1,0,NONE
tx_legit_003903,usr_norm_0534,merch_razorpay_017,501.94,INR,2026-08-13T13:23:54+00:00,dev_fingerprint_1441,192.168.223.168,"Pune, IN",pm_tok_synthetic_00256,621,1,0,2,1,0,NONE
tx_legit_007988,usr_norm_0241,merch_razorpay_022,820.51,INR,2026-08-13T13:30:33+00:00,dev_fingerprint_0417,192.168.241.8,"Chennai, IN",pm_tok_synthetic_02484,177,2,0,1,1,0,NONE
tx_legit_000194,usr_norm_0007,merch_razorpay_032,500.9,INR,2026-08-13T13:33:51+00:00,dev_fingerprint_0266,192.168.145.201,"Ahmedabad, IN",pm_tok_synthetic_01026,847,1,0,1,1,0,NONE
tx_fraud_000062,usr_fraud_ringA_011,merch_razorpay_016,6822.42,INR,2026-08-13T13:40:17+00:00,dev_fraud_ring_A_4,198.51.100.53,"Delhi, IN",pm_tok_ringA_010,13,7,3,16,5,1,DEVICE_SHARING_RING
tx_legit_002523,usr_norm_0189,merch_razorpay_035,83.67,INR,2026-08-13T13:41:33+00:00,dev_fingerprint_1488,192.168.92.148,"Hyderabad, IN",pm_tok_synthetic_01444,659,1,1,1,1,0,NONE
tx_legit_001093,usr_norm_0456,merch_razorpay_012,134.85,INR,2026-08-13T13:43:40+00:00,dev_fingerprint_0286,192.168.106.12,"Kolkata, IN",pm_tok_synthetic_00321,542,1,0,1,1,0,NONE
tx_legit_002340,usr_norm_1335,merch_razorpay_007,409.99,INR,2026-08-13T13:43:47+00:00,dev_fingerprint_0219,192.168.207.79,"Mumbai, IN",pm_tok_synthetic_01998,268,1,0,2,4,0,NONE
tx_legit_006330,usr_norm_1765,merch_razorpay_001,518.63,INR,2026-08-13T13:52:28+00:00,dev_fingerprint_1401,192.168.67.88,"Delhi, IN",pm_tok_synthetic_02235,170,1,0,1,3,0,NONE
tx_legit_001460,usr_norm_1090,merch_razorpay_045,307.27,INR,2026-08-13T13:53:30+00:00,dev_fingerprint_0736,192.168.33.33,"Mumbai, IN",pm_tok_synthetic_01358,521,1,0,1,1,0,NONE
tx_legit_003680,usr_norm_0531,merch_razorpay_038,397.34,INR,2026-08-13T13:56:11+00:00,dev_fingerprint_0059,192.168.114.195,"Ahmedabad, IN",pm_tok_synthetic_00808,490,1,0,2,3,0,NONE
tx_legit_005673,usr_norm_1946,merch_razorpay_047,363.05,INR,2026-08-13T13:58:09+00:00,dev_fingerprint_0238,10.0.31.22,"Ahmedabad, IN",pm_tok_synthetic_00537,47,1,0,1,2,0,NONE
tx_fraud_000592,usr_fraud_anomD_111,merch_razorpay_021,48342.97,INR,2026-08-13T14:08:13+00:00,dev_anomD_111,192.0.2.246,Unknown / VPN Node,pm_tok_anomD_111,2,15,3,3,3,1,BEHAVIORAL_ANOMALY
tx_legit_000141,usr_norm_0405,merch_razorpay_036,101.29,INR,2026-08-13T14:10:00+00:00,dev_fingerprint_1424,192.168.31.191,"Hyderabad, IN",pm_tok_synthetic_00837,436,4,0,1,3,0,NONE
tx_legit_000228,usr_norm_0171,merch_razorpay_045,1259.2,INR,2026-08-13T14:16:40+00:00,dev_fingerprint_0276,192.168.216.197,"Ahmedabad, IN",pm_tok_synthetic_01874,67,1,0,2,1,0,NONE
tx_legit_007811,usr_norm_1296,merch_razorpay_016,1103.3,INR,2026-08-13T14:22:43+00:00,dev_fingerprint_1500,192.168.41.15,"Mumbai, IN",pm_tok_synthetic_01077,111,1,0,1,2,0,NONE
tx_legit_000644,usr_norm_0492,merch_razorpay_034,324.47,INR,2026-08-13T14:31:25+00:00,dev_fingerprint_1760,10.0.140.227,"Bengaluru, IN",pm_tok_synthetic_01307,328,1,0,1,1,0,NONE
tx_legit_009192,usr_norm_0403,merch_razorpay_049,293.18,INR,2026-08-13T14:38:40+00:00,dev_fingerprint_0031,192.168.76.56,"Ahmedabad, IN",pm_tok_synthetic_00778,789,1,1,1,2,0,NONE
tx_legit_008548,usr_norm_0549,merch_razorpay_012,267.18,INR,2026-08-13T14:39:16+00:00,dev_fingerprint_0341,192.168.165.110,"Ahmedabad, IN",pm_tok_synthetic_01183,173,1,1,1,2,0,NONE
tx_legit_006140,usr_norm_1927,merch_razorpay_025,414.09,INR,2026-08-13T14:40:01+00:00,dev_fingerprint_1191,10.0.155.43,"Bengaluru, IN",pm_tok_synthetic_00598,357,1,0,1,1,0,NONE
tx_legit_006198,usr_norm_0855,merch_razorpay_028,501.44,INR,2026-08-13T14:46:23+00:00,dev_fingerprint_0766,192.168.212.188,"Delhi, IN",pm_tok_synthetic_02432,653,1,0,1,2,0,NONE
tx_legit_002351,usr_norm_0003,merch_razorpay_026,878.66,INR,2026-08-13T14:54:57+00:00,dev_fingerprint_1156,192.168.74.109,"Ahmedabad, IN",pm_tok_synthetic_00281,879,1,0,1,1,0,NONE
tx_fraud_000163,usr_fraud_burstB_002,merch_razorpay_009,4227.5,INR,2026-08-13T14:56:45+00:00,dev_fraud_burstB_024,203.0.113.104,"Bengaluru, IN",pm_tok_burstB_001,17,18,2,4,13,1,SHARED_IP_BURST
tx_legit_008378,usr_norm_0731,merch_razorpay_010,335.79,INR,2026-08-13T15:01:29+00:00,dev_fingerprint_0795,10.0.10.189,"Ahmedabad, IN",pm_tok_synthetic_00711,210,1,0,2,1,0,NONE
tx_legit_006565,usr_norm_1098,merch_razorpay_018,320.22,INR,2026-08-13T15:02:19+00:00,dev_fingerprint_1191,192.168.226.71,"Kolkata, IN",pm_tok_synthetic_01659,817,2,0,1,1,0,NONE
tx_legit_008394,usr_norm_0118,merch_razorpay_023,470.53,INR,2026-08-13T15:15:33+00:00,dev_fingerprint_0369,192.168.100.117,"Kolkata, IN",pm_tok_synthetic_00877,379,1,0,1,1,0,NONE
tx_legit_007203,usr_norm_0528,merch_razorpay_027,371.69,INR,2026-08-13T15:15:48+00:00,dev_fingerprint_1146,192.168.171.136,"Chennai, IN",pm_tok_synthetic_01892,267,3,0,1,1,0,NONE
tx_fraud_000252,usr_fraud_burstB_001,merch_razorpay_035,2350.96,INR,2026-08-13T15:23:07+00:00,dev_fraud_burstB_039,203.0.113.104,"Kolkata, IN",pm_tok_burstB_013,23,22,6,1,33,1,SHARED_IP_BURST
tx_legit_002943,usr_norm_1032,merch_razorpay_002,657.77,INR,2026-08-13T15:25:18+00:00,dev_fingerprint_1034,192.168.19.132,"Chennai, IN",pm_tok_synthetic_01703,586,1,0,3,1,0,NONE
tx_legit_003015,usr_norm_0779,merch_razorpay_016,825.47,INR,2026-08-13T15:28:04+00:00,dev_fingerprint_1352,192.168.164.251,"Ahmedabad, IN",pm_tok_synthetic_01218,273,2,0,2,2,0,NONE
tx_legit_004249,usr_norm_1098,merch_razorpay_041,867.64,INR,2026-08-13T15:38:16+00:00,dev_fingerprint_1191,192.168.226.71,"Kolkata, IN",pm_tok_synthetic_01659,817,1,0,1,1,0,NONE
tx_legit_002908,usr_norm_1340,merch_razorpay_040,471.73,INR,2026-08-13T15:44:47+00:00,dev_fingerprint_1924,192.168.122.116,"Ahmedabad, IN",pm_tok_synthetic_02289,331,1,0,2,1,0,NONE
tx_legit_000418,usr_norm_0308,merch_razorpay_028,312.32,INR,2026-08-13T15:45:35+00:00,dev_fingerprint_0846,192.168.7.169,"Hyderabad, IN",pm_tok_synthetic_01934,132,1,0,1,1,0,NONE
tx_legit_005814,usr_norm_0023,merch_razorpay_039,402.63,INR,2026-08-13T15:45:50+00:00,dev_fingerprint_1458,10.0.117.251,"Pune, IN",pm_tok_synthetic_01560,641,1,0,1,1,0,NONE
tx_legit_006794,usr_norm_1053,merch_razorpay_045,726.9,INR,2026-08-13T15:48:15+00:00,dev_fingerprint_0179,192.168.102.227,"Bengaluru, IN",pm_tok_synthetic_00222,212,1,0,1,2,0,NONE
tx_legit_001432,usr_norm_1490,merch_razorpay_046,326.66,INR,2026-08-13T15:48:24+00:00,dev_fingerprint_1101,192.168.86.24,"Kolkata, IN",pm_tok_synthetic_00160,601,1,0,1,1,0,NONE
tx_legit_008889,usr_norm_1691,merch_razorpay_019,893.67,INR,2026-08-13T15:52:38+00:00,dev_fingerprint_1315,192.168.35.68,"Chennai, IN",pm_tok_synthetic_00475,83,2,1,3,1,0,NONE
tx_legit_003782,usr_norm_1665,merch_razorpay_005,566.29,INR,2026-08-13T16:04:05+00:00,dev_fingerprint_0572,192.168.98.123,"Hyderabad, IN",pm_tok_synthetic_02117,110,1,0,1,1,0,NONE
tx_legit_003768,usr_norm_1279,merch_razorpay_026,640.15,INR,2026-08-13T16:08:12+00:00,dev_fingerprint_0956,192.168.243.218,"Pune, IN",pm_tok_synthetic_02214,308,1,0,2,1,0,NONE
tx_legit_006799,usr_norm_1663,merch_razorpay_025,2435.27,INR,2026-08-13T16:12:04+00:00,dev_fingerprint_1188,192.168.43.216,"Pune, IN",pm_tok_synthetic_00327,175,1,0,1,1,0,NONE
tx_legit_008695,usr_norm_0775,merch_razorpay_012,315.05,INR,2026-08-13T16:13:18+00:00,dev_fingerprint_1338,192.168.240.226,"Delhi, IN",pm_tok_synthetic_02487,474,1,0,1,1,0,NONE
tx_fraud_000354,usr_fraud_reuseC_013,merch_razorpay_045,21684.59,INR,2026-08-13T16:19:43+00:00,dev_reuseC_016,198.51.100.160,"Kolkata, IN",pm_tok_stolen_C_003,0,4,2,5,4,1,PAYMENT_REF_REUSE
tx_legit_003075,usr_norm_1200,merch_razorpay_049,305.36,INR,2026-08-13T16:29:57+00:00,dev_fingerprint_1144,192.168.168.128,"Ahmedabad, IN",pm_tok_synthetic_02060,331,2,0,2,2,0,NONE
tx_legit_007827,usr_norm_0172,merch_razorpay_038,777.59,INR,2026-08-13T16:34:58+00:00,dev_fingerprint_0600,192.168.1.253,"Bengaluru, IN",pm_tok_synthetic_00179,840,1,0,1,2,0,NONE
tx_legit_001855,usr_norm_1900,merch_razorpay_030,709.06,INR,2026-08-13T16:35:08+00:00,dev_fingerprint_0706,10.0.107.222,"Chennai, IN",pm_tok_synthetic_00675,486,1,0,1,3,0,NONE
tx_legit_009049,usr_norm_1460,merch_razorpay_012,672.33,INR,2026-08-13T16:35:08+00:00,dev_fingerprint_0919,192.168.137.110,"Ahmedabad, IN",pm_tok_synthetic_00539,241,1,0,1,1,0,NONE
tx_legit_008348,usr_norm_0258,merch_razorpay_035,359.12,INR,2026-08-13T16:41:25+00:00,dev_fingerprint_0274,192.168.74.199,"Chennai, IN",pm_tok_synthetic_01083,774,1,0,2,3,0,NONE
tx_fraud_000530,usr_fraud_anomD_049,merch_razorpay_032,49723.16,INR,2026-08-13T16:45:41+00:00,dev_anomD_049,192.0.2.61,Unknown / VPN Node,pm_tok_anomD_049,2,7,4,2,1,1,BEHAVIORAL_ANOMALY
tx_legit_003278,usr_norm_0160,merch_razorpay_041,396.12,INR,2026-08-13T16:55:36+00:00,dev_fingerprint_1368,192.168.24.194,"Ahmedabad, IN",pm_tok_synthetic_02144,399,1,0,1,1,0,NONE
tx_legit_001727,usr_norm_0580,merch_razorpay_044,441.44,INR,2026-08-13T16:59:04+00:00,dev_fingerprint_1182,192.168.241.221,"Ahmedabad, IN",pm_tok_synthetic_01100,672,3,0,1,2,0,NONE
tx_fraud_000214,usr_fraud_burstB_023,merch_razorpay_005,9754.74,INR,2026-08-13T17:02:20+00:00,dev_fraud_burstB_020,203.0.113.102,"Mumbai, IN",pm_tok_burstB_004,15,19,6,3,19,1,SHARED_IP_BURST
tx_legit_008195,usr_norm_1612,merch_razorpay_037,627.41,INR,2026-08-13T17:02:55+00:00,dev_fingerprint_1812,192.168.31.191,"Bengaluru, IN",pm_tok_synthetic_02353,160,1,0,1,1,0,NONE
tx_legit_005759,usr_norm_1414,merch_razorpay_014,205.06,INR,2026-08-13T17:08:53+00:00,dev_fingerprint_0174,10.0.109.76,"Chennai, IN",pm_tok_synthetic_02055,474,1,0,1,1,0,NONE
tx_legit_005950,usr_norm_0955,merch_razorpay_023,526.48,INR,2026-08-13T17:12:01+00:00,dev_fingerprint_0961,10.0.241.5,"Pune, IN",pm_tok_synthetic_02030,199,2,0,1,2,0,NONE
tx_legit_005549,usr_norm_1987,merch_razorpay_045,1842.36,INR,2026-08-13T17:18:09+00:00,dev_fingerprint_0215,192.168.86.24,"Kolkata, IN",pm_tok_synthetic_01794,565,2,0,1,2,0,NONE
tx_legit_004186,usr_norm_1403,merch_razorpay_008,407.1,INR,2026-08-13T17:20:06+00:00,dev_fingerprint_1336,192.168.234.150,"Delhi, IN",pm_tok_synthetic_02467,41,1,0,1,1,0,NONE
tx_legit_001735,usr_norm_0613,merch_razorpay_018,150.63,INR,2026-08-13T17:20:30+00:00,dev_fingerprint_1331,192.168.240.226,"Pune, IN",pm_tok_synthetic_01802,389,1,0,1,1,0,NONE
tx_legit_000928,usr_norm_0314,merch_razorpay_025,609.15,INR,2026-08-13T17:25:11+00:00,dev_fingerprint_0183,192.168.110.79,"Chennai, IN",pm_tok_synthetic_02351,267,1,0,1,1,0,NONE
tx_legit_001158,usr_norm_1816,merch_razorpay_000,417.3,INR,2026-08-13T17:35:33+00:00,dev_fingerprint_0947,192.168.71.12,"Bengaluru, IN",pm_tok_synthetic_00059,777,1,0,1,1,0,NONE
tx_legit_005637,usr_norm_0396,merch_razorpay_048,532.33,INR,2026-08-13T17:41:14+00:00,dev_fingerprint_0161,10.0.86.134,"Ahmedabad, IN",pm_tok_synthetic_01842,897,1,0,1,2,0,NONE
tx_legit_001112,usr_norm_0477,merch_razorpay_000,862.1,INR,2026-08-13T17:44:06+00:00,dev_fingerprint_0173,192.168.23.81,"Kolkata, IN",pm_tok_synthetic_02291,278,1,0,1,1,0,NONE
tx_legit_007402,usr_norm_1620,merch_razorpay_028,1744.03,INR,2026-08-13T17:46:47+00:00,dev_fingerprint_1421,192.168.104.178,"Bengaluru, IN",pm_tok_synthetic_01765,833,4,0,1,1,0,NONE
tx_legit_000877,usr_norm_1890,merch_razorpay_049,474.26,INR,2026-08-13T18:00:57+00:00,dev_fingerprint_0731,192.168.98.153,"Kolkata, IN",pm_tok_synthetic_01336,86,1,0,2,1,0,NONE
tx_legit_003002,usr_norm_1697,merch_razorpay_042,571.9,INR,2026-08-13T18:09:11+00:00,dev_fingerprint_1389,192.168.239.106,"Kolkata, IN",pm_tok_synthetic_02171,729,1,0,1,1,0,NONE
tx_legit_007646,usr_norm_0575,merch_razorpay_042,1180.54,INR,2026-08-13T18:11:25+00:00,dev_fingerprint_0195,10.0.215.216,"Hyderabad, IN",pm_tok_synthetic_01685,90,1,1,1,1,0,NONE
tx_legit_000709,usr_norm_1924,merch_razorpay_023,1426.04,INR,2026-08-13T18:14:30+00:00,dev_fingerprint_1286,192.168.236.74,"Mumbai, IN",pm_tok_synthetic_01949,740,3,1,1,1,0,NONE
tx_legit_004512,usr_norm_1022,merch_razorpay_018,2281.72,INR,2026-08-13T18:15:36+00:00,dev_fingerprint_0355,192.168.133.93,"Mumbai, IN",pm_tok_synthetic_02104,152,2,0,1,1,0,NONE
tx_legit_007536,usr_norm_0168,merch_razorpay_030,722.89,INR,2026-08-13T18:18:48+00:00,dev_fingerprint_0090,192.168.99.231,"Hyderabad, IN",pm_tok_synthetic_02236,376,2,0,1,1,0,NONE
tx_legit_006180,usr_norm_0726,merch_razorpay_039,1288.08,INR,2026-08-13T18:19:55+00:00,dev_fingerprint_0575,192.168.98.70,"Kolkata, IN",pm_tok_synthetic_01932,572,1,0,1,1,0,NONE
tx_legit_003039,usr_norm_0282,merch_razorpay_003,1242.4,INR,2026-08-13T18:21:15+00:00,dev_fingerprint_1476,192.168.71.12,"Kolkata, IN",pm_tok_synthetic_01557,181,2,0,1,2,0,NONE
tx_legit_006127,usr_norm_0807,merch_razorpay_021,203.99,INR,2026-08-13T18:28:13+00:00,dev_fingerprint_0794,192.168.167.70,"Mumbai, IN",pm_tok_synthetic_01627,595,2,0,1,1,0,NONE
tx_legit_002466,usr_norm_1424,merch_razorpay_036,625.59,INR,2026-08-13T18:28:47+00:00,dev_fingerprint_1664,192.168.49.25,"Kolkata, IN",pm_tok_synthetic_00404,661,1,0,2,1,0,NONE
tx_legit_003743,usr_norm_1414,merch_razorpay_015,911.46,INR,2026-08-13T18:36:13+00:00,dev_fingerprint_0174,192.168.173.80,"Ahmedabad, IN",pm_tok_synthetic_02055,474,1,0,1,1,0,NONE
tx_legit_006813,usr_norm_1993,merch_razorpay_037,481.05,INR,2026-08-13T19:05:19+00:00,dev_fingerprint_0476,192.168.76.92,"Kolkata, IN",pm_tok_synthetic_01739,772,1,0,2,2,0,NONE
tx_legit_008693,usr_norm_1420,merch_razorpay_035,394.9,INR,2026-08-13T19:06:51+00:00,dev_fingerprint_0880,192.168.220.121,"Bengaluru, IN",pm_tok_synthetic_02359,121,1,0,1,1,0,NONE
tx_legit_007080,usr_norm_1399,merch_razorpay_049,1304.89,INR,2026-08-13T19:08:54+00:00,dev_fingerprint_1496,192.168.37.105,"Kolkata, IN",pm_tok_synthetic_02360,420,1,0,1,2,0,NONE
tx_legit_007166,usr_norm_0781,merch_razorpay_016,571.23,INR,2026-08-13T19:16:47+00:00,dev_fingerprint_1125,192.168.38.63,"Bengaluru, IN",pm_tok_synthetic_02010,187,3,0,1,2,0,NONE
tx_legit_008412,usr_norm_0588,merch_razorpay_025,327.61,INR,2026-08-13T19:17:22+00:00,dev_fingerprint_1824,192.168.252.176,"Kolkata, IN",pm_tok_synthetic_01759,874,3,0,1,2,0,NONE
tx_legit_001515,usr_norm_1563,merch_razorpay_005,755.54,INR,2026-08-13T19:24:44+00:00,dev_fingerprint_1403,192.168.50.103,"Delhi, IN",pm_tok_synthetic_01448,97,1,0,2,2,0,NONE
tx_legit_004327,usr_norm_0791,merch_razorpay_010,341.71,INR,2026-08-13T19:32:41+00:00,dev_fingerprint_0900,192.168.98.123,"Bengaluru, IN",pm_tok_synthetic_01078,261,1,0,2,1,0,NONE
tx_legit_008729,usr_norm_1055,merch_razorpay_004,1070.82,INR,2026-08-13T19:34:58+00:00,dev_fingerprint_0466,192.168.124.248,"Chennai, IN",pm_tok_synthetic_01059,447,1,0,1,1,0,NONE
tx_legit_007379,usr_norm_0616,merch_razorpay_039,1440.01,INR,2026-08-13T19:37:33+00:00,dev_fingerprint_0177,192.168.149.94,"Mumbai, IN",pm_tok_synthetic_00411,173,1,0,1,2,0,NONE
tx_legit_005929,usr_norm_0492,merch_razorpay_027,405.8,INR,2026-08-13T19:41:12+00:00,dev_fingerprint_0815,192.168.252.176,"Mumbai, IN",pm_tok_synthetic_01307,328,1,0,1,2,0,NONE
tx_legit_003571,usr_norm_0706,merch_razorpay_008,449.35,INR,2026-08-13T19:44:09+00:00,dev_fingerprint_1200,192.168.3.171,"Delhi, IN",pm_tok_synthetic_00307,52,4,1,2,2,0,NONE
tx_legit_000618,usr_norm_0833,merch_razorpay_008,410.57,INR,2026-08-13T19:48:54+00:00,dev_fingerprint_0059,10.0.84.48,"Bengaluru, IN",pm_tok_synthetic_00789,882,2,0,1,1,0,NONE
tx_legit_002017,usr_norm_1902,merch_razorpay_049,328.05,INR,2026-08-13T19:55:03+00:00,dev_fingerprint_1598,192.168.74.113,"Chennai, IN",pm_tok_synthetic_01702,852,2,0,1,1,0,NONE
tx_legit_005716,usr_norm_0367,merch_razorpay_011,374.3,INR,2026-08-13T20:01:13+00:00,dev_fingerprint_0260,192.168.198.104,"Ahmedabad, IN",pm_tok_synthetic_00912,884,1,0,1,4,0,NONE
tx_legit_003225,usr_norm_1687,merch_razorpay_037,361.81,INR,2026-08-13T20:03:30+00:00,dev_fingerprint_0315,192.168.204.15,"Chennai, IN",pm_tok_synthetic_02031,800,1,0,1,1,0,NONE
tx_legit_001514,usr_norm_1051,merch_razorpay_042,153.52,INR,2026-08-13T20:04:03+00:00,dev_fingerprint_0147,192.168.205.62,"Kolkata, IN",pm_tok_synthetic_00629,54,1,0,1,1,0,NONE
tx_legit_001021,usr_norm_1293,merch_razorpay_025,576.09,INR,2026-08-13T20:10:02+00:00,dev_fingerprint_1677,192.168.221.220,"Bengaluru, IN",pm_tok_synthetic_01686,604,1,0,1,1,0,NONE
tx_legit_000991,usr_norm_1239,merch_razorpay_032,294.19,INR,2026-08-13T20:10:24+00:00,dev_fingerprint_0923,10.0.242.244,"Kolkata, IN",pm_tok_synthetic_02340,164,2,1,2,1,0,NONE
tx_legit_007563,usr_norm_1097,merch_razorpay_040,301.55,INR,2026-08-13T20:11:45+00:00,dev_fingerprint_1038,192.168.14.65,"Chennai, IN",pm_tok_synthetic_00127,862,1,0,1,1,0,NONE
tx_legit_006723,usr_norm_0876,merch_razorpay_018,704.47,INR,2026-08-13T20:12:03+00:00,dev_fingerprint_0241,192.168.245.214,"Hyderabad, IN",pm_tok_synthetic_00219,679,1,0,1,3,0,NONE
tx_legit_002033,usr_norm_1140,merch_razorpay_027,979.36,INR,2026-08-13T20:16:33+00:00,dev_fingerprint_0841,192.168.65.60,"Bengaluru, IN",pm_tok_synthetic_00584,843,1,0,1,2,0,NONE
tx_legit_004145,usr_norm_1834,merch_razorpay_045,840.14,INR,2026-08-13T20:19:27+00:00,dev_fingerprint_1414,192.168.85.72,"Kolkata, IN",pm_tok_synthetic_02174,63,3,1,2,5,0,NONE
tx_fraud_000041,usr_fraud_ringA_015,merch_razorpay_006,15738.41,INR,2026-08-13T20:21:35+00:00,dev_fraud_ring_A_3,198.51.100.26,"Pune, IN",pm_tok_ringA_001,7,10,3,11,4,1,DEVICE_SHARING_RING
tx_legit_002519,usr_norm_1362,merch_razorpay_000,151.85,INR,2026-08-13T20:22:23+00:00,dev_fingerprint_1470,192.168.225.184,"Ahmedabad, IN",pm_tok_synthetic_00053,243,1,0,1,2,0,NONE
tx_legit_006499,usr_norm_0526,merch_razorpay_028,231.07,INR,2026-08-13T20:26:19+00:00,dev_fingerprint_0336,192.168.150.98,"Ahmedabad, IN",pm_tok_synthetic_00999,558,4,0,1,1,0,NONE
tx_legit_006702,usr_norm_1520,merch_razorpay_014,979.31,INR,2026-08-13T20:30:31+00:00,dev_fingerprint_0569,192.168.71.12,"Ahmedabad, IN",pm_tok_synthetic_02283,869,1,1,2,1,0,NONE
tx_legit_007743,usr_norm_0584,merch_razorpay_008,807.76,INR,2026-08-13T20:34:27+00:00,dev_fingerprint_1922,192.168.17.107,"Ahmedabad, IN",pm_tok_synthetic_01999,365,2,0,1,4,0,NONE
tx_legit_002142,usr_norm_0065,merch_razorpay_045,86.28,INR,2026-08-13T20:43:12+00:00,dev_fingerprint_0881,192.168.173.168,"Bengaluru, IN",pm_tok_synthetic_00529,419,1,0,1,1,0,NONE
tx_legit_005782,usr_norm_1602,merch_razorpay_033,295.26,INR,2026-08-13T20:50:20+00:00,dev_fingerprint_1670,192.168.249.24,"Ahmedabad, IN",pm_tok_synthetic_02185,110,2,0,1,2,0,NONE
tx_legit_007045,usr_norm_1620,merch_razorpay_023,1281.63,INR,2026-08-13T20:56:12+00:00,dev_fingerprint_1421,192.168.104.178,"Bengaluru, IN",pm_tok_synthetic_01765,833,2,0,1,1,0,NONE
tx_fraud_000629,usr_fraud_anomD_148,merch_razorpay_000,48418.12,INR,2026-08-13T20:59:44+00:00,dev_anomD_148,192.0.2.234,Unknown / VPN Node,pm_tok_anomD_148,5,12,4,1,2,1,BEHAVIORAL_ANOMALY
tx_legit_000947,usr_norm_1501,merch_razorpay_024,1004.09,INR,2026-08-13T21:00:17+00:00,dev_fingerprint_1459,192.168.113.9,"Chennai, IN",pm_tok_synthetic_00827,495,1,0,1,2,0,NONE
tx_legit_003857,usr_norm_1637,merch_razorpay_027,266.55,INR,2026-08-13T21:00:47+00:00,dev_fingerprint_1470,192.168.247.20,"Ahmedabad, IN",pm_tok_synthetic_01410,121,1,0,1,3,0,NONE
tx_legit_003901,usr_norm_0507,merch_razorpay_009,1344.32,INR,2026-08-13T21:02:06+00:00,dev_fingerprint_1099,192.168.95.122,"Ahmedabad, IN",pm_tok_synthetic_00348,141,1,0,1,2,0,NONE
tx_legit_001685,usr_norm_1516,merch_razorpay_036,2315.2,INR,2026-08-13T21:03:40+00:00,dev_fingerprint_0011,192.168.56.190,"Kolkata, IN",pm_tok_synthetic_02021,273,1,0,1,2,0,NONE
tx_legit_004925,usr_norm_0096,merch_razorpay_046,576.37,INR,2026-08-13T21:08:09+00:00,dev_fingerprint_1188,192.168.46.188,"Ahmedabad, IN",pm_tok_synthetic_00168,490,2,0,1,2,0,NONE
tx_legit_008654,usr_norm_0157,merch_razorpay_045,113.54,INR,2026-08-13T21:08:14+00:00,dev_fingerprint_0495,192.168.42.85,"Mumbai, IN",pm_tok_synthetic_00588,328,1,0,1,2,0,NONE
tx_legit_008371,usr_norm_1057,merch_razorpay_030,520.26,INR,2026-08-13T21:17:57+00:00,dev_fingerprint_1847,192.168.151.72,"Kolkata, IN",pm_tok_synthetic_02028,719,1,0,1,3,0,NONE
tx_fraud_000525,usr_fraud_anomD_044,merch_razorpay_028,87776.87,INR,2026-08-13T21:18:08+00:00,dev_anomD_044,192.0.2.58,Unknown / VPN Node,pm_tok_anomD_044,2,14,6,1,1,1,BEHAVIORAL_ANOMALY
tx_legit_006729,usr_norm_1691,merch_razorpay_017,2107.87,INR,2026-08-13T21:21:02+00:00,dev_fingerprint_1315,192.168.35.68,"Bengaluru, IN",pm_tok_synthetic_00475,83,1,0,1,2,0,NONE
tx_legit_005026,usr_norm_1714,merch_razorpay_049,495.87,INR,2026-08-13T21:27:00+00:00,dev_fingerprint_1238,192.168.188.125,"Delhi, IN",pm_tok_synthetic_01539,702,3,0,3,1,0,NONE
tx_legit_005584,usr_norm_0564,merch_razorpay_035,534.29,INR,2026-08-13T21:27:06+00:00,dev_fingerprint_0870,192.168.88.29,"Hyderabad, IN",pm_tok_synthetic_01013,334,2,0,1,4,0,NONE
tx_legit_004266,usr_norm_1331,merch_razorpay_044,1010.21,INR,2026-08-13T21:28:06+00:00,dev_fingerprint_0183,192.168.68.34,"Mumbai, IN",pm_tok_synthetic_01397,541,1,0,1,1,0,NONE
tx_legit_003659,usr_norm_0799,merch_razorpay_025,445.78,INR,2026-08-13T21:31:13+00:00,dev_fingerprint_0808,192.168.34.202,"Ahmedabad, IN",pm_tok_synthetic_00395,544,1,0,2,3,0,NONE
tx_legit_001953,usr_norm_1602,merch_razorpay_031,202.75,INR,2026-08-13T21:32:38+00:00,dev_fingerprint_0405,192.168.249.24,"Pune, IN",pm_tok_synthetic_02185,110,2,0,1,1,0,NONE
tx_legit_009014,usr_norm_1257,merch_razorpay_009,431.82,INR,2026-08-13T21:34:46+00:00,dev_fingerprint_1045,192.168.145.170,"Delhi, IN",pm_tok_synthetic_01830,110,1,0,1,4,0,NONE
tx_legit_005073,usr_norm_0839,merch_razorpay_026,251.19,INR,2026-08-13T21:41:48+00:00,dev_fingerprint_0762,192.168.7.22,"Ahmedabad, IN",pm_tok_synthetic_02433,486,1,0,1,1,0,NONE
tx_legit_000143,usr_norm_1539,merch_razorpay_013,361.0,INR,2026-08-13T21:43:16+00:00,dev_fingerprint_1840,192.168.3.171,"Mumbai, IN",pm_tok_synthetic_00396,618,3,0,1,1,0,NONE
tx_legit_007650,usr_norm_1164,merch_razorpay_043,548.6,INR,2026-08-13T21:48:28+00:00,dev_fingerprint_0741,192.168.185.68,"Ahmedabad, IN",pm_tok_synthetic_00633,466,3,0,1,3,0,NONE
tx_legit_006659,usr_norm_0093,merch_razorpay_027,1417.23,INR,2026-08-13T21:50:32+00:00,dev_fingerprint_0925,192.168.221.93,"Mumbai, IN",pm_tok_synthetic_00233,407,1,0,2,2,0,NONE
tx_legit_005136,usr_norm_0727,merch_razorpay_018,270.02,INR,2026-08-13T21:53:58+00:00,dev_fingerprint_0732,192.168.226.35,"Hyderabad, IN",pm_tok_synthetic_02392,268,1,0,1,3,0,NONE
tx_legit_002257,usr_norm_0605,merch_razorpay_030,395.09,INR,2026-08-13T21:55:56+00:00,dev_fingerprint_0911,10.0.243.250,"Kolkata, IN",pm_tok_synthetic_00950,742,1,0,1,2,0,NONE
tx_legit_005220,usr_norm_0589,merch_razorpay_003,760.36,INR,2026-08-13T22:15:43+00:00,dev_fingerprint_1694,192.168.55.117,"Ahmedabad, IN",pm_tok_synthetic_01099,360,1,0,1,2,0,NONE
tx_legit_009041,usr_norm_1523,merch_razorpay_013,805.08,INR,2026-08-13T22:17:08+00:00,dev_fingerprint_0297,192.168.3.231,"Bengaluru, IN",pm_tok_synthetic_00132,713,1,0,1,1,0,NONE
tx_legit_008107,usr_norm_1199,merch_razorpay_019,722.9,INR,2026-08-13T22:18:59+00:00,dev_fingerprint_0358,192.168.107.227,"Hyderabad, IN",pm_tok_synthetic_02073,139,1,0,1,2,0,NONE
tx_legit_005494,usr_norm_1353,merch_razorpay_026,699.89,INR,2026-08-13T22:22:26+00:00,dev_fingerprint_1812,192.168.131.192,"Bengaluru, IN",pm_tok_synthetic_02258,187,2,0,1,1,0,NONE
tx_legit_000940,usr_norm_0088,merch_razorpay_037,518.55,INR,2026-08-13T22:22:46+00:00,dev_fingerprint_1301,192.168.223.193,"Delhi, IN",pm_tok_synthetic_01323,672,1,0,1,2,0,NONE
tx_legit_004970,usr_norm_1423,merch_razorpay_036,1384.99,INR,2026-08-13T22:26:16+00:00,dev_fingerprint_0705,10.0.27.46,"Mumbai, IN",pm_tok_synthetic_00099,818,1,0,1,1,0,NONE
tx_legit_005091,usr_norm_1771,merch_razorpay_012,355.55,INR,2026-08-13T22:33:04+00:00,dev_fingerprint_0083,192.168.137.197,"Ahmedabad, IN",pm_tok_synthetic_00409,840,1,0,1,1,0,NONE
tx_legit_003525,usr_norm_1651,merch_razorpay_010,158.84,INR,2026-08-13T22:34:27+00:00,dev_fingerprint_1477,192.168.91.57,"Delhi, IN",pm_tok_synthetic_01993,703,1,0,1,1,0,NONE
tx_legit_004625,usr_norm_0212,merch_razorpay_009,1262.21,INR,2026-08-13T22:34:31+00:00,dev_fingerprint_0411,192.168.122.181,"Chennai, IN",pm_tok_synthetic_00568,272,1,1,1,1,0,NONE
tx_legit_000435,usr_norm_1816,merch_razorpay_046,750.79,INR,2026-08-13T22:45:29+00:00,dev_fingerprint_0947,192.168.71.12,"Chennai, IN",pm_tok_synthetic_00059,777,2,0,1,2,0,NONE
tx_legit_008439,usr_norm_0532,merch_razorpay_008,1691.73,INR,2026-08-13T22:54:19+00:00,dev_fingerprint_1212,192.168.244.194,"Chennai, IN",pm_tok_synthetic_01592,34,2,0,1,1,0,NONE
tx_legit_008102,usr_norm_0376,merch_razorpay_044,1731.69,INR,2026-08-13T23:01:17+00:00,dev_fingerprint_1440,192.168.251.213,"Mumbai, IN",pm_tok_synthetic_00199,280,1,0,1,1,0,NONE
tx_legit_001494,usr_norm_0325,merch_razorpay_038,349.8,INR,2026-08-13T23:04:17+00:00,dev_fingerprint_0381,192.168.167.180,"Pune, IN",pm_tok_synthetic_01380,839,1,0,1,2,0,NONE
tx_legit_000682,usr_norm_1404,merch_razorpay_020,340.8,INR,2026-08-13T23:07:56+00:00,dev_fingerprint_1298,192.168.169.126,"Pune, IN",pm_tok_synthetic_01566,85,1,0,1,2,0,NONE
tx_legit_002487,usr_norm_1102,merch_razorpay_024,393.67,INR,2026-08-13T23:12:47+00:00,dev_fingerprint_0803,192.168.48.18,"Hyderabad, IN",pm_tok_synthetic_02415,780,3,0,1,2,0,NONE
tx_legit_008519,usr_norm_0448,merch_razorpay_017,492.54,INR,2026-08-13T23:13:09+00:00,dev_fingerprint_0555,10.0.218.138,"Mumbai, IN",pm_tok_synthetic_00304,730,1,0,1,1,0,NONE
tx_legit_005850,usr_norm_0828,merch_razorpay_012,870.39,INR,2026-08-13T23:15:59+00:00,dev_fingerprint_0432,192.168.87.206,"Bengaluru, IN",pm_tok_synthetic_01378,788,1,1,1,1,0,NONE
tx_legit_007962,usr_norm_1449,merch_razorpay_021,1705.75,INR,2026-08-13T23:18:49+00:00,dev_fingerprint_0683,192.168.165.110,"Bengaluru, IN",pm_tok_synthetic_01611,792,1,0,1,1,0,NONE
tx_fraud_000019,usr_fraud_ringA_018,merch_razorpay_027,6917.53,INR,2026-08-13T23:21:18+00:00,dev_fraud_ring_A_4,198.51.100.84,"Bengaluru, IN",pm_tok_ringA_004,4,6,4,11,3,1,DEVICE_SHARING_RING
tx_legit_005705,usr_norm_0951,merch_razorpay_044,814.37,INR,2026-08-13T23:22:41+00:00,dev_fingerprint_1355,192.168.30.249,"Kolkata, IN",pm_tok_synthetic_01018,523,1,0,1,1,0,NONE
tx_legit_008247,usr_norm_0510,merch_razorpay_015,705.61,INR,2026-08-13T23:22:50+00:00,dev_fingerprint_1321,192.168.30.140,"Hyderabad, IN",pm_tok_synthetic_01636,800,3,1,1,1,0,NONE
tx_legit_007556,usr_norm_1671,merch_razorpay_029,297.48,INR,2026-08-13T23:23:26+00:00,dev_fingerprint_0960,192.168.125.55,"Ahmedabad, IN",pm_tok_synthetic_01357,461,1,0,1,1,0,NONE
tx_legit_004851,usr_norm_1880,merch_razorpay_006,255.09,INR,2026-08-13T23:26:31+00:00,dev_fingerprint_0051,192.168.218.197,"Mumbai, IN",pm_tok_synthetic_02045,816,1,2,1,2,0,NONE
tx_legit_000596,usr_norm_0080,merch_razorpay_010,1057.74,INR,2026-08-13T23:27:44+00:00,dev_fingerprint_0233,192.168.242.184,"Kolkata, IN",pm_tok_synthetic_02088,228,1,0,1,2,0,NONE
tx_fraud_000081,usr_fraud_ringA_005,merch_razorpay_004,15202.35,INR,2026-08-13T23:29:44+00:00,dev_fraud_ring_A_0,198.51.100.83,"Kolkata, IN",pm_tok_ringA_002,4,6,3,17,3,1,DEVICE_SHARING_RING
tx_legit_008280,usr_norm_0158,merch_razorpay_027,1098.12,INR,2026-08-13T23:35:03+00:00,dev_fingerprint_0879,192.168.7.190,"Delhi, IN",pm_tok_synthetic_01445,276,2,0,1,1,0,NONE
tx_legit_002438,usr_norm_1424,merch_razorpay_031,840.58,INR,2026-08-13T23:37:08+00:00,dev_fingerprint_0624,192.168.49.25,"Chennai, IN",pm_tok_synthetic_01161,661,1,0,1,2,0,NONE
tx_legit_006798,usr_norm_0500,merch_razorpay_006,469.12,INR,2026-08-13T23:41:44+00:00,dev_fingerprint_0837,10.0.23.210,"Mumbai, IN",pm_tok_synthetic_02045,172,1,0,2,2,0,NONE
tx_legit_000301,usr_norm_1665,merch_razorpay_023,885.59,INR,2026-08-13T23:42:04+00:00,dev_fingerprint_0572,10.0.57.114,"Chennai, IN",pm_tok_synthetic_02117,110,1,0,1,1,0,NONE
tx_legit_000883,usr_norm_0514,merch_razorpay_042,373.69,INR,2026-08-13T23:51:21+00:00,dev_fingerprint_1188,192.168.120.177,"Bengaluru, IN",pm_tok_synthetic_02356,256,1,0,2,1,0,NONE
tx_legit_004400,usr_norm_1352,merch_razorpay_005,394.58,INR,2026-08-13T23:54:22+00:00,dev_fingerprint_0793,192.168.141.26,"Chennai, IN",pm_tok_synthetic_02146,729,1,0,2,1,0,NONE
tx_legit_008493,usr_norm_0723,merch_razorpay_046,336.99,INR,2026-08-13T23:54:51+00:00,dev_fingerprint_1158,192.168.5.192,"Hyderabad, IN",pm_tok_synthetic_01317,427,1,1,1,2,0,NONE
tx_legit_005685,usr_norm_0303,merch_razorpay_024,943.15,INR,2026-08-13T23:58:04+00:00,dev_fingerprint_0413,192.168.74.59,"Pune, IN",pm_tok_synthetic_02206,307,2,0,1,1,0,NONE
tx_legit_005783,usr_norm_1883,merch_razorpay_042,325.96,INR,2026-08-13T23:59:29+00:00,dev_fingerprint_0678,192.168.199.134,"Kolkata, IN",pm_tok_synthetic_01210,515,1,0,1,2,0,NONE
tx_legit_007996,usr_norm_1097,merch_razorpay_041,606.36,INR,2026-08-13T23:59:51+00:00,dev_fingerprint_1688,192.168.14.65,"Ahmedabad, IN",pm_tok_synthetic_00127,862,1,0,1,1,0,NONE
tx_legit_007015,usr_norm_1507,merch_razorpay_008,473.67,INR,2026-08-14T00:06:20+00:00,dev_fingerprint_1833,192.168.135.153,"Ahmedabad, IN",pm_tok_synthetic_00654,417,1,0,1,1,0,NONE
tx_legit_001099,usr_norm_0575,merch_razorpay_046,613.95,INR,2026-08-14T00:08:44+00:00,dev_fingerprint_0195,192.168.169.122,"Chennai, IN",pm_tok_synthetic_01685,90,1,0,1,1,0,NONE
tx_legit_000332,usr_norm_1443,merch_razorpay_038,621.13,INR,2026-08-14T00:09:14+00:00,dev_fingerprint_0599,10.0.216.207,"Kolkata, IN",pm_tok_synthetic_01583,266,1,0,1,1,0,NONE
tx_fraud_000438,usr_fraud_reuseC_017,merch_razorpay_036,10118.92,INR,2026-08-14T00:10:31+00:00,dev_reuseC_002,198.51.100.125,"Hyderabad, IN",pm_tok_stolen_C_005,5,4,3,2,4,1,PAYMENT_REF_REUSE
tx_legit_002849,usr_norm_0747,merch_razorpay_039,219.85,INR,2026-08-14T00:12:15+00:00,dev_fingerprint_0279,192.168.211.117,"Mumbai, IN",pm_tok_synthetic_00645,779,1,0,1,1,0,NONE
tx_legit_001076,usr_norm_0405,merch_razorpay_017,90.47,INR,2026-08-14T00:28:39+00:00,dev_fingerprint_1424,192.168.31.191,"Delhi, IN",pm_tok_synthetic_00837,436,1,0,2,1,0,NONE
tx_fraud_000464,usr_fraud_reuseC_003,merch_razorpay_041,18792.8,INR,2026-08-14T00:30:08+00:00,dev_reuseC_009,198.51.100.151,"Mumbai, IN",pm_tok_stolen_C_001,2,4,0,2,3,1,PAYMENT_REF_REUSE
tx_legit_008359,usr_norm_1287,merch_razorpay_049,589.28,INR,2026-08-14T00:33:46+00:00,dev_fingerprint_1719,192.168.164.29,"Kolkata, IN",pm_tok_synthetic_02143,864,1,0,1,1,0,NONE
tx_legit_000333,usr_norm_1580,merch_razorpay_028,122.92,INR,2026-08-14T00:36:44+00:00,dev_fingerprint_0793,192.168.249.24,"Kolkata, IN",pm_tok_synthetic_02139,148,1,0,1,1,0,NONE
tx_legit_006874,usr_norm_1703,merch_razorpay_031,857.58,INR,2026-08-14T00:39:02+00:00,dev_fingerprint_1382,10.0.175.158,"Delhi, IN",pm_tok_synthetic_00990,781,1,0,1,1,0,NONE
tx_legit_003890,usr_norm_0739,merch_razorpay_045,784.34,INR,2026-08-14T00:42:49+00:00,dev_fingerprint_1999,10.0.61.49,"Kolkata, IN",pm_tok_synthetic_00002,369,1,0,1,1,0,NONE
tx_legit_008071,usr_norm_1704,merch_razorpay_005,501.89,INR,2026-08-14T00:44:21+00:00,dev_fingerprint_1376,192.168.115.203,"Bengaluru, IN",pm_tok_synthetic_00798,562,2,0,1,3,0,NONE
tx_legit_009108,usr_norm_0805,merch_razorpay_019,580.53,INR,2026-08-14T00:47:16+00:00,dev_fingerprint_1284,192.168.133.116,"Chennai, IN",pm_tok_synthetic_02437,294,1,0,1,1,0,NONE
tx_legit_000992,usr_norm_1735,merch_razorpay_046,459.88,INR,2026-08-14T00:51:40+00:00,dev_fingerprint_0462,10.0.229.22,"Pune, IN",pm_tok_synthetic_01574,735,2,0,1,2,0,NONE
tx_legit_003131,usr_norm_1526,merch_razorpay_034,941.75,INR,2026-08-14T00:57:07+00:00,dev_fingerprint_0223,10.0.214.20,"Bengaluru, IN",pm_tok_synthetic_00730,195,1,0,1,3,0,NONE
tx_legit_009056,usr_norm_1817,merch_razorpay_049,378.54,INR,2026-08-14T01:00:12+00:00,dev_fingerprint_0876,192.168.160.194,"Delhi, IN",pm_tok_synthetic_00824,283,4,0,1,3,0,NONE
tx_legit_004874,usr_norm_1448,merch_razorpay_018,472.06,INR,2026-08-14T01:00:40+00:00,dev_fingerprint_1607,192.168.206.143,"Chennai, IN",pm_tok_synthetic_02168,342,1,0,1,2,0,NONE
tx_legit_004165,usr_norm_1552,merch_razorpay_042,2971.48,INR,2026-08-14T01:06:04+00:00,dev_fingerprint_1126,192.168.220.121,"Chennai, IN",pm_tok_synthetic_00025,146,1,1,2,3,0,NONE
tx_legit_001610,usr_norm_0556,merch_razorpay_029,711.48,INR,2026-08-14T01:10:00+00:00,dev_fingerprint_0342,192.168.103.93,"Pune, IN",pm_tok_synthetic_02315,61,2,0,1,1,0,NONE
tx_legit_000805,usr_norm_1776,merch_razorpay_014,346.64,INR,2026-08-14T01:14:59+00:00,dev_fingerprint_0852,192.168.154.11,"Chennai, IN",pm_tok_synthetic_01949,738,2,0,1,1,0,NONE
tx_legit_005048,usr_norm_1828,merch_razorpay_036,301.72,INR,2026-08-14T01:54:08+00:00,dev_fingerprint_1370,192.168.105.250,"Pune, IN",pm_tok_synthetic_01312,750,1,0,1,3,0,NONE
tx_fraud_000561,usr_fraud_anomD_080,merch_razorpay_020,89555.37,INR,2026-08-14T01:58:21+00:00,dev_anomD_080,192.0.2.77,Unknown / VPN Node,pm_tok_anomD_080,1,7,4,1,3,1,BEHAVIORAL_ANOMALY
tx_legit_004445,usr_norm_1066,merch_razorpay_007,452.96,INR,2026-08-14T02:00:29+00:00,dev_fingerprint_0800,192.168.203.211,"Kolkata, IN",pm_tok_synthetic_02235,332,1,0,2,2,0,NONE
tx_legit_000753,usr_norm_0076,merch_razorpay_034,1188.8,INR,2026-08-14T02:03:20+00:00,dev_fingerprint_0892,192.168.5.24,"Bengaluru, IN",pm_tok_synthetic_01640,566,1,0,1,2,0,NONE
tx_legit_006103,usr_norm_1106,merch_razorpay_021,667.0,INR,2026-08-14T02:06:02+00:00,dev_fingerprint_1257,192.168.153.192,"Bengaluru, IN",pm_tok_synthetic_00679,805,1,0,1,1,0,NONE
tx_legit_002183,usr_norm_0117,merch_razorpay_030,1077.04,INR,2026-08-14T02:23:51+00:00,dev_fingerprint_0741,192.168.208.223,"Mumbai, IN",pm_tok_synthetic_01485,346,1,0,1,1,0,NONE
tx_legit_008780,usr_norm_0498,merch_razorpay_016,381.0,INR,2026-08-14T02:24:52+00:00,dev_fingerprint_1489,192.168.150.243,"Hyderabad, IN",pm_tok_synthetic_00858,478,1,0,1,1,0,NONE
tx_legit_007510,usr_norm_1576,merch_razorpay_029,629.45,INR,2026-08-14T02:30:44+00:00,dev_fingerprint_0315,192.168.141.26,"Hyderabad, IN",pm_tok_synthetic_01393,525,1,0,2,1,0,NONE
tx_legit_003666,usr_norm_0843,merch_razorpay_043,918.19,INR,2026-08-14T02:35:41+00:00,dev_fingerprint_0056,10.0.29.167,"Kolkata, IN",pm_tok_synthetic_00203,196,1,0,1,1,0,NONE
tx_legit_000610,usr_norm_0335,merch_razorpay_034,1889.34,INR,2026-08-14T02:37:56+00:00,dev_fingerprint_0483,192.168.176.84,"Bengaluru, IN",pm_tok_synthetic_00484,506,3,0,1,1,0,NONE
tx_legit_002933,usr_norm_1050,merch_razorpay_001,943.9,INR,2026-08-14T02:40:41+00:00,dev_fingerprint_1101,192.168.192.24,"Mumbai, IN",pm_tok_synthetic_01782,692,2,0,1,2,0,NONE
tx_legit_006311,usr_norm_1873,merch_razorpay_037,675.93,INR,2026-08-14T02:44:11+00:00,dev_fingerprint_1450,192.168.113.21,"Pune, IN",pm_tok_synthetic_00628,195,1,0,2,1,0,NONE
tx_legit_007740,usr_norm_0092,merch_razorpay_003,483.66,INR,2026-08-14T02:46:18+00:00,dev_fingerprint_1039,192.168.102.227,"Ahmedabad, IN",pm_tok_synthetic_01271,502,1,0,1,3,0,NONE
tx_fraud_000173,usr_fraud_burstB_012,merch_razorpay_042,4531.72,INR,2026-08-14T02:48:44+00:00,dev_fraud_burstB_004,203.0.113.105,"Bengaluru, IN",pm_tok_burstB_008,12,19,4,3,33,1,SHARED_IP_BURST
tx_legit_002463,usr_norm_1189,merch_razorpay_023,272.4,INR,2026-08-14T02:55:25+00:00,dev_fingerprint_0347,192.168.151.170,"Delhi, IN",pm_tok_synthetic_00147,398,1,0,1,1,0,NONE
tx_legit_002954,usr_norm_1170,merch_razorpay_023,2056.88,INR,2026-08-14T02:57:13+00:00,dev_fingerprint_1145,192.168.134.248,"Mumbai, IN",pm_tok_synthetic_01981,289,1,0,1,1,0,NONE
tx_legit_004972,usr_norm_1110,merch_razorpay_038,158.61,INR,2026-08-14T02:57:33+00:00,dev_fingerprint_0082,10.0.100.105,"Hyderabad, IN",pm_tok_synthetic_01997,267,2,0,1,1,0,NONE
tx_legit_004139,usr_norm_1369,merch_razorpay_044,393.05,INR,2026-08-14T03:00:39+00:00,dev_fingerprint_0198,192.168.197.165,"Delhi, IN",pm_tok_synthetic_00946,574,3,0,1,1,0,NONE
tx_legit_005519,usr_norm_1471,merch_razorpay_031,276.75,INR,2026-08-14T03:07:29+00:00,dev_fingerprint_0384,192.168.185.68,"Ahmedabad, IN",pm_tok_synthetic_00538,219,2,0,1,4,0,NONE
tx_legit_005337,usr_norm_1337,merch_razorpay_020,985.95,INR,2026-08-14T03:15:00+00:00,dev_fingerprint_1917,192.168.119.106,"Hyderabad, IN",pm_tok_synthetic_00790,51,1,0,1,1,0,NONE
tx_legit_008828,usr_norm_0830,merch_razorpay_033,384.72,INR,2026-08-14T03:19:26+00:00,dev_fingerprint_0115,10.0.205.212,"Chennai, IN",pm_tok_synthetic_00651,97,1,0,1,4,0,NONE
tx_legit_001766,usr_norm_1980,merch_razorpay_045,679.99,INR,2026-08-14T03:37:25+00:00,dev_fingerprint_0671,192.168.98.84,"Bengaluru, IN",pm_tok_synthetic_00473,424,1,0,1,2,0,NONE
tx_legit_007834,usr_norm_0232,merch_razorpay_026,492.09,INR,2026-08-14T03:43:46+00:00,dev_fingerprint_1154,192.168.59.198,"Kolkata, IN",pm_tok_synthetic_00116,113,1,0,1,4,0,NONE
tx_legit_001653,usr_norm_0098,merch_razorpay_029,609.98,INR,2026-08-14T03:45:12+00:00,dev_fingerprint_1239,192.168.57.70,"Ahmedabad, IN",pm_tok_synthetic_02053,184,1,1,2,1,0,NONE
tx_legit_007914,usr_norm_1491,merch_razorpay_039,157.18,INR,2026-08-14T03:46:04+00:00,dev_fingerprint_0793,192.168.243.56,"Bengaluru, IN",pm_tok_synthetic_00201,224,1,0,1,1,0,NONE
tx_fraud_000465,usr_fraud_reuseC_004,merch_razorpay_044,20473.57,INR,2026-08-14T03:49:00+00:00,dev_reuseC_010,198.51.100.159,"Mumbai, IN",pm_tok_stolen_C_001,0,8,3,5,5,1,PAYMENT_REF_REUSE
tx_legit_006607,usr_norm_1062,merch_razorpay_016,466.83,INR,2026-08-14T03:58:59+00:00,dev_fingerprint_1404,192.168.64.171,"Bengaluru, IN",pm_tok_synthetic_02484,118,1,0,1,4,0,NONE
tx_fraud_000246,usr_fraud_burstB_025,merch_razorpay_029,10936.6,INR,2026-08-14T03:59:47+00:00,dev_fraud_burstB_018,203.0.113.102,"Chennai, IN",pm_tok_burstB_017,16,23,8,1,13,1,SHARED_IP_BURST
tx_legit_005891,usr_norm_0367,merch_razorpay_025,942.01,INR,2026-08-14T04:02:53+00:00,dev_fingerprint_1716,192.168.198.104,"Delhi, IN",pm_tok_synthetic_02059,884,1,1,1,1,0,NONE
tx_legit_005881,usr_norm_1939,merch_razorpay_041,698.22,INR,2026-08-14T04:04:21+00:00,dev_fingerprint_0576,192.168.76.142,"Pune, IN",pm_tok_synthetic_01986,451,4,0,1,1,0,NONE
tx_legit_002817,usr_norm_1214,merch_razorpay_016,828.22,INR,2026-08-14T04:05:31+00:00,dev_fingerprint_0975,192.168.189.237,"Hyderabad, IN",pm_tok_synthetic_01448,253,1,2,1,2,0,NONE
tx_legit_006460,usr_norm_1802,merch_razorpay_027,731.64,INR,2026-08-14T04:06:49+00:00,dev_fingerprint_0964,192.168.62.177,"Ahmedabad, IN",pm_tok_synthetic_01984,85,3,1,1,2,0,NONE
tx_legit_006753,usr_norm_0877,merch_razorpay_001,429.94,INR,2026-08-14T04:06:50+00:00,dev_fingerprint_1195,10.0.245.23,"Mumbai, IN",pm_tok_synthetic_00291,513,2,0,1,2,0,NONE
tx_legit_006241,usr_norm_0669,merch_razorpay_018,628.93,INR,2026-08-14T04:07:18+00:00,dev_fingerprint_0597,192.168.63.213,"Hyderabad, IN",pm_tok_synthetic_01244,787,3,0,1,2,0,NONE
tx_legit_004091,usr_norm_1202,merch_razorpay_018,332.1,INR,2026-08-14T04:07:26+00:00,dev_fingerprint_1051,10.0.6.153,"Hyderabad, IN",pm_tok_synthetic_01055,580,1,0,1,2,0,NONE
tx_legit_001092,usr_norm_1998,merch_razorpay_045,332.02,INR,2026-08-14T04:10:37+00:00,dev_fingerprint_0931,192.168.249.129,"Pune, IN",pm_tok_synthetic_00500,286,1,0,1,1,0,NONE
tx_legit_005641,usr_norm_0990,merch_razorpay_020,393.1,INR,2026-08-14T04:12:51+00:00,dev_fingerprint_0659,192.168.244.90,"Pune, IN",pm_tok_synthetic_01575,458,1,0,1,1,0,NONE
tx_fraud_000150,usr_fraud_ringA_024,merch_razorpay_017,15794.73,INR,2026-08-14T04:19:39+00:00,dev_fraud_ring_A_4,198.51.100.75,"Kolkata, IN",pm_tok_ringA_005,1,8,2,8,5,1,DEVICE_SHARING_RING
tx_legit_004627,usr_norm_0814,merch_razorpay_027,1144.2,INR,2026-08-14T04:31:31+00:00,dev_fingerprint_0206,10.0.158.145,"Mumbai, IN",pm_tok_synthetic_01171,578,1,0,1,1,0,NONE
tx_legit_007139,usr_norm_0467,merch_razorpay_035,1377.99,INR,2026-08-14T04:31:54+00:00,dev_fingerprint_1298,192.168.57.2,"Chennai, IN",pm_tok_synthetic_01595,354,1,1,2,1,0,NONE
tx_legit_003211,usr_norm_1222,merch_razorpay_034,631.6,INR,2026-08-14T04:36:07+00:00,dev_fingerprint_1108,192.168.227.107,"Chennai, IN",pm_tok_synthetic_00173,898,1,0,1,1,0,NONE
tx_legit_007255,usr_norm_0228,merch_razorpay_036,565.9,INR,2026-08-14T04:37:40+00:00,dev_fingerprint_0620,10.0.165.172,"Chennai, IN",pm_tok_synthetic_02185,125,3,0,1,1,0,NONE
tx_fraud_000196,usr_fraud_burstB_005,merch_razorpay_038,9312.22,INR,2026-08-14T04:45:52+00:00,dev_fraud_burstB_005,203.0.113.101,"Mumbai, IN",pm_tok_burstB_018,24,24,8,1,35,1,SHARED_IP_BURST
tx_legit_005995,usr_norm_0637,merch_razorpay_003,559.7,INR,2026-08-14T04:59:38+00:00,dev_fingerprint_0312,192.168.109.213,"Kolkata, IN",pm_tok_synthetic_00342,347,1,1,1,1,0,NONE
tx_legit_000445,usr_norm_1287,merch_razorpay_007,1466.25,INR,2026-08-14T05:01:21+00:00,dev_fingerprint_0021,192.168.164.29,"Ahmedabad, IN",pm_tok_synthetic_02143,864,3,0,1,1,0,NONE
tx_legit_001259,usr_norm_0220,merch_razorpay_007,765.26,INR,2026-08-14T05:01:46+00:00,dev_fingerprint_1392,192.168.120.180,"Kolkata, IN",pm_tok_synthetic_01411,161,1,0,1,1,0,NONE
tx_legit_002602,usr_norm_0824,merch_razorpay_005,236.74,INR,2026-08-14T05:01:55+00:00,dev_fingerprint_1006,192.168.41.19,"Pune, IN",pm_tok_synthetic_00402,263,4,0,1,1,0,NONE
tx_legit_008145,usr_norm_0244,merch_razorpay_007,240.43,INR,2026-08-14T05:02:22+00:00,dev_fingerprint_0758,192.168.30.145,"Delhi, IN",pm_tok_synthetic_02300,138,1,0,2,1,0,NONE
tx_legit_007832,usr_norm_0667,merch_razorpay_010,1503.53,INR,2026-08-14T05:08:36+00:00,dev_fingerprint_0636,192.168.79.211,"Chennai, IN",pm_tok_synthetic_00353,596,1,0,1,2,0,NONE
tx_legit_005893,usr_norm_1470,merch_razorpay_005,1910.59,INR,2026-08-14T05:08:59+00:00,dev_fingerprint_1758,10.0.113.83,"Kolkata, IN",pm_tok_synthetic_01121,185,1,0,1,1,0,NONE
tx_fraud_000195,usr_fraud_burstB_004,merch_razorpay_033,13109.46,INR,2026-08-14T05:10:44+00:00,dev_fraud_burstB_022,203.0.113.103,"Ahmedabad, IN",pm_tok_burstB_015,18,10,3,4,35,1,SHARED_IP_BURST
tx_legit_008923,usr_norm_1404,merch_razorpay_004,527.89,INR,2026-08-14T05:11:11+00:00,dev_fingerprint_1298,10.0.110.96,"Pune, IN",pm_tok_synthetic_01566,85,1,0,1,2,0,NONE
tx_legit_005668,usr_norm_1896,merch_razorpay_041,484.76,INR,2026-08-14T05:16:51+00:00,dev_fingerprint_1235,192.168.138.244,"Delhi, IN",pm_tok_synthetic_02095,87,1,0,1,2,0,NONE
tx_legit_002980,usr_norm_0711,merch_razorpay_043,1392.12,INR,2026-08-14T05:31:15+00:00,dev_fingerprint_1483,10.0.100.234,"Pune, IN",pm_tok_synthetic_02032,60,1,0,1,1,0,NONE
tx_legit_007616,usr_norm_1244,merch_razorpay_009,191.86,INR,2026-08-14T05:42:46+00:00,dev_fingerprint_0019,192.168.252.166,"Kolkata, IN",pm_tok_synthetic_01788,541,1,0,1,1,0,NONE
tx_legit_006147,usr_norm_0349,merch_razorpay_018,444.22,INR,2026-08-14T05:43:13+00:00,dev_fingerprint_0336,192.168.79.211,"Delhi, IN",pm_tok_synthetic_02131,482,1,0,1,3,0,NONE
tx_legit_002287,usr_norm_0504,merch_razorpay_004,8197.88,INR,2026-08-14T05:43:45+00:00,dev_fingerprint_1702,192.168.62.185,"Pune, IN",pm_tok_synthetic_02353,577,2,0,1,2,0,NONE
tx_legit_005476,usr_norm_1038,merch_razorpay_041,152.0,INR,2026-08-14T05:45:56+00:00,dev_fingerprint_1369,192.168.28.153,"Pune, IN",pm_tok_synthetic_01825,276,2,0,1,1,0,NONE
tx_legit_000943,usr_norm_1698,merch_razorpay_039,386.78,INR,2026-08-14T05:52:06+00:00,dev_fingerprint_0084,192.168.175.185,"Delhi, IN",pm_tok_synthetic_02176,682,1,0,1,1,0,NONE
tx_legit_008056,usr_norm_1076,merch_razorpay_014,152.69,INR,2026-08-14T05:54:50+00:00,dev_fingerprint_0517,192.168.24.238,"Chennai, IN",pm_tok_synthetic_00469,215,1,0,1,1,0,NONE
tx_legit_008556,usr_norm_0926,merch_razorpay_009,1912.51,INR,2026-08-14T05:58:17+00:00,dev_fingerprint_1481,192.168.195.141,"Pune, IN",pm_tok_synthetic_00414,292,2,0,1,1,0,NONE
tx_legit_005498,usr_norm_1520,merch_razorpay_010,1913.6,INR,2026-08-14T05:59:19+00:00,dev_fingerprint_0569,192.168.71.12,"Chennai, IN",pm_tok_synthetic_02283,869,1,0,1,1,0,NONE
tx_legit_002334,usr_norm_1352,merch_razorpay_025,632.16,INR,2026-08-14T06:00:32+00:00,dev_fingerprint_1805,192.168.141.26,"Kolkata, IN",pm_tok_synthetic_02146,729,1,0,2,2,0,NONE
tx_legit_001914,usr_norm_1923,merch_razorpay_049,442.21,INR,2026-08-14T06:01:55+00:00,dev_fingerprint_0984,192.168.72.226,"Ahmedabad, IN",pm_tok_synthetic_01786,294,2,0,1,1,0,NONE
tx_legit_004226,usr_norm_1247,merch_razorpay_047,822.29,INR,2026-08-14T06:18:23+00:00,dev_fingerprint_0513,192.168.152.69,"Pune, IN",pm_tok_synthetic_02325,78,1,0,1,3,0,NONE
tx_legit_007764,usr_norm_1797,merch_razorpay_013,552.32,INR,2026-08-14T06:21:08+00:00,dev_fingerprint_0667,192.168.246.179,"Kolkata, IN",pm_tok_synthetic_00814,795,3,0,1,3,0,NONE
tx_legit_000169,usr_norm_1088,merch_razorpay_040,384.84,INR,2026-08-14T06:21:46+00:00,dev_fingerprint_0009,192.168.7.46,"Bengaluru, IN",pm_tok_synthetic_01008,834,1,0,1,1,0,NONE
tx_legit_003011,usr_norm_0607,merch_razorpay_031,468.49,INR,2026-08-14T06:33:00+00:00,dev_fingerprint_1421,10.0.40.111,"Ahmedabad, IN",pm_tok_synthetic_01956,102,1,0,2,2,0,NONE
tx_legit_003681,usr_norm_0533,merch_razorpay_031,1203.39,INR,2026-08-14T06:39:40+00:00,dev_fingerprint_1443,10.0.110.96,"Kolkata, IN",pm_tok_synthetic_00842,315,3,0,1,2,0,NONE
tx_legit_001087,usr_norm_0842,merch_razorpay_041,785.5,INR,2026-08-14T06:40:55+00:00,dev_fingerprint_0529,192.168.80.142,"Mumbai, IN",pm_tok_synthetic_00370,321,1,0,1,1,0,NONE
tx_legit_000772,usr_norm_1014,merch_razorpay_020,2161.45,INR,2026-08-14T06:46:01+00:00,dev_fingerprint_1360,192.168.163.214,"Mumbai, IN",pm_tok_synthetic_01562,426,1,0,1,1,0,NONE
tx_legit_006660,usr_norm_0782,merch_razorpay_043,163.52,INR,2026-08-14T06:52:04+00:00,dev_fingerprint_1530,192.168.172.51,"Kolkata, IN",pm_tok_synthetic_00015,467,2,0,1,1,0,NONE
tx_legit_006046,usr_norm_1793,merch_razorpay_049,893.26,INR,2026-08-14T06:55:31+00:00,dev_fingerprint_1527,192.168.4.68,"Ahmedabad, IN",pm_tok_synthetic_02201,210,1,0,1,1,0,NONE
tx_legit_007049,usr_norm_0814,merch_razorpay_037,209.27,INR,2026-08-14T07:03:28+00:00,dev_fingerprint_0206,192.168.223.49,"Chennai, IN",pm_tok_synthetic_01171,578,1,0,1,1,0,NONE
tx_legit_006903,usr_norm_1147,merch_razorpay_028,619.11,INR,2026-08-14T07:08:38+00:00,dev_fingerprint_1401,192.168.246.179,"Hyderabad, IN",pm_tok_synthetic_00612,650,2,0,1,1,0,NONE
tx_legit_006215,usr_norm_0959,merch_razorpay_027,1008.57,INR,2026-08-14T07:09:26+00:00,dev_fingerprint_0775,192.168.63.252,"Pune, IN",pm_tok_synthetic_00962,110,1,0,1,1,0,NONE
tx_legit_001419,usr_norm_1831,merch_razorpay_042,1322.99,INR,2026-08-14T07:11:30+00:00,dev_fingerprint_1560,192.168.71.3,"Bengaluru, IN",pm_tok_synthetic_01660,219,1,0,1,1,0,NONE
tx_legit_004455,usr_norm_0113,merch_razorpay_039,325.68,INR,2026-08-14T07:12:05+00:00,dev_fingerprint_1645,192.168.167.114,"Ahmedabad, IN",pm_tok_synthetic_00347,347,2,0,1,3,0,NONE
tx_legit_001825,usr_norm_0133,merch_razorpay_027,511.87,INR,2026-08-14T07:19:56+00:00,dev_fingerprint_0782,192.168.5.192,"Mumbai, IN",pm_tok_synthetic_02160,458,2,1,2,2,0,NONE
tx_legit_002481,usr_norm_0977,merch_razorpay_013,520.67,INR,2026-08-14T07:26:59+00:00,dev_fingerprint_1468,192.168.226.179,"Ahmedabad, IN",pm_tok_synthetic_01676,139,2,0,1,3,0,NONE
tx_legit_003964,usr_norm_0408,merch_razorpay_008,423.7,INR,2026-08-14T07:27:15+00:00,dev_fingerprint_1328,192.168.185.241,"Mumbai, IN",pm_tok_synthetic_01263,297,2,0,1,1,0,NONE
tx_legit_006263,usr_norm_0966,merch_razorpay_027,250.14,INR,2026-08-14T07:32:06+00:00,dev_fingerprint_1237,192.168.177.95,"Delhi, IN",pm_tok_synthetic_01247,550,1,0,1,2,0,NONE
tx_fraud_000542,usr_fraud_anomD_061,merch_razorpay_005,45223.17,INR,2026-08-14T07:35:08+00:00,dev_anomD_061,192.0.2.203,Unknown / VPN Node,pm_tok_anomD_061,1,6,4,3,3,1,BEHAVIORAL_ANOMALY
tx_legit_008076,usr_norm_0565,merch_razorpay_005,613.77,INR,2026-08-14T07:38:26+00:00,dev_fingerprint_0066,192.168.139.21,"Bengaluru, IN",pm_tok_synthetic_01076,386,3,0,1,2,0,NONE
tx_legit_004949,usr_norm_1203,merch_razorpay_014,510.72,INR,2026-08-14T07:43:21+00:00,dev_fingerprint_1177,192.168.226.18,"Hyderabad, IN",pm_tok_synthetic_01813,416,1,0,1,1,0,NONE
tx_legit_001320,usr_norm_1830,merch_razorpay_021,532.72,INR,2026-08-14T07:44:46+00:00,dev_fingerprint_1195,192.168.246.196,"Hyderabad, IN",pm_tok_synthetic_01863,504,1,0,1,1,0,NONE
tx_legit_003205,usr_norm_1004,merch_razorpay_009,959.84,INR,2026-08-14T07:44:51+00:00,dev_fingerprint_0865,192.168.37.105,"Chennai, IN",pm_tok_synthetic_00052,565,1,0,1,1,0,NONE
tx_legit_007337,usr_norm_1294,merch_razorpay_013,461.33,INR,2026-08-14T07:44:57+00:00,dev_fingerprint_0895,192.168.163.159,"Delhi, IN",pm_tok_synthetic_01023,197,1,0,1,1,0,NONE
tx_legit_005312,usr_norm_0299,merch_razorpay_041,623.43,INR,2026-08-14T07:49:42+00:00,dev_fingerprint_0808,192.168.137.98,"Bengaluru, IN",pm_tok_synthetic_01413,821,1,1,1,1,0,NONE
tx_legit_001647,usr_norm_0925,merch_razorpay_047,936.67,INR,2026-08-14T07:59:59+00:00,dev_fingerprint_0184,192.168.115.138,"Hyderabad, IN",pm_tok_synthetic_02095,106,1,0,1,1,0,NONE
tx_legit_004794,usr_norm_1103,merch_razorpay_011,385.76,INR,2026-08-14T08:01:12+00:00,dev_fingerprint_0595,192.168.33.33,"Pune, IN",pm_tok_synthetic_00388,543,1,1,1,1,0,NONE
tx_legit_007458,usr_norm_0992,merch_razorpay_048,177.76,INR,2026-08-14T08:03:28+00:00,dev_fingerprint_0814,192.168.177.95,"Hyderabad, IN",pm_tok_synthetic_01404,331,4,0,1,1,0,NONE
tx_fraud_000612,usr_fraud_anomD_131,merch_razorpay_045,72110.58,INR,2026-08-14T08:04:17+00:00,dev_anomD_131,192.0.2.112,Unknown / VPN Node,pm_tok_anomD_131,6,16,4,3,1,1,BEHAVIORAL_ANOMALY
tx_legit_006939,usr_norm_1670,merch_razorpay_045,362.93,INR,2026-08-14T08:15:01+00:00,dev_fingerprint_1517,192.168.219.229,"Kolkata, IN",pm_tok_synthetic_01859,554,1,1,1,2,0,NONE
tx_legit_008502,usr_norm_1663,merch_razorpay_037,2263.02,INR,2026-08-14T08:16:43+00:00,dev_fingerprint_1188,10.0.152.185,"Chennai, IN",pm_tok_synthetic_00327,175,1,0,3,3,0,NONE
tx_legit_009112,usr_norm_1742,merch_razorpay_015,201.02,INR,2026-08-14T08:18:27+00:00,dev_fingerprint_0786,10.0.242.101,"Bengaluru, IN",pm_tok_synthetic_00782,336,1,0,1,1,0,NONE
tx_fraud_000305,usr_fraud_burstB_024,merch_razorpay_044,5705.97,INR,2026-08-14T08:18:55+00:00,dev_fraud_burstB_004,203.0.113.101,"Pune, IN",pm_tok_burstB_010,23,14,4,4,27,1,SHARED_IP_BURST
tx_fraud_000558,usr_fraud_anomD_077,merch_razorpay_029,73771.01,INR,2026-08-14T08:25:46+00:00,dev_anomD_077,192.0.2.213,Unknown / VPN Node,pm_tok_anomD_077,9,12,5,2,4,1,BEHAVIORAL_ANOMALY
tx_legit_004212,usr_norm_0600,merch_razorpay_028,278.68,INR,2026-08-14T08:28:09+00:00,dev_fingerprint_0811,192.168.126.27,"Kolkata, IN",pm_tok_synthetic_00795,773,1,2,3,1,0,NONE
tx_legit_007443,usr_norm_1777,merch_razorpay_046,1908.27,INR,2026-08-14T08:28:39+00:00,dev_fingerprint_0259,192.168.179.246,"Kolkata, IN",pm_tok_synthetic_00586,685,1,0,1,1,0,NONE
tx_legit_005758,usr_norm_0403,merch_razorpay_016,601.94,INR,2026-08-14T08:28:51+00:00,dev_fingerprint_0031,192.168.76.56,"Delhi, IN",pm_tok_synthetic_00778,789,3,1,1,1,0,NONE
tx_legit_005608,usr_norm_1516,merch_razorpay_045,335.84,INR,2026-08-14T08:32:34+00:00,dev_fingerprint_0011,192.168.56.190,"Chennai, IN",pm_tok_synthetic_02021,273,1,0,1,1,0,NONE
tx_legit_004674,usr_norm_1393,merch_razorpay_018,527.61,INR,2026-08-14T08:35:26+00:00,dev_fingerprint_1702,192.168.157.252,"Delhi, IN",pm_tok_synthetic_01230,124,1,0,1,1,0,NONE
tx_fraud_000243,usr_fraud_burstB_022,merch_razorpay_044,2705.81,INR,2026-08-14T08:43:12+00:00,dev_fraud_burstB_021,203.0.113.103,"Ahmedabad, IN",pm_tok_burstB_020,7,24,4,3,30,1,SHARED_IP_BURST
tx_legit_003166,usr_norm_0724,merch_razorpay_006,517.86,INR,2026-08-14T08:44:13+00:00,dev_fingerprint_0553,192.168.221.28,"Delhi, IN",pm_tok_synthetic_00106,356,1,0,1,1,0,NONE
tx_legit_006216,usr_norm_1828,merch_razorpay_011,581.43,INR,2026-08-14T08:47:39+00:00,dev_fingerprint_1370,192.168.105.250,"Bengaluru, IN",pm_tok_synthetic_00662,750,2,0,2,1,0,NONE
tx_fraud_000009,usr_fraud_ringA_008,merch_razorpay_043,11098.09,INR,2026-08-14T08:55:28+00:00,dev_fraud_ring_A_2,198.51.100.52,"Kolkata, IN",pm_tok_ringA_010,14,6,1,18,3,1,DEVICE_SHARING_RING
tx_legit_000359,usr_norm_1371,merch_razorpay_009,200.82,INR,2026-08-14T09:00:37+00:00,dev_fingerprint_1345,192.168.68.34,"Chennai, IN",pm_tok_synthetic_02334,670,1,0,1,2,0,NONE
tx_legit_003934,usr_norm_1431,merch_razorpay_040,655.48,INR,2026-08-14T09:01:12+00:00,dev_fingerprint_0227,192.168.105.250,"Delhi, IN",pm_tok_synthetic_01843,512,1,0,1,1,0,NONE
tx_legit_002559,usr_norm_1676,merch_razorpay_024,249.55,INR,2026-08-14T09:01:52+00:00,dev_fingerprint_0346,10.0.216.123,"Delhi, IN",pm_tok_synthetic_00211,702,3,0,1,1,0,NONE
tx_legit_007624,usr_norm_0510,merch_razorpay_041,456.66,INR,2026-08-14T09:02:09+00:00,dev_fingerprint_1321,10.0.45.46,"Bengaluru, IN",pm_tok_synthetic_01636,800,1,0,3,1,0,NONE
tx_legit_008053,usr_norm_0912,merch_razorpay_028,601.05,INR,2026-08-14T09:05:11+00:00,dev_fingerprint_1833,10.0.83.250,"Hyderabad, IN",pm_tok_synthetic_00413,708,1,0,1,1,0,NONE
tx_legit_001496,usr_norm_0612,merch_razorpay_021,707.97,INR,2026-08-14T09:05:19+00:00,dev_fingerprint_1086,192.168.83.219,"Hyderabad, IN",pm_tok_synthetic_00034,654,1,0,1,2,0,NONE
tx_legit_001120,usr_norm_0039,merch_razorpay_021,677.87,INR,2026-08-14T09:06:32+00:00,dev_fingerprint_1183,192.168.246.167,"Delhi, IN",pm_tok_synthetic_00871,188,1,0,1,3,0,NONE
tx_legit_008078,usr_norm_0522,merch_razorpay_023,1365.83,INR,2026-08-14T09:07:13+00:00,dev_fingerprint_0897,192.168.103.209,"Pune, IN",pm_tok_synthetic_01853,356,1,0,1,1,0,NONE
tx_legit_000586,usr_norm_1910,merch_razorpay_046,190.22,INR,2026-08-14T09:17:00+00:00,dev_fingerprint_1308,192.168.30.120,"Chennai, IN",pm_tok_synthetic_01119,454,1,0,1,4,0,NONE
tx_legit_003082,usr_norm_1104,merch_razorpay_014,265.53,INR,2026-08-14T09:17:44+00:00,dev_fingerprint_1045,192.168.109.153,"Bengaluru, IN",pm_tok_synthetic_01625,402,1,0,3,3,0,NONE
tx_legit_007480,usr_norm_0701,merch_razorpay_014,674.36,INR,2026-08-14T09:31:34+00:00,dev_fingerprint_1126,192.168.239.90,"Chennai, IN",pm_tok_synthetic_02233,503,2,0,1,1,0,NONE
tx_legit_003730,usr_norm_1750,merch_razorpay_034,987.95,INR,2026-08-14T09:33:16+00:00,dev_fingerprint_0920,192.168.61.219,"Mumbai, IN",pm_tok_synthetic_00067,67,1,1,1,2,0,NONE
tx_legit_005252,usr_norm_1023,merch_razorpay_032,485.35,INR,2026-08-14T09:37:00+00:00,dev_fingerprint_1962,192.168.12.170,"Bengaluru, IN",pm_tok_synthetic_01755,315,2,0,1,1,0,NONE
tx_legit_003691,usr_norm_1725,merch_razorpay_013,770.08,INR,2026-08-14T09:39:57+00:00,dev_fingerprint_1007,192.168.196.46,"Ahmedabad, IN",pm_tok_synthetic_00589,583,1,0,1,1,0,NONE
tx_legit_005242,usr_norm_1145,merch_razorpay_003,251.8,INR,2026-08-14T09:43:55+00:00,dev_fingerprint_0774,192.168.168.83,"Chennai, IN",pm_tok_synthetic_00541,141,3,0,1,2,0,NONE
tx_legit_000270,usr_norm_1841,merch_razorpay_022,393.63,INR,2026-08-14T09:51:04+00:00,dev_fingerprint_1990,10.0.45.68,"Pune, IN",pm_tok_synthetic_01500,209,1,0,1,1,0,NONE
tx_legit_007623,usr_norm_1697,merch_razorpay_027,599.53,INR,2026-08-14T10:01:00+00:00,dev_fingerprint_1389,192.168.239.106,"Delhi, IN",pm_tok_synthetic_02171,729,2,0,1,2,0,NONE
tx_legit_001484,usr_norm_1400,merch_razorpay_032,194.62,INR,2026-08-14T10:04:08+00:00,dev_fingerprint_0160,192.168.115.138,"Ahmedabad, IN",pm_tok_synthetic_00229,819,1,0,1,1,0,NONE
tx_legit_005256,usr_norm_0224,merch_razorpay_011,2180.86,INR,2026-08-14T10:13:23+00:00,dev_fingerprint_0337,192.168.172.125,"Chennai, IN",pm_tok_synthetic_01321,756,2,0,1,1,0,NONE
tx_legit_006637,usr_norm_1075,merch_razorpay_009,350.2,INR,2026-08-14T10:13:24+00:00,dev_fingerprint_0329,192.168.109.47,"Bengaluru, IN",pm_tok_synthetic_00904,661,2,0,1,1,0,NONE
tx_legit_001848,usr_norm_1218,merch_razorpay_023,319.59,INR,2026-08-14T10:17:39+00:00,dev_fingerprint_0423,10.0.25.208,"Hyderabad, IN",pm_tok_synthetic_00830,884,2,1,1,1,0,NONE
tx_legit_007240,usr_norm_1069,merch_razorpay_009,731.63,INR,2026-08-14T10:22:54+00:00,dev_fingerprint_1133,10.0.232.113,"Chennai, IN",pm_tok_synthetic_02273,174,1,0,1,1,0,NONE
tx_legit_005050,usr_norm_0411,merch_razorpay_019,731.09,INR,2026-08-14T10:26:42+00:00,dev_fingerprint_0655,192.168.30.120,"Bengaluru, IN",pm_tok_synthetic_00832,409,1,0,1,1,0,NONE
tx_legit_002729,usr_norm_0839,merch_razorpay_026,256.92,INR,2026-08-14T10:30:05+00:00,dev_fingerprint_0762,192.168.7.22,"Chennai, IN",pm_tok_synthetic_02433,486,1,0,1,1,0,NONE
tx_legit_008158,usr_norm_1987,merch_razorpay_040,671.58,INR,2026-08-14T10:30:23+00:00,dev_fingerprint_1640,192.168.86.24,"Delhi, IN",pm_tok_synthetic_01794,565,1,0,1,1,0,NONE
tx_legit_006759,usr_norm_0210,merch_razorpay_023,151.04,INR,2026-08-14T10:41:12+00:00,dev_fingerprint_1457,192.168.235.72,"Mumbai, IN",pm_tok_synthetic_00713,842,1,0,1,2,0,NONE
tx_legit_008278,usr_norm_0018,merch_razorpay_047,265.27,INR,2026-08-14T10:41:23+00:00,dev_fingerprint_0980,192.168.159.175,"Pune, IN",pm_tok_synthetic_01645,466,2,0,3,2,0,NONE
tx_legit_006287,usr_norm_0498,merch_razorpay_024,937.15,INR,2026-08-14T10:44:05+00:00,dev_fingerprint_1489,192.168.150.243,"Pune, IN",pm_tok_synthetic_00858,478,2,0,2,1,0,NONE
tx_legit_002589,usr_norm_1270,merch_razorpay_024,840.11,INR,2026-08-14T10:51:26+00:00,dev_fingerprint_0341,192.168.210.244,"Bengaluru, IN",pm_tok_synthetic_00421,127,1,0,1,1,0,NONE
tx_legit_001837,usr_norm_1808,merch_razorpay_047,1821.36,INR,2026-08-14T10:55:08+00:00,dev_fingerprint_1164,10.0.70.235,"Hyderabad, IN",pm_tok_synthetic_01149,169,2,0,1,3,0,NONE
tx_legit_000565,usr_norm_0260,merch_razorpay_042,202.64,INR,2026-08-14T10:55:51+00:00,dev_fingerprint_0092,10.0.176.109,"Mumbai, IN",pm_tok_synthetic_00209,613,1,0,1,2,0,NONE
tx_legit_008993,usr_norm_0053,merch_razorpay_005,925.74,INR,2026-08-14T10:57:51+00:00,dev_fingerprint_1162,192.168.89.109,"Ahmedabad, IN",pm_tok_synthetic_00347,83,1,0,1,1,0,NONE
tx_legit_001031,usr_norm_0878,merch_razorpay_018,871.51,INR,2026-08-14T10:59:36+00:00,dev_fingerprint_0398,192.168.65.214,"Delhi, IN",pm_tok_synthetic_00490,727,1,0,1,1,0,NONE
tx_fraud_000412,usr_fraud_reuseC_011,merch_razorpay_017,16506.6,INR,2026-08-14T11:00:02+00:00,dev_reuseC_001,198.51.100.155,"Delhi, IN",pm_tok_stolen_C_005,0,8,3,5,3,1,PAYMENT_REF_REUSE
tx_legit_008110,usr_norm_1455,merch_razorpay_011,483.44,INR,2026-08-14T11:00:04+00:00,dev_fingerprint_0461,192.168.151.142,"Ahmedabad, IN",pm_tok_synthetic_01630,432,1,0,1,1,0,NONE
tx_legit_000350,usr_norm_0538,merch_razorpay_041,201.45,INR,2026-08-14T11:00:18+00:00,dev_fingerprint_1308,192.168.7.46,"Kolkata, IN",pm_tok_synthetic_02445,427,3,0,1,3,0,NONE
tx_legit_005259,usr_norm_0633,merch_razorpay_044,273.03,INR,2026-08-14T11:03:29+00:00,dev_fingerprint_1652,192.168.61.228,"Chennai, IN",pm_tok_synthetic_01630,548,1,0,1,1,0,NONE
tx_fraud_000337,usr_fraud_reuseC_016,merch_razorpay_042,17201.25,INR,2026-08-14T11:05:06+00:00,dev_reuseC_014,198.51.100.138,"Ahmedabad, IN",pm_tok_stolen_C_002,4,6,2,5,6,1,PAYMENT_REF_REUSE
tx_legit_000084,usr_norm_0479,merch_razorpay_045,594.07,INR,2026-08-14T11:07:59+00:00,dev_fingerprint_1995,192.168.49.25,"Hyderabad, IN",pm_tok_synthetic_00568,305,1,0,1,2,0,NONE
tx_legit_004219,usr_norm_1268,merch_razorpay_010,3561.85,INR,2026-08-14T11:13:08+00:00,dev_fingerprint_0047,192.168.207.79,"Chennai, IN",pm_tok_synthetic_00961,707,1,0,1,1,0,NONE
tx_fraud_000313,usr_fraud_burstB_002,merch_razorpay_028,3011.89,INR,2026-08-14T11:21:04+00:00,dev_fraud_burstB_033,203.0.113.105,"Delhi, IN",pm_tok_burstB_020,26,10,8,1,19,1,SHARED_IP_BURST
tx_legit_001772,usr_norm_1147,merch_razorpay_029,764.9,INR,2026-08-14T11:25:18+00:00,dev_fingerprint_1401,192.168.246.179,"Mumbai, IN",pm_tok_synthetic_02149,650,1,0,1,2,0,NONE
tx_legit_001016,usr_norm_0387,merch_razorpay_004,109.91,INR,2026-08-14T11:35:01+00:00,dev_fingerprint_1374,192.168.1.78,"Pune, IN",pm_tok_synthetic_02148,356,1,0,1,3,0,NONE
tx_legit_001189,usr_norm_0271,merch_razorpay_020,715.5,INR,2026-08-14T11:38:26+00:00,dev_fingerprint_1241,192.168.232.161,"Ahmedabad, IN",pm_tok_synthetic_02111,173,1,0,1,1,0,NONE
tx_legit_005318,usr_norm_1745,merch_razorpay_031,324.09,INR,2026-08-14T11:42:55+00:00,dev_fingerprint_1295,10.0.54.195,"Kolkata, IN",pm_tok_synthetic_00776,173,2,0,1,1,0,NONE
tx_legit_000087,usr_norm_0249,merch_razorpay_048,892.8,INR,2026-08-14T11:48:55+00:00,dev_fingerprint_0670,192.168.60.121,"Mumbai, IN",pm_tok_synthetic_02366,768,2,0,1,1,0,NONE
tx_legit_008650,usr_norm_0218,merch_razorpay_034,511.62,INR,2026-08-14T12:09:46+00:00,dev_fingerprint_1177,192.168.102.227,"Bengaluru, IN",pm_tok_synthetic_00513,354,1,1,1,1,0,NONE
tx_legit_000285,usr_norm_0357,merch_razorpay_021,1654.82,INR,2026-08-14T12:17:23+00:00,dev_fingerprint_0006,192.168.162.156,"Ahmedabad, IN",pm_tok_synthetic_00892,622,2,0,2,1,0,NONE
tx_legit_009100,usr_norm_1390,merch_razorpay_047,804.07,INR,2026-08-14T12:20:10+00:00,dev_fingerprint_0316,192.168.65.249,"Hyderabad, IN",pm_tok_synthetic_00154,501,3,0,1,2,0,NONE
tx_legit_001126,usr_norm_0455,merch_razorpay_005,2377.36,INR,2026-08-14T12:20:16+00:00,dev_fingerprint_1107,192.168.50.103,"Ahmedabad, IN",pm_tok_synthetic_01572,803,1,1,2,2,0,NONE
tx_legit_007469,usr_norm_1767,merch_razorpay_032,125.41,INR,2026-08-14T12:23:39+00:00,dev_fingerprint_0093,192.168.170.149,"Mumbai, IN",pm_tok_synthetic_00710,373,2,0,1,2,0,NONE
tx_legit_001649,usr_norm_1712,merch_razorpay_015,877.15,INR,2026-08-14T12:24:56+00:00,dev_fingerprint_0444,192.168.100.117,"Hyderabad, IN",pm_tok_synthetic_02455,683,2,0,1,1,0,NONE
tx_legit_003563,usr_norm_0041,merch_razorpay_038,1698.45,INR,2026-08-14T12:28:43+00:00,dev_fingerprint_0221,10.0.185.83,"Mumbai, IN",pm_tok_synthetic_02278,406,1,1,1,1,0,NONE
tx_legit_004624,usr_norm_0278,merch_razorpay_040,284.03,INR,2026-08-14T12:32:45+00:00,dev_fingerprint_1195,192.168.239.61,"Bengaluru, IN",pm_tok_synthetic_00109,641,1,0,1,4,0,NONE
tx_legit_008681,usr_norm_0645,merch_razorpay_001,469.36,INR,2026-08-14T12:34:25+00:00,dev_fingerprint_0025,192.168.121.133,"Delhi, IN",pm_tok_synthetic_00562,748,1,0,3,1,0,NONE
tx_legit_004718,usr_norm_1377,merch_razorpay_040,754.78,INR,2026-08-14T12:39:33+00:00,dev_fingerprint_0323,10.0.183.8,"Pune, IN",pm_tok_synthetic_02457,483,1,0,1,1,0,NONE
tx_legit_006454,usr_norm_0003,merch_razorpay_007,369.92,INR,2026-08-14T12:48:36+00:00,dev_fingerprint_1156,192.168.74.109,"Bengaluru, IN",pm_tok_synthetic_00281,879,1,0,1,1,0,NONE
tx_legit_006486,usr_norm_0969,merch_razorpay_014,300.43,INR,2026-08-14T12:49:51+00:00,dev_fingerprint_0456,192.168.44.45,"Ahmedabad, IN",pm_tok_synthetic_01861,369,2,0,1,1,0,NONE
tx_legit_007670,usr_norm_0496,merch_razorpay_025,765.32,INR,2026-08-14T12:53:21+00:00,dev_fingerprint_0409,192.168.63.79,"Delhi, IN",pm_tok_synthetic_02234,214,1,0,1,1,0,NONE
tx_legit_007159,usr_norm_1598,merch_razorpay_038,749.62,INR,2026-08-14T12:54:53+00:00,dev_fingerprint_1690,192.168.156.163,"Chennai, IN",pm_tok_synthetic_00352,466,1,0,1,1,0,NONE
tx_legit_007760,usr_norm_1207,merch_razorpay_033,328.16,INR,2026-08-14T12:54:58+00:00,dev_fingerprint_0987,192.168.42.139,"Pune, IN",pm_tok_synthetic_01056,99,1,0,2,1,0,NONE
tx_legit_004361,usr_norm_1797,merch_razorpay_041,391.15,INR,2026-08-14T13:04:08+00:00,dev_fingerprint_0667,192.168.246.179,"Kolkata, IN",pm_tok_synthetic_00814,795,2,1,1,1,0,NONE
tx_fraud_000359,usr_fraud_reuseC_018,merch_razorpay_016,10282.15,INR,2026-08-14T13:22:17+00:00,dev_reuseC_020,198.51.100.181,"Chennai, IN",pm_tok_stolen_C_004,2,3,2,5,6,1,PAYMENT_REF_REUSE
tx_legit_000437,usr_norm_1287,merch_razorpay_039,524.5,INR,2026-08-14T13:24:50+00:00,dev_fingerprint_0021,10.0.104.116,"Chennai, IN",pm_tok_synthetic_01856,864,1,0,1,5,0,NONE
tx_legit_005932,usr_norm_1146,merch_razorpay_034,756.43,INR,2026-08-14T13:25:35+00:00,dev_fingerprint_0033,192.168.100.68,"Ahmedabad, IN",pm_tok_synthetic_02141,546,1,0,1,1,0,NONE
tx_legit_008363,usr_norm_1585,merch_razorpay_015,1810.31,INR,2026-08-14T13:27:52+00:00,dev_fingerprint_1182,10.0.134.176,"Chennai, IN",pm_tok_synthetic_01278,684,2,0,1,4,0,NONE
tx_legit_000866,usr_norm_0754,merch_razorpay_035,373.97,INR,2026-08-14T13:28:41+00:00,dev_fingerprint_1173,192.168.204.189,"Chennai, IN",pm_tok_synthetic_02324,63,1,0,2,1,0,NONE
tx_legit_001803,usr_norm_1142,merch_razorpay_030,713.53,INR,2026-08-14T13:30:59+00:00,dev_fingerprint_1350,192.168.215.6,"Pune, IN",pm_tok_synthetic_01083,201,1,2,1,2,0,NONE
tx_legit_000145,usr_norm_1782,merch_razorpay_008,1254.17,INR,2026-08-14T13:36:11+00:00,dev_fingerprint_0616,192.168.187.202,"Mumbai, IN",pm_tok_synthetic_01715,34,3,0,1,1,0,NONE
tx_legit_002761,usr_norm_0921,merch_razorpay_040,948.44,INR,2026-08-14T13:38:49+00:00,dev_fingerprint_0425,10.0.207.188,"Ahmedabad, IN",pm_tok_synthetic_01968,368,2,1,3,2,0,NONE
tx_legit_001290,usr_norm_0596,merch_razorpay_034,512.53,INR,2026-08-14T13:40:51+00:00,dev_fingerprint_1410,10.0.218.22,"Delhi, IN",pm_tok_synthetic_00540,695,1,0,1,1,0,NONE
tx_legit_003699,usr_norm_0091,merch_razorpay_026,255.69,INR,2026-08-14T13:41:31+00:00,dev_fingerprint_0562,192.168.104.178,"Bengaluru, IN",pm_tok_synthetic_00230,390,1,2,1,3,0,NONE
tx_legit_002801,usr_norm_0539,merch_razorpay_039,474.19,INR,2026-08-14T13:42:50+00:00,dev_fingerprint_1541,192.168.44.169,"Bengaluru, IN",pm_tok_synthetic_02404,146,1,0,1,1,0,NONE
tx_legit_005967,usr_norm_1856,merch_razorpay_008,363.97,INR,2026-08-14T13:45:56+00:00,dev_fingerprint_1942,192.168.217.14,"Delhi, IN",pm_tok_synthetic_00458,743,2,0,1,4,0,NONE
tx_legit_005394,usr_norm_1420,merch_razorpay_034,494.39,INR,2026-08-14T13:52:38+00:00,dev_fingerprint_0880,192.168.220.121,"Chennai, IN",pm_tok_synthetic_02359,121,2,0,2,1,0,NONE
tx_legit_005610,usr_norm_1870,merch_razorpay_021,2228.94,INR,2026-08-14T13:54:25+00:00,dev_fingerprint_0723,192.168.142.181,"Pune, IN",pm_tok_synthetic_01867,200,1,0,1,2,0,NONE
tx_legit_006444,usr_norm_0469,merch_razorpay_007,310.29,INR,2026-08-14T13:57:08+00:00,dev_fingerprint_0631,192.168.71.113,"Delhi, IN",pm_tok_synthetic_01474,809,3,0,1,1,0,NONE
tx_legit_003553,usr_norm_1934,merch_razorpay_006,202.57,INR,2026-08-14T14:08:09+00:00,dev_fingerprint_1751,192.168.170.95,"Kolkata, IN",pm_tok_synthetic_01321,353,2,0,1,1,0,NONE
tx_legit_007313,usr_norm_0236,merch_razorpay_020,1618.15,INR,2026-08-14T14:17:12+00:00,dev_fingerprint_1826,192.168.166.88,"Chennai, IN",pm_tok_synthetic_01186,687,1,0,1,1,0,NONE
tx_legit_000102,usr_norm_1562,merch_razorpay_009,217.16,INR,2026-08-14T14:18:32+00:00,dev_fingerprint_1097,192.168.2.195,"Pune, IN",pm_tok_synthetic_00853,621,2,0,2,3,0,NONE
tx_legit_007695,usr_norm_0264,merch_razorpay_044,1009.08,INR,2026-08-14T14:20:48+00:00,dev_fingerprint_1276,192.168.69.212,"Chennai, IN",pm_tok_synthetic_00486,161,1,0,1,1,0,NONE
tx_fraud_000461,usr_fraud_reuseC_000,merch_razorpay_045,17339.67,INR,2026-08-14T14:22:22+00:00,dev_reuseC_017,198.51.100.195,"Bengaluru, IN",pm_tok_stolen_C_002,2,3,3,5,5,1,PAYMENT_REF_REUSE
tx_legit_003698,usr_norm_1811,merch_razorpay_006,168.89,INR,2026-08-14T14:26:31+00:00,dev_fingerprint_0604,192.168.31.191,"Kolkata, IN",pm_tok_synthetic_00642,838,1,0,1,1,0,NONE
tx_legit_007997,usr_norm_0292,merch_razorpay_014,428.06,INR,2026-08-14T14:29:20+00:00,dev_fingerprint_1118,192.168.66.12,"Pune, IN",pm_tok_synthetic_01082,654,1,1,1,3,0,NONE
tx_fraud_000037,usr_fraud_ringA_011,merch_razorpay_021,8282.52,INR,2026-08-14T14:31:04+00:00,dev_fraud_ring_A_2,198.51.100.35,"Ahmedabad, IN",pm_tok_ringA_010,11,8,4,16,6,1,DEVICE_SHARING_RING
tx_legit_008827,usr_norm_0360,merch_razorpay_048,1329.45,INR,2026-08-14T14:43:10+00:00,dev_fingerprint_0141,192.168.60.121,"Delhi, IN",pm_tok_synthetic_01933,62,1,0,1,1,0,NONE
tx_legit_004197,usr_norm_1803,merch_razorpay_004,616.54,INR,2026-08-14T14:48:10+00:00,dev_fingerprint_0892,192.168.103.172,"Delhi, IN",pm_tok_synthetic_00885,654,2,1,1,1,0,NONE
tx_legit_002026,usr_norm_1807,merch_razorpay_023,1065.22,INR,2026-08-14T14:48:17+00:00,dev_fingerprint_0687,192.168.62.225,"Chennai, IN",pm_tok_synthetic_00131,738,1,0,1,1,0,NONE
tx_legit_008984,usr_norm_0029,merch_razorpay_021,790.75,INR,2026-08-14T14:50:34+00:00,dev_fingerprint_0851,10.0.23.167,"Pune, IN",pm_tok_synthetic_00389,350,1,0,1,1,0,NONE
tx_legit_006806,usr_norm_1623,merch_razorpay_014,388.47,INR,2026-08-14T14:52:08+00:00,dev_fingerprint_1371,10.0.184.33,"Chennai, IN",pm_tok_synthetic_02351,886,1,0,1,2,0,NONE
tx_legit_000187,usr_norm_0454,merch_razorpay_041,357.23,INR,2026-08-14T14:52:16+00:00,dev_fingerprint_1160,192.168.178.77,"Mumbai, IN",pm_tok_synthetic_01593,723,3,0,1,3,0,NONE
tx_legit_003478,usr_norm_1876,merch_razorpay_039,1084.74,INR,2026-08-14T14:59:29+00:00,dev_fingerprint_0757,192.168.109.47,"Ahmedabad, IN",pm_tok_synthetic_02389,605,2,0,1,1,0,NONE
tx_legit_005001,usr_norm_1242,merch_razorpay_015,840.58,INR,2026-08-14T15:01:10+00:00,dev_fingerprint_0482,192.168.134.248,"Delhi, IN",pm_tok_synthetic_01770,420,1,0,1,2,0,NONE
tx_legit_002758,usr_norm_1358,merch_razorpay_008,286.0,INR,2026-08-14T15:07:25+00:00,dev_fingerprint_0219,192.168.7.233,"Chennai, IN",pm_tok_synthetic_00784,131,1,0,1,1,0,NONE
tx_legit_002904,usr_norm_1460,merch_razorpay_013,294.91,INR,2026-08-14T15:12:11+00:00,dev_fingerprint_0919,192.168.137.110,"Hyderabad, IN",pm_tok_synthetic_00539,241,1,0,1,2,0,NONE
tx_fraud_000175,usr_fraud_burstB_014,merch_razorpay_001,7812.96,INR,2026-08-14T15:16:29+00:00,dev_fraud_burstB_020,203.0.113.104,"Ahmedabad, IN",pm_tok_burstB_001,14,20,3,1,22,1,SHARED_IP_BURST
tx_legit_007124,usr_norm_1672,merch_razorpay_035,125.83,INR,2026-08-14T15:18:17+00:00,dev_fingerprint_0722,192.168.158.105,"Kolkata, IN",pm_tok_synthetic_01206,326,1,0,1,2,0,NONE
tx_legit_005328,usr_norm_0137,merch_razorpay_034,389.25,INR,2026-08-14T15:21:25+00:00,dev_fingerprint_0210,192.168.112.163,"Pune, IN",pm_tok_synthetic_02113,157,1,0,2,3,0,NONE
tx_legit_004771,usr_norm_0499,merch_razorpay_047,380.4,INR,2026-08-14T15:26:14+00:00,dev_fingerprint_1865,10.0.220.145,"Kolkata, IN",pm_tok_synthetic_00283,868,2,0,1,1,0,NONE
tx_legit_007976,usr_norm_0454,merch_razorpay_026,155.79,INR,2026-08-14T15:26:22+00:00,dev_fingerprint_1160,192.168.178.77,"Chennai, IN",pm_tok_synthetic_01593,723,1,0,1,1,0,NONE
tx_legit_004644,usr_norm_1413,merch_razorpay_045,855.56,INR,2026-08-14T15:33:18+00:00,dev_fingerprint_0100,10.0.187.26,"Ahmedabad, IN",pm_tok_synthetic_01635,298,1,0,1,5,0,NONE
tx_legit_003881,usr_norm_1328,merch_razorpay_044,856.31,INR,2026-08-14T15:37:02+00:00,dev_fingerprint_0245,192.168.86.24,"Bengaluru, IN",pm_tok_synthetic_00995,39,3,0,1,1,0,NONE
tx_legit_005774,usr_norm_0479,merch_razorpay_046,149.46,INR,2026-08-14T15:40:22+00:00,dev_fingerprint_1793,192.168.49.25,"Pune, IN",pm_tok_synthetic_00568,305,1,0,1,1,0,NONE
tx_fraud_000219,usr_fraud_burstB_028,merch_razorpay_009,8505.71,INR,2026-08-14T15:41:16+00:00,dev_fraud_burstB_004,203.0.113.103,"Bengaluru, IN",pm_tok_burstB_018,22,16,6,3,12,1,SHARED_IP_BURST
tx_fraud_000297,usr_fraud_burstB_016,merch_razorpay_030,9825.21,INR,2026-08-14T16:00:53+00:00,dev_fraud_burstB_008,203.0.113.102,"Kolkata, IN",pm_tok_burstB_016,6,21,8,2,31,1,SHARED_IP_BURST
tx_legit_000894,usr_norm_0873,merch_razorpay_033,605.46,INR,2026-08-14T16:11:45+00:00,dev_fingerprint_0182,10.0.219.81,"Pune, IN",pm_tok_synthetic_01455,258,1,0,1,1,0,NONE
tx_legit_007980,usr_norm_0387,merch_razorpay_020,1145.23,INR,2026-08-14T16:13:35+00:00,dev_fingerprint_1374,192.168.1.78,"Kolkata, IN",pm_tok_synthetic_02148,356,1,0,1,1,0,NONE
tx_legit_003470,usr_norm_0399,merch_razorpay_039,549.97,INR,2026-08-14T16:15:52+00:00,dev_fingerprint_1379,192.168.138.244,"Chennai, IN",pm_tok_synthetic_01061,70,1,0,1,1,0,NONE
tx_legit_001940,usr_norm_0754,merch_razorpay_003,603.53,INR,2026-08-14T16:19:49+00:00,dev_fingerprint_1173,192.168.204.189,"Mumbai, IN",pm_tok_synthetic_02324,63,1,0,1,1,0,NONE
tx_legit_008240,usr_norm_1746,merch_razorpay_014,520.54,INR,2026-08-14T16:21:26+00:00,dev_fingerprint_0073,192.168.4.249,"Bengaluru, IN",pm_tok_synthetic_00103,767,2,0,1,1,0,NONE
tx_legit_001321,usr_norm_1035,merch_razorpay_006,507.11,INR,2026-08-14T16:21:30+00:00,dev_fingerprint_0679,192.168.50.103,"Kolkata, IN",pm_tok_synthetic_01477,330,1,0,1,1,0,NONE
tx_legit_002177,usr_norm_1353,merch_razorpay_037,342.18,INR,2026-08-14T16:24:23+00:00,dev_fingerprint_1018,192.168.131.192,"Ahmedabad, IN",pm_tok_synthetic_02258,187,1,0,1,3,0,NONE
tx_legit_002314,usr_norm_0791,merch_razorpay_014,650.35,INR,2026-08-14T16:24:26+00:00,dev_fingerprint_0900,192.168.98.123,"Pune, IN",pm_tok_synthetic_01078,261,1,0,1,1,0,NONE
tx_legit_004426,usr_norm_0283,merch_razorpay_026,639.94,INR,2026-08-14T16:33:43+00:00,dev_fingerprint_1596,192.168.193.240,"Chennai, IN",pm_tok_synthetic_00129,616,2,0,1,2,0,NONE
tx_legit_006965,usr_norm_1094,merch_razorpay_017,1062.16,INR,2026-08-14T16:35:59+00:00,dev_fingerprint_0574,192.168.114.242,"Pune, IN",pm_tok_synthetic_00573,581,1,0,1,1,0,NONE
tx_legit_000737,usr_norm_1098,merch_razorpay_042,713.82,INR,2026-08-14T16:36:22+00:00,dev_fingerprint_1191,192.168.226.71,"Chennai, IN",pm_tok_synthetic_01659,817,1,0,1,1,0,NONE
tx_legit_002471,usr_norm_1621,merch_razorpay_028,252.98,INR,2026-08-14T16:37:00+00:00,dev_fingerprint_0891,192.168.116.63,"Pune, IN",pm_tok_synthetic_01401,587,4,0,1,3,0,NONE
tx_legit_006626,usr_norm_0685,merch_razorpay_025,484.59,INR,2026-08-14T16:37:47+00:00,dev_fingerprint_1799,192.168.56.114,"Chennai, IN",pm_tok_synthetic_00535,272,1,0,1,2,0,NONE
tx_legit_008541,usr_norm_1692,merch_razorpay_021,1015.36,INR,2026-08-14T16:38:50+00:00,dev_fingerprint_0343,192.168.196.148,"Kolkata, IN",pm_tok_synthetic_01633,517,1,0,2,1,0,NONE
tx_fraud_000029,usr_fraud_ringA_003,merch_razorpay_034,4156.36,INR,2026-08-14T16:39:15+00:00,dev_fraud_ring_A_2,198.51.100.50,"Kolkata, IN",pm_tok_ringA_001,1,11,1,13,5,1,DEVICE_SHARING_RING
tx_legit_001954,usr_norm_0743,merch_razorpay_031,293.34,INR,2026-08-14T16:43:55+00:00,dev_fingerprint_0290,192.168.211.1,"Ahmedabad, IN",pm_tok_synthetic_00454,896,1,0,1,4,0,NONE
tx_legit_002486,usr_norm_1934,merch_razorpay_005,395.47,INR,2026-08-14T16:45:24+00:00,dev_fingerprint_1569,10.0.244.192,"Pune, IN",pm_tok_synthetic_01321,353,1,0,1,2,0,NONE
tx_legit_008184,usr_norm_1675,merch_razorpay_000,1064.05,INR,2026-08-14T16:47:57+00:00,dev_fingerprint_0125,192.168.113.88,"Hyderabad, IN",pm_tok_synthetic_01938,622,1,0,1,1,0,NONE
tx_legit_006067,usr_norm_0670,merch_razorpay_015,341.13,INR,2026-08-14T16:53:38+00:00,dev_fingerprint_1275,10.0.98.66,"Mumbai, IN",pm_tok_synthetic_01900,407,1,0,1,3,0,NONE
tx_legit_006548,usr_norm_0898,merch_razorpay_040,994.67,INR,2026-08-14T16:59:31+00:00,dev_fingerprint_1490,192.168.156.156,"Delhi, IN",pm_tok_synthetic_02442,566,1,0,1,2,0,NONE
tx_legit_008955,usr_norm_1479,merch_razorpay_035,358.02,INR,2026-08-14T17:06:15+00:00,dev_fingerprint_0335,192.168.4.249,"Bengaluru, IN",pm_tok_synthetic_00926,63,1,0,1,1,0,NONE
tx_legit_008858,usr_norm_0177,merch_razorpay_046,647.87,INR,2026-08-14T17:11:06+00:00,dev_fingerprint_0097,192.168.51.99,"Ahmedabad, IN",pm_tok_synthetic_01359,309,1,0,1,2,0,NONE
tx_legit_004789,usr_norm_0386,merch_razorpay_028,292.6,INR,2026-08-14T17:16:40+00:00,dev_fingerprint_1015,192.168.163.214,"Chennai, IN",pm_tok_synthetic_01410,688,1,0,1,1,0,NONE
tx_legit_007901,usr_norm_0408,merch_razorpay_006,980.37,INR,2026-08-14T17:24:01+00:00,dev_fingerprint_1328,192.168.185.241,"Bengaluru, IN",pm_tok_synthetic_01263,297,2,0,1,1,0,NONE
tx_legit_000889,usr_norm_1049,merch_razorpay_011,479.87,INR,2026-08-14T17:28:20+00:00,dev_fingerprint_0868,192.168.232.8,"Hyderabad, IN",pm_tok_synthetic_00425,240,1,0,2,1,0,NONE
tx_legit_009193,usr_norm_1756,merch_razorpay_011,612.87,INR,2026-08-14T17:28:42+00:00,dev_fingerprint_0289,192.168.7.22,"Pune, IN",pm_tok_synthetic_00078,512,1,0,1,1,0,NONE
tx_legit_007957,usr_norm_1648,merch_razorpay_023,334.4,INR,2026-08-14T17:36:43+00:00,dev_fingerprint_0737,192.168.38.63,"Chennai, IN",pm_tok_synthetic_01708,187,1,0,1,1,0,NONE
tx_legit_000156,usr_norm_1122,merch_razorpay_022,373.51,INR,2026-08-14T17:45:55+00:00,dev_fingerprint_0987,192.168.159.65,"Kolkata, IN",pm_tok_synthetic_02474,36,1,1,1,1,0,NONE
tx_fraud_000063,usr_fraud_ringA_012,merch_razorpay_032,7387.26,INR,2026-08-14T17:50:24+00:00,dev_fraud_ring_A_3,198.51.100.15,"Bengaluru, IN",pm_tok_ringA_005,13,5,2,11,2,1,DEVICE_SHARING_RING
tx_legit_004516,usr_norm_1705,merch_razorpay_037,581.58,INR,2026-08-14T17:52:18+00:00,dev_fingerprint_1582,192.168.30.140,"Pune, IN",pm_tok_synthetic_00736,350,3,0,1,2,0,NONE
tx_legit_001975,usr_norm_0363,merch_razorpay_005,596.77,INR,2026-08-14T17:52:56+00:00,dev_fingerprint_0783,192.168.82.229,"Bengaluru, IN",pm_tok_synthetic_01546,414,1,0,1,1,0,NONE
tx_legit_001594,usr_norm_0037,merch_razorpay_035,778.31,INR,2026-08-14T17:55:06+00:00,dev_fingerprint_0866,192.168.28.61,"Ahmedabad, IN",pm_tok_synthetic_00210,324,1,0,1,1,0,NONE
tx_legit_006034,usr_norm_1944,merch_razorpay_000,1516.81,INR,2026-08-14T17:58:49+00:00,dev_fingerprint_1089,192.168.209.126,"Pune, IN",pm_tok_synthetic_02257,749,1,0,1,4,0,NONE
tx_legit_009007,usr_norm_1271,merch_razorpay_035,309.88,INR,2026-08-14T18:08:26+00:00,dev_fingerprint_1979,10.0.207.149,"Kolkata, IN",pm_tok_synthetic_01938,591,1,0,1,1,0,NONE
tx_legit_000153,usr_norm_1102,merch_razorpay_018,492.57,INR,2026-08-14T18:10:35+00:00,dev_fingerprint_0803,192.168.48.18,"Hyderabad, IN",pm_tok_synthetic_02415,780,1,0,1,2,0,NONE
tx_fraud_000247,usr_fraud_burstB_026,merch_razorpay_032,2345.16,INR,2026-08-14T18:14:44+00:00,dev_fraud_burstB_014,203.0.113.102,"Chennai, IN",pm_tok_burstB_006,23,11,3,2,34,1,SHARED_IP_BURST
tx_legit_000068,usr_norm_0995,merch_razorpay_026,1048.32,INR,2026-08-14T18:16:50+00:00,dev_fingerprint_1436,192.168.108.211,"Mumbai, IN",pm_tok_synthetic_01285,758,1,0,1,1,0,NONE
tx_legit_005979,usr_norm_0233,merch_razorpay_046,424.74,INR,2026-08-14T18:20:18+00:00,dev_fingerprint_0093,10.0.232.99,"Delhi, IN",pm_tok_synthetic_02362,301,1,0,1,2,0,NONE
tx_legit_000597,usr_norm_0582,merch_razorpay_010,490.02,INR,2026-08-14T18:31:51+00:00,dev_fingerprint_1297,192.168.98.99,"Bengaluru, IN",pm_tok_synthetic_00381,442,1,0,1,2,0,NONE
tx_legit_008269,usr_norm_1933,merch_razorpay_033,336.76,INR,2026-08-14T18:32:47+00:00,dev_fingerprint_1286,192.168.115.36,"Mumbai, IN",pm_tok_synthetic_00387,643,2,0,1,1,0,NONE
tx_legit_008651,usr_norm_1777,merch_razorpay_040,577.21,INR,2026-08-14T18:35:52+00:00,dev_fingerprint_0259,192.168.179.246,"Hyderabad, IN",pm_tok_synthetic_00586,685,1,0,1,1,0,NONE
tx_legit_000409,usr_norm_0934,merch_razorpay_031,330.88,INR,2026-08-14T18:35:57+00:00,dev_fingerprint_1628,192.168.13.234,"Delhi, IN",pm_tok_synthetic_00380,411,3,0,2,1,0,NONE
tx_legit_007323,usr_norm_1500,merch_razorpay_039,262.65,INR,2026-08-14T18:37:34+00:00,dev_fingerprint_0051,192.168.87.205,"Hyderabad, IN",pm_tok_synthetic_00242,634,1,0,1,2,0,NONE
tx_legit_005866,usr_norm_0662,merch_razorpay_006,1208.3,INR,2026-08-14T18:40:20+00:00,dev_fingerprint_1771,192.168.53.176,"Pune, IN",pm_tok_synthetic_00319,615,2,0,1,1,0,NONE
tx_legit_002708,usr_norm_1364,merch_razorpay_021,531.1,INR,2026-08-14T18:42:28+00:00,dev_fingerprint_1308,192.168.143.57,"Kolkata, IN",pm_tok_synthetic_01478,601,1,0,1,1,0,NONE
tx_legit_003951,usr_norm_0983,merch_razorpay_010,760.09,INR,2026-08-14T18:54:48+00:00,dev_fingerprint_0922,192.168.107.16,"Delhi, IN",pm_tok_synthetic_02413,546,1,1,1,2,0,NONE
tx_legit_001590,usr_norm_1092,merch_razorpay_033,259.87,INR,2026-08-14T18:56:55+00:00,dev_fingerprint_0625,192.168.101.152,"Pune, IN",pm_tok_synthetic_02259,141,1,0,1,1,0,NONE
tx_legit_000831,usr_norm_1185,merch_razorpay_002,413.97,INR,2026-08-14T19:07:48+00:00,dev_fingerprint_0358,192.168.145.243,"Hyderabad, IN",pm_tok_synthetic_02024,479,1,0,1,3,0,NONE
tx_legit_002660,usr_norm_1022,merch_razorpay_000,824.2,INR,2026-08-14T19:14:23+00:00,dev_fingerprint_0355,192.168.133.93,"Chennai, IN",pm_tok_synthetic_02104,152,1,0,1,1,0,NONE
tx_legit_007664,usr_norm_1071,merch_razorpay_025,667.43,INR,2026-08-14T19:18:49+00:00,dev_fingerprint_1221,192.168.132.170,"Ahmedabad, IN",pm_tok_synthetic_01389,590,1,0,1,1,0,NONE
tx_legit_001969,usr_norm_0364,merch_razorpay_024,278.71,INR,2026-08-14T19:27:20+00:00,dev_fingerprint_1925,192.168.203.79,"Delhi, IN",pm_tok_synthetic_02208,166,1,0,1,1,0,NONE
tx_legit_001335,usr_norm_0260,merch_razorpay_015,455.87,INR,2026-08-14T19:28:57+00:00,dev_fingerprint_0092,192.168.51.38,"Mumbai, IN",pm_tok_synthetic_00209,613,1,0,1,1,0,NONE
tx_legit_006008,usr_norm_0224,merch_razorpay_008,632.12,INR,2026-08-14T19:35:37+00:00,dev_fingerprint_0337,192.168.172.125,"Ahmedabad, IN",pm_tok_synthetic_01321,756,1,1,1,1,0,NONE
tx_fraud_000306,usr_fraud_burstB_025,merch_razorpay_043,9712.4,INR,2026-08-14T19:38:38+00:00,dev_fraud_burstB_033,203.0.113.104,"Pune, IN",pm_tok_burstB_010,22,22,3,2,20,1,SHARED_IP_BURST
tx_legit_001403,usr_norm_1076,merch_razorpay_041,1057.7,INR,2026-08-14T19:53:07+00:00,dev_fingerprint_0517,192.168.24.238,"Chennai, IN",pm_tok_synthetic_00469,215,1,0,1,1,0,NONE
tx_legit_002973,usr_norm_1834,merch_razorpay_040,319.24,INR,2026-08-14T19:55:57+00:00,dev_fingerprint_1414,10.0.165.163,"Bengaluru, IN",pm_tok_synthetic_02174,63,1,0,1,2,0,NONE
tx_legit_008754,usr_norm_0377,merch_razorpay_010,267.42,INR,2026-08-14T19:56:13+00:00,dev_fingerprint_0090,192.168.7.12,"Delhi, IN",pm_tok_synthetic_01797,269,1,0,1,1,0,NONE
tx_legit_008343,usr_norm_1842,merch_razorpay_001,1312.07,INR,2026-08-14T19:59:08+00:00,dev_fingerprint_1327,192.168.199.124,"Ahmedabad, IN",pm_tok_synthetic_00274,604,1,0,1,2,0,NONE
tx_legit_005493,usr_norm_0772,merch_razorpay_040,472.8,INR,2026-08-14T20:00:19+00:00,dev_fingerprint_0329,192.168.223.139,"Kolkata, IN",pm_tok_synthetic_00307,590,1,0,2,1,0,NONE
tx_fraud_000427,usr_fraud_reuseC_006,merch_razorpay_026,14063.89,INR,2026-08-14T20:00:42+00:00,dev_reuseC_008,198.51.100.130,"Delhi, IN",pm_tok_stolen_C_003,4,8,1,2,2,1,PAYMENT_REF_REUSE
tx_legit_003489,usr_norm_1344,merch_razorpay_041,460.59,INR,2026-08-14T20:02:51+00:00,dev_fingerprint_1226,192.168.30.120,"Pune, IN",pm_tok_synthetic_02271,194,2,0,1,2,0,NONE
tx_fraud_000229,usr_fraud_burstB_008,merch_razorpay_011,6960.6,INR,2026-08-14T20:03:18+00:00,dev_fraud_burstB_010,203.0.113.105,"Bengaluru, IN",pm_tok_burstB_008,8,17,2,1,16,1,SHARED_IP_BURST
tx_legit_005227,usr_norm_1395,merch_razorpay_032,183.48,INR,2026-08-14T20:05:58+00:00,dev_fingerprint_0158,192.168.195.141,"Pune, IN",pm_tok_synthetic_01329,841,2,0,1,3,0,NONE
tx_legit_007343,usr_norm_1665,merch_razorpay_009,231.05,INR,2026-08-14T20:06:35+00:00,dev_fingerprint_0572,10.0.210.216,"Pune, IN",pm_tok_synthetic_02117,110,1,0,1,3,0,NONE
tx_legit_006647,usr_norm_0386,merch_razorpay_029,324.43,INR,2026-08-14T20:06:36+00:00,dev_fingerprint_1015,192.168.163.214,"Hyderabad, IN",pm_tok_synthetic_01410,688,2,0,1,1,0,NONE
tx_legit_006196,usr_norm_1701,merch_razorpay_015,301.55,INR,2026-08-14T20:10:45+00:00,dev_fingerprint_0553,10.0.141.43,"Pune, IN",pm_tok_synthetic_00402,291,2,0,1,1,0,NONE
tx_legit_003543,usr_norm_1328,merch_razorpay_022,185.17,INR,2026-08-14T20:12:49+00:00,dev_fingerprint_1898,10.0.215.84,"Pune, IN",pm_tok_synthetic_00995,39,2,0,2,2,0,NONE
tx_legit_007799,usr_norm_0025,merch_razorpay_019,462.46,INR,2026-08-14T20:14:00+00:00,dev_fingerprint_1239,192.168.229.114,"Pune, IN",pm_tok_synthetic_00406,842,1,0,2,3,0,NONE
tx_legit_004626,usr_norm_0726,merch_razorpay_037,383.2,INR,2026-08-14T20:17:15+00:00,dev_fingerprint_0575,192.168.98.70,"Ahmedabad, IN",pm_tok_synthetic_01932,572,1,0,1,2,0,NONE
tx_legit_000789,usr_norm_0476,merch_razorpay_017,210.76,INR,2026-08-14T20:17:24+00:00,dev_fingerprint_0597,10.0.93.205,"Mumbai, IN",pm_tok_synthetic_01588,827,1,0,1,1,0,NONE
tx_legit_000530,usr_norm_0795,merch_razorpay_048,1302.65,INR,2026-08-14T20:26:53+00:00,dev_fingerprint_1207,192.168.31.242,"Delhi, IN",pm_tok_synthetic_02267,92,2,0,2,1,0,NONE
tx_legit_002320,usr_norm_0811,merch_razorpay_032,2248.74,INR,2026-08-14T20:28:15+00:00,dev_fingerprint_0859,192.168.216.164,"Chennai, IN",pm_tok_synthetic_01697,183,1,1,1,3,0,NONE
tx_legit_002567,usr_norm_0329,merch_razorpay_000,235.67,INR,2026-08-14T20:28:42+00:00,dev_fingerprint_0820,192.168.221.117,"Kolkata, IN",pm_tok_synthetic_00390,219,2,0,1,2,0,NONE
tx_legit_000743,usr_norm_1935,merch_razorpay_043,155.53,INR,2026-08-14T20:34:48+00:00,dev_fingerprint_1675,192.168.33.129,"Mumbai, IN",pm_tok_synthetic_00649,307,1,0,1,1,0,NONE
tx_legit_004965,usr_norm_0765,merch_razorpay_040,358.39,INR,2026-08-14T20:35:24+00:00,dev_fingerprint_0847,192.168.13.67,"Hyderabad, IN",pm_tok_synthetic_01551,389,1,0,1,3,0,NONE
tx_fraud_000099,usr_fraud_ringA_023,merch_razorpay_008,12673.31,INR,2026-08-14T20:36:41+00:00,dev_fraud_ring_A_0,198.51.100.83,"Ahmedabad, IN",pm_tok_ringA_001,11,11,4,15,4,1,DEVICE_SHARING_RING
tx_legit_005602,usr_norm_1420,merch_razorpay_010,1136.74,INR,2026-08-14T20:44:26+00:00,dev_fingerprint_0880,192.168.220.121,"Delhi, IN",pm_tok_synthetic_02359,121,1,0,1,4,0,NONE
tx_fraud_000328,usr_fraud_reuseC_007,merch_razorpay_004,3279.07,INR,2026-08-14T20:47:55+00:00,dev_reuseC_003,198.51.100.149,"Kolkata, IN",pm_tok_stolen_C_001,1,7,1,4,4,1,PAYMENT_REF_REUSE
tx_legit_008489,usr_norm_0796,merch_razorpay_015,503.44,INR,2026-08-14T20:50:31+00:00,dev_fingerprint_0792,192.168.137.98,"Bengaluru, IN",pm_tok_synthetic_02140,458,2,0,1,2,0,NONE
tx_legit_001830,usr_norm_1284,merch_razorpay_038,328.75,INR,2026-08-14T20:51:15+00:00,dev_fingerprint_0711,192.168.43.216,"Bengaluru, IN",pm_tok_synthetic_02210,262,1,0,1,1,0,NONE
tx_legit_007999,usr_norm_0946,merch_razorpay_039,467.32,INR,2026-08-14T20:53:09+00:00,dev_fingerprint_0094,192.168.216.197,"Ahmedabad, IN",pm_tok_synthetic_01071,700,1,0,1,2,0,NONE
tx_legit_005691,usr_norm_1861,merch_razorpay_048,1070.21,INR,2026-08-14T20:53:28+00:00,dev_fingerprint_1320,192.168.179.109,"Hyderabad, IN",pm_tok_synthetic_01194,223,1,1,1,1,0,NONE
tx_legit_001452,usr_norm_1267,merch_razorpay_044,802.17,INR,2026-08-14T20:56:57+00:00,dev_fingerprint_0922,192.168.2.229,"Hyderabad, IN",pm_tok_synthetic_00685,218,2,0,1,2,0,NONE
tx_legit_001316,usr_norm_1482,merch_razorpay_000,617.27,INR,2026-08-14T21:15:39+00:00,dev_fingerprint_0418,192.168.9.207,"Pune, IN",pm_tok_synthetic_00725,479,2,0,1,1,0,NONE
tx_legit_005910,usr_norm_1471,merch_razorpay_015,590.8,INR,2026-08-14T21:16:40+00:00,dev_fingerprint_0384,192.168.185.68,"Hyderabad, IN",pm_tok_synthetic_00538,219,1,0,2,1,0,NONE
tx_legit_005474,usr_norm_0461,merch_razorpay_035,194.46,INR,2026-08-14T21:26:40+00:00,dev_fingerprint_0922,10.0.177.87,"Kolkata, IN",pm_tok_synthetic_00934,394,1,0,1,2,0,NONE
tx_fraud_000380,usr_fraud_reuseC_019,merch_razorpay_014,8740.35,INR,2026-08-14T21:31:16+00:00,dev_reuseC_004,198.51.100.103,"Ahmedabad, IN",pm_tok_stolen_C_002,3,4,2,5,4,1,PAYMENT_REF_REUSE
tx_legit_001268,usr_norm_0146,merch_razorpay_040,668.33,INR,2026-08-14T21:31:35+00:00,dev_fingerprint_0299,192.168.43.68,"Ahmedabad, IN",pm_tok_synthetic_00156,323,1,0,1,1,0,NONE
tx_legit_003564,usr_norm_1417,merch_razorpay_039,467.01,INR,2026-08-14T21:37:01+00:00,dev_fingerprint_1335,192.168.127.218,"Chennai, IN",pm_tok_synthetic_01130,604,1,0,1,1,0,NONE
tx_legit_003728,usr_norm_1460,merch_razorpay_032,706.61,INR,2026-08-14T21:37:26+00:00,dev_fingerprint_0919,10.0.184.193,"Delhi, IN",pm_tok_synthetic_00539,241,1,0,1,1,0,NONE
tx_legit_000593,usr_norm_0242,merch_razorpay_037,231.54,INR,2026-08-14T21:45:32+00:00,dev_fingerprint_0640,192.168.164.247,"Hyderabad, IN",pm_tok_synthetic_01623,781,1,0,1,1,0,NONE
tx_legit_004555,usr_norm_0061,merch_razorpay_000,1730.14,INR,2026-08-14T21:45:59+00:00,dev_fingerprint_0451,10.0.139.90,"Pune, IN",pm_tok_synthetic_01112,86,1,0,2,3,0,NONE
tx_fraud_000608,usr_fraud_anomD_127,merch_razorpay_030,63779.8,INR,2026-08-14T21:45:59+00:00,dev_anomD_127,192.0.2.130,Unknown / VPN Node,pm_tok_anomD_127,10,10,3,2,3,1,BEHAVIORAL_ANOMALY
tx_legit_004450,usr_norm_1553,merch_razorpay_015,242.53,INR,2026-08-14T21:51:42+00:00,dev_fingerprint_1404,192.168.222.18,"Pune, IN",pm_tok_synthetic_01398,435,1,0,1,1,0,NONE
tx_legit_001251,usr_norm_1320,merch_razorpay_040,376.75,INR,2026-08-14T21:56:08+00:00,dev_fingerprint_1395,192.168.241.244,"Hyderabad, IN",pm_tok_synthetic_01278,360,1,0,1,1,0,NONE
tx_legit_005537,usr_norm_1921,merch_razorpay_020,646.38,INR,2026-08-14T22:05:14+00:00,dev_fingerprint_0244,192.168.236.154,"Bengaluru, IN",pm_tok_synthetic_01135,534,1,0,1,1,0,NONE
tx_legit_006805,usr_norm_1752,merch_razorpay_026,1351.75,INR,2026-08-14T22:08:38+00:00,dev_fingerprint_1476,192.168.75.253,"Bengaluru, IN",pm_tok_synthetic_01660,151,1,0,2,2,0,NONE
tx_legit_006598,usr_norm_0204,merch_razorpay_012,555.71,INR,2026-08-14T22:09:24+00:00,dev_fingerprint_0913,192.168.139.16,"Pune, IN",pm_tok_synthetic_01169,740,3,0,1,3,0,NONE
tx_legit_008188,usr_norm_0119,merch_razorpay_047,669.69,INR,2026-08-14T22:10:35+00:00,dev_fingerprint_0995,10.0.7.85,"Bengaluru, IN",pm_tok_synthetic_00927,170,1,0,1,2,0,NONE
tx_legit_003210,usr_norm_1432,merch_razorpay_040,316.5,INR,2026-08-14T22:11:41+00:00,dev_fingerprint_1612,192.168.50.103,"Mumbai, IN",pm_tok_synthetic_00856,787,1,1,1,1,0,NONE
tx_fraud_000256,usr_fraud_burstB_005,merch_razorpay_021,6250.41,INR,2026-08-14T22:14:36+00:00,dev_fraud_burstB_021,203.0.113.103,"Hyderabad, IN",pm_tok_burstB_010,28,17,6,1,16,1,SHARED_IP_BURST
tx_legit_000853,usr_norm_1434,merch_razorpay_025,388.23,INR,2026-08-14T22:18:32+00:00,dev_fingerprint_1071,192.168.105.24,"Pune, IN",pm_tok_synthetic_01059,591,2,0,1,1,0,NONE
tx_legit_002681,usr_norm_0153,merch_razorpay_027,441.23,INR,2026-08-14T22:19:16+00:00,dev_fingerprint_0616,10.0.124.184,"Delhi, IN",pm_tok_synthetic_00195,274,1,1,1,1,0,NONE
tx_legit_002498,usr_norm_0594,merch_razorpay_030,2018.54,INR,2026-08-14T22:22:12+00:00,dev_fingerprint_0254,192.168.173.68,"Pune, IN",pm_tok_synthetic_00647,481,2,0,1,1,0,NONE
tx_legit_002212,usr_norm_0942,merch_razorpay_022,654.52,INR,2026-08-14T22:22:55+00:00,dev_fingerprint_0897,192.168.64.50,"Kolkata, IN",pm_tok_synthetic_01555,827,2,0,1,1,0,NONE
tx_legit_003228,usr_norm_0058,merch_razorpay_022,405.73,INR,2026-08-14T22:29:29+00:00,dev_fingerprint_1049,192.168.130.156,"Ahmedabad, IN",pm_tok_synthetic_01413,470,3,0,3,2,0,NONE
tx_legit_004930,usr_norm_1593,merch_razorpay_009,151.37,INR,2026-08-14T22:29:43+00:00,dev_fingerprint_1442,192.168.217.113,"Mumbai, IN",pm_tok_synthetic_01160,617,2,0,1,4,0,NONE
tx_fraud_000156,usr_fraud_ringA_005,merch_razorpay_004,14203.84,INR,2026-08-14T22:40:36+00:00,dev_fraud_ring_A_0,198.51.100.46,"Hyderabad, IN",pm_tok_ringA_008,10,8,3,14,3,1,DEVICE_SHARING_RING
tx_legit_003886,usr_norm_0863,merch_razorpay_005,620.48,INR,2026-08-14T22:55:58+00:00,dev_fingerprint_1018,10.0.24.108,"Pune, IN",pm_tok_synthetic_01062,458,1,0,1,1,0,NONE
tx_fraud_000072,usr_fraud_ringA_021,merch_razorpay_031,5753.01,INR,2026-08-14T22:59:27+00:00,dev_fraud_ring_A_2,198.51.100.83,"Kolkata, IN",pm_tok_ringA_003,14,9,1,17,2,1,DEVICE_SHARING_RING
tx_legit_008173,usr_norm_1436,merch_razorpay_017,118.53,INR,2026-08-14T23:04:45+00:00,dev_fingerprint_1431,10.0.32.56,"Bengaluru, IN",pm_tok_synthetic_00075,415,1,0,1,1,0,NONE
tx_legit_003084,usr_norm_0096,merch_razorpay_044,673.43,INR,2026-08-14T23:15:22+00:00,dev_fingerprint_1188,10.0.220.40,"Ahmedabad, IN",pm_tok_synthetic_00168,490,1,0,1,1,0,NONE
tx_legit_002091,usr_norm_0904,merch_razorpay_023,278.21,INR,2026-08-14T23:20:18+00:00,dev_fingerprint_0252,192.168.218.32,"Pune, IN",pm_tok_synthetic_00153,414,2,0,1,1,0,NONE
tx_legit_007300,usr_norm_1403,merch_razorpay_002,906.51,INR,2026-08-14T23:20:24+00:00,dev_fingerprint_1336,192.168.234.150,"Hyderabad, IN",pm_tok_synthetic_02467,41,1,0,1,1,0,NONE
tx_legit_004619,usr_norm_0596,merch_razorpay_002,214.01,INR,2026-08-14T23:23:59+00:00,dev_fingerprint_1953,10.0.165.215,"Mumbai, IN",pm_tok_synthetic_00540,695,3,0,1,1,0,NONE
tx_legit_003745,usr_norm_1623,merch_razorpay_013,506.46,INR,2026-08-14T23:28:01+00:00,dev_fingerprint_1371,192.168.64.191,"Chennai, IN",pm_tok_synthetic_02351,886,1,0,1,3,0,NONE
tx_legit_001297,usr_norm_0959,merch_razorpay_018,378.19,INR,2026-08-14T23:28:27+00:00,dev_fingerprint_0775,192.168.63.252,"Pune, IN",pm_tok_synthetic_00962,110,2,0,1,1,0,NONE
tx_legit_002435,usr_norm_1559,merch_razorpay_020,337.05,INR,2026-08-14T23:32:08+00:00,dev_fingerprint_1550,10.0.193.222,"Mumbai, IN",pm_tok_synthetic_01695,790,1,0,1,4,0,NONE
tx_legit_006656,usr_norm_0226,merch_razorpay_021,486.93,INR,2026-08-14T23:36:36+00:00,dev_fingerprint_0161,192.168.226.18,"Pune, IN",pm_tok_synthetic_00804,680,2,1,3,1,0,NONE
tx_legit_003919,usr_norm_0099,merch_razorpay_000,286.61,INR,2026-08-14T23:52:36+00:00,dev_fingerprint_0126,10.0.246.5,"Kolkata, IN",pm_tok_synthetic_00423,860,1,0,1,3,0,NONE
tx_legit_000140,usr_norm_0550,merch_razorpay_010,809.39,INR,2026-08-14T23:56:26+00:00,dev_fingerprint_0383,10.0.102.179,"Ahmedabad, IN",pm_tok_synthetic_01847,664,1,0,1,2,0,NONE
tx_legit_005593,usr_norm_0366,merch_razorpay_008,381.32,INR,2026-08-14T23:57:19+00:00,dev_fingerprint_0365,192.168.176.154,"Chennai, IN",pm_tok_synthetic_01609,571,1,0,1,1,0,NONE
tx_legit_008678,usr_norm_1377,merch_razorpay_015,896.82,INR,2026-08-15T00:00:58+00:00,dev_fingerprint_0323,10.0.38.43,"Bengaluru, IN",pm_tok_synthetic_02457,483,1,0,1,1,0,NONE
tx_legit_001769,usr_norm_0829,merch_razorpay_017,532.95,INR,2026-08-15T00:01:59+00:00,dev_fingerprint_1877,192.168.70.107,"Chennai, IN",pm_tok_synthetic_02115,412,1,0,1,3,0,NONE
tx_legit_003957,usr_norm_0298,merch_razorpay_003,963.08,INR,2026-08-15T00:04:06+00:00,dev_fingerprint_0249,192.168.125.55,"Bengaluru, IN",pm_tok_synthetic_02224,418,3,0,1,1,0,NONE
tx_legit_007270,usr_norm_1339,merch_razorpay_047,1755.6,INR,2026-08-15T00:09:20+00:00,dev_fingerprint_0275,10.0.43.140,"Delhi, IN",pm_tok_synthetic_00161,526,3,0,1,1,0,NONE
tx_legit_003711,usr_norm_1439,merch_razorpay_018,617.24,INR,2026-08-15T00:11:08+00:00,dev_fingerprint_0411,192.168.220.199,"Ahmedabad, IN",pm_tok_synthetic_01111,84,2,0,1,3,0,NONE
tx_legit_003804,usr_norm_1759,merch_razorpay_037,512.48,INR,2026-08-15T00:13:17+00:00,dev_fingerprint_1295,192.168.54.172,"Ahmedabad, IN",pm_tok_synthetic_01258,870,1,0,2,1,0,NONE
tx_legit_003629,usr_norm_1826,merch_razorpay_025,1080.56,INR,2026-08-15T00:16:38+00:00,dev_fingerprint_0271,192.168.185.241,"Kolkata, IN",pm_tok_synthetic_01900,274,1,0,1,1,0,NONE
tx_legit_004988,usr_norm_1647,merch_razorpay_009,155.71,INR,2026-08-15T00:18:33+00:00,dev_fingerprint_0385,192.168.134.248,"Chennai, IN",pm_tok_synthetic_01575,893,2,0,1,1,0,NONE
tx_legit_000364,usr_norm_1198,merch_razorpay_044,186.39,INR,2026-08-15T00:20:49+00:00,dev_fingerprint_0827,192.168.91.205,"Kolkata, IN",pm_tok_synthetic_00019,297,1,0,1,2,0,NONE
tx_legit_001396,usr_norm_1745,merch_razorpay_002,700.69,INR,2026-08-15T00:20:52+00:00,dev_fingerprint_1295,192.168.122.116,"Delhi, IN",pm_tok_synthetic_00776,173,1,1,1,2,0,NONE
tx_fraud_000082,usr_fraud_ringA_006,merch_razorpay_015,8010.39,INR,2026-08-15T00:22:00+00:00,dev_fraud_ring_A_4,198.51.100.14,"Mumbai, IN",pm_tok_ringA_006,5,8,4,17,3,1,DEVICE_SHARING_RING
tx_legit_008573,usr_norm_1247,merch_razorpay_042,124.65,INR,2026-08-15T00:26:21+00:00,dev_fingerprint_0513,192.168.152.69,"Bengaluru, IN",pm_tok_synthetic_02325,78,1,0,2,1,0,NONE
tx_legit_004763,usr_norm_0468,merch_razorpay_022,2392.51,INR,2026-08-15T00:34:43+00:00,dev_fingerprint_0738,192.168.185.68,"Pune, IN",pm_tok_synthetic_00374,35,1,0,2,1,0,NONE
tx_legit_000946,usr_norm_0564,merch_razorpay_032,207.49,INR,2026-08-15T00:40:50+00:00,dev_fingerprint_0870,192.168.88.29,"Chennai, IN",pm_tok_synthetic_01013,334,2,0,1,1,0,NONE
tx_legit_001018,usr_norm_0032,merch_razorpay_005,512.7,INR,2026-08-15T00:41:34+00:00,dev_fingerprint_0186,192.168.163.181,"Delhi, IN",pm_tok_synthetic_00349,125,3,0,2,1,0,NONE
tx_legit_006608,usr_norm_0992,merch_razorpay_032,387.74,INR,2026-08-15T00:44:52+00:00,dev_fingerprint_0814,10.0.104.233,"Chennai, IN",pm_tok_synthetic_01404,331,1,0,1,4,0,NONE
tx_legit_002855,usr_norm_1513,merch_razorpay_015,435.3,INR,2026-08-15T00:46:50+00:00,dev_fingerprint_1282,192.168.64.50,"Hyderabad, IN",pm_tok_synthetic_00481,164,2,0,1,2,0,NONE
tx_legit_000627,usr_norm_1356,merch_razorpay_003,185.47,INR,2026-08-15T00:47:39+00:00,dev_fingerprint_1071,192.168.68.170,"Chennai, IN",pm_tok_synthetic_00273,74,1,0,1,1,0,NONE
tx_legit_006218,usr_norm_1458,merch_razorpay_004,373.34,INR,2026-08-15T00:47:56+00:00,dev_fingerprint_0492,192.168.84.47,"Bengaluru, IN",pm_tok_synthetic_00625,466,3,0,1,1,0,NONE
tx_legit_004500,usr_norm_0209,merch_razorpay_034,236.77,INR,2026-08-15T00:50:55+00:00,dev_fingerprint_1896,192.168.140.10,"Chennai, IN",pm_tok_synthetic_01228,191,1,0,2,2,0,NONE
tx_legit_007196,usr_norm_0073,merch_razorpay_009,303.73,INR,2026-08-15T00:54:22+00:00,dev_fingerprint_0351,10.0.134.114,"Hyderabad, IN",pm_tok_synthetic_01884,881,1,0,1,1,0,NONE
tx_legit_003494,usr_norm_1647,merch_razorpay_001,233.1,INR,2026-08-15T01:03:46+00:00,dev_fingerprint_0385,192.168.134.248,"Kolkata, IN",pm_tok_synthetic_01575,893,1,0,1,1,0,NONE
tx_legit_004695,usr_norm_1508,merch_razorpay_014,1816.41,INR,2026-08-15T01:04:54+00:00,dev_fingerprint_1127,192.168.141.214,"Mumbai, IN",pm_tok_synthetic_00179,816,1,0,1,1,0,NONE
tx_legit_001266,usr_norm_1673,merch_razorpay_042,598.13,INR,2026-08-15T01:05:30+00:00,dev_fingerprint_0343,192.168.213.161,"Mumbai, IN",pm_tok_synthetic_02447,797,1,0,1,3,0,NONE
tx_legit_002194,usr_norm_0386,merch_razorpay_022,450.67,INR,2026-08-15T01:05:43+00:00,dev_fingerprint_1015,192.168.163.214,"Ahmedabad, IN",pm_tok_synthetic_01410,688,1,0,1,1,0,NONE
tx_legit_008210,usr_norm_0593,merch_razorpay_004,556.8,INR,2026-08-15T01:23:36+00:00,dev_fingerprint_0203,192.168.224.4,"Pune, IN",pm_tok_synthetic_01882,46,1,1,1,1,0,NONE
tx_legit_007094,usr_norm_0880,merch_razorpay_008,1230.29,INR,2026-08-15T01:23:48+00:00,dev_fingerprint_0110,192.168.76.180,"Bengaluru, IN",pm_tok_synthetic_00617,170,1,0,1,2,0,NONE
tx_legit_007029,usr_norm_1912,merch_razorpay_009,604.23,INR,2026-08-15T01:26:28+00:00,dev_fingerprint_1907,192.168.214.40,"Pune, IN",pm_tok_synthetic_00560,234,1,0,1,1,0,NONE
tx_legit_003143,usr_norm_0773,merch_razorpay_034,2007.19,INR,2026-08-15T01:27:26+00:00,dev_fingerprint_0190,192.168.252.216,"Chennai, IN",pm_tok_synthetic_02433,658,4,0,1,1,0,NONE
tx_legit_005480,usr_norm_1874,merch_razorpay_034,87.58,INR,2026-08-15T01:28:36+00:00,dev_fingerprint_0487,10.0.125.172,"Hyderabad, IN",pm_tok_synthetic_00168,354,1,0,1,3,0,NONE
tx_legit_004804,usr_norm_0248,merch_razorpay_006,484.29,INR,2026-08-15T01:31:50+00:00,dev_fingerprint_1260,192.168.46.206,"Bengaluru, IN",pm_tok_synthetic_01016,193,1,0,1,5,0,NONE
tx_legit_000271,usr_norm_1254,merch_razorpay_022,777.17,INR,2026-08-15T01:37:12+00:00,dev_fingerprint_1391,192.168.177.95,"Chennai, IN",pm_tok_synthetic_02480,233,1,0,1,1,0,NONE
tx_legit_004269,usr_norm_1725,merch_razorpay_027,782.72,INR,2026-08-15T01:43:06+00:00,dev_fingerprint_1007,192.168.196.46,"Hyderabad, IN",pm_tok_synthetic_00589,583,1,0,1,4,0,NONE
tx_legit_005434,usr_norm_1518,merch_razorpay_006,273.12,INR,2026-08-15T01:43:52+00:00,dev_fingerprint_0839,10.0.233.135,"Delhi, IN",pm_tok_synthetic_00325,645,1,0,1,1,0,NONE
tx_legit_002860,usr_norm_0162,merch_razorpay_006,105.95,INR,2026-08-15T01:52:01+00:00,dev_fingerprint_1039,192.168.252.179,"Delhi, IN",pm_tok_synthetic_02079,597,1,0,1,2,0,NONE
tx_legit_005181,usr_norm_1434,merch_razorpay_035,1404.38,INR,2026-08-15T01:58:55+00:00,dev_fingerprint_1071,192.168.105.24,"Pune, IN",pm_tok_synthetic_01059,591,1,0,1,1,0,NONE
tx_fraud_000351,usr_fraud_reuseC_010,merch_razorpay_014,6319.36,INR,2026-08-15T01:59:00+00:00,dev_reuseC_006,198.51.100.127,"Hyderabad, IN",pm_tok_stolen_C_002,4,3,2,4,5,1,PAYMENT_REF_REUSE
tx_legit_002122,usr_norm_1456,merch_razorpay_002,413.86,INR,2026-08-15T02:01:47+00:00,dev_fingerprint_1345,192.168.43.68,"Delhi, IN",pm_tok_synthetic_00359,777,1,1,1,1,0,NONE
tx_legit_001331,usr_norm_0125,merch_razorpay_009,267.2,INR,2026-08-15T02:11:09+00:00,dev_fingerprint_1418,10.0.38.19,"Chennai, IN",pm_tok_synthetic_00678,768,1,0,2,1,0,NONE
tx_legit_008059,usr_norm_1424,merch_razorpay_001,908.55,INR,2026-08-15T02:12:17+00:00,dev_fingerprint_0624,192.168.49.25,"Chennai, IN",pm_tok_synthetic_01432,661,1,0,1,4,0,NONE
tx_legit_007092,usr_norm_1203,merch_razorpay_030,437.16,INR,2026-08-15T02:19:54+00:00,dev_fingerprint_1177,192.168.226.18,"Bengaluru, IN",pm_tok_synthetic_01813,416,1,0,1,1,0,NONE
tx_legit_002656,usr_norm_0801,merch_razorpay_016,982.3,INR,2026-08-15T02:24:11+00:00,dev_fingerprint_1170,10.0.201.5,"Pune, IN",pm_tok_synthetic_00603,153,1,0,1,1,0,NONE
tx_legit_005632,usr_norm_1995,merch_razorpay_024,711.82,INR,2026-08-15T02:25:26+00:00,dev_fingerprint_0559,192.168.128.239,"Delhi, IN",pm_tok_synthetic_02125,394,1,0,1,3,0,NONE
tx_legit_009065,usr_norm_0507,merch_razorpay_024,514.16,INR,2026-08-15T02:30:13+00:00,dev_fingerprint_1099,10.0.111.170,"Bengaluru, IN",pm_tok_synthetic_00348,141,1,0,1,4,0,NONE
tx_fraud_000069,usr_fraud_ringA_018,merch_razorpay_036,8264.1,INR,2026-08-15T02:32:22+00:00,dev_fraud_ring_A_4,198.51.100.62,"Chennai, IN",pm_tok_ringA_010,8,5,1,18,3,1,DEVICE_SHARING_RING
tx_legit_000278,usr_norm_0257,merch_razorpay_033,153.97,INR,2026-08-15T02:32:47+00:00,dev_fingerprint_1099,192.168.109.9,"Ahmedabad, IN",pm_tok_synthetic_00440,471,1,0,2,1,0,NONE
tx_legit_004591,usr_norm_1352,merch_razorpay_001,524.3,INR,2026-08-15T02:36:59+00:00,dev_fingerprint_0793,192.168.141.26,"Pune, IN",pm_tok_synthetic_02146,729,1,0,1,1,0,NONE
tx_legit_007012,usr_norm_1555,merch_razorpay_017,689.28,INR,2026-08-15T02:38:03+00:00,dev_fingerprint_0359,192.168.24.238,"Mumbai, IN",pm_tok_synthetic_01353,883,1,0,1,1,0,NONE
tx_fraud_000039,usr_fraud_ringA_013,merch_razorpay_045,7530.35,INR,2026-08-15T02:38:22+00:00,dev_fraud_ring_A_2,198.51.100.81,"Bengaluru, IN",pm_tok_ringA_001,2,10,4,15,3,1,DEVICE_SHARING_RING
tx_legit_007357,usr_norm_0976,merch_razorpay_042,1282.9,INR,2026-08-15T02:39:43+00:00,dev_fingerprint_0336,10.0.47.223,"Ahmedabad, IN",pm_tok_synthetic_00575,871,2,0,1,1,0,NONE
tx_legit_003068,usr_norm_0057,merch_razorpay_049,205.74,INR,2026-08-15T02:52:22+00:00,dev_fingerprint_0848,192.168.68.130,"Hyderabad, IN",pm_tok_synthetic_00882,803,1,0,1,1,0,NONE
tx_legit_004733,usr_norm_0429,merch_razorpay_028,1593.75,INR,2026-08-15T03:01:41+00:00,dev_fingerprint_1306,192.168.9.60,"Kolkata, IN",pm_tok_synthetic_01979,705,3,0,1,1,0,NONE
tx_legit_003170,usr_norm_1395,merch_razorpay_012,844.14,INR,2026-08-15T03:03:00+00:00,dev_fingerprint_0158,192.168.195.141,"Mumbai, IN",pm_tok_synthetic_01329,841,1,0,2,2,0,NONE
tx_legit_002722,usr_norm_1104,merch_razorpay_046,751.19,INR,2026-08-15T03:04:28+00:00,dev_fingerprint_1045,192.168.109.153,"Chennai, IN",pm_tok_synthetic_01625,402,1,0,1,1,0,NONE
tx_legit_008090,usr_norm_1332,merch_razorpay_004,288.02,INR,2026-08-15T03:05:06+00:00,dev_fingerprint_0187,192.168.236.74,"Hyderabad, IN",pm_tok_synthetic_01386,807,2,2,1,4,0,NONE
tx_legit_002505,usr_norm_1611,merch_razorpay_027,186.41,INR,2026-08-15T03:09:45+00:00,dev_fingerprint_0980,192.168.150.243,"Pune, IN",pm_tok_synthetic_00737,319,1,0,1,1,0,NONE
tx_legit_007833,usr_norm_1956,merch_razorpay_036,123.2,INR,2026-08-15T03:12:39+00:00,dev_fingerprint_0883,192.168.75.253,"Bengaluru, IN",pm_tok_synthetic_00804,140,1,0,1,1,0,NONE
tx_legit_004058,usr_norm_1781,merch_razorpay_010,1232.91,INR,2026-08-15T03:15:41+00:00,dev_fingerprint_1468,192.168.213.108,"Chennai, IN",pm_tok_synthetic_00360,672,4,0,2,1,0,NONE
tx_legit_008270,usr_norm_0781,merch_razorpay_046,869.65,INR,2026-08-15T03:20:26+00:00,dev_fingerprint_1125,192.168.38.63,"Delhi, IN",pm_tok_synthetic_00316,187,3,0,1,1,0,NONE
tx_fraud_000187,usr_fraud_burstB_026,merch_razorpay_022,13525.49,INR,2026-08-15T03:20:39+00:00,dev_fraud_burstB_028,203.0.113.103,"Delhi, IN",pm_tok_burstB_017,28,19,6,4,19,1,SHARED_IP_BURST
tx_legit_004210,usr_norm_1326,merch_razorpay_022,147.74,INR,2026-08-15T03:30:04+00:00,dev_fingerprint_1296,192.168.213.233,"Kolkata, IN",pm_tok_synthetic_01329,45,1,0,2,1,0,NONE
tx_legit_002843,usr_norm_1482,merch_razorpay_049,401.07,INR,2026-08-15T03:35:51+00:00,dev_fingerprint_0418,192.168.9.207,"Hyderabad, IN",pm_tok_synthetic_00725,479,1,0,1,1,0,NONE
tx_legit_000154,usr_norm_1226,merch_razorpay_017,602.27,INR,2026-08-15T03:36:59+00:00,dev_fingerprint_0814,192.168.21.218,"Ahmedabad, IN",pm_tok_synthetic_02362,161,1,0,3,1,0,NONE
tx_legit_008903,usr_norm_1675,merch_razorpay_033,423.1,INR,2026-08-15T03:37:52+00:00,dev_fingerprint_0125,192.168.113.88,"Kolkata, IN",pm_tok_synthetic_01938,622,2,0,1,2,0,NONE
tx_legit_007705,usr_norm_1972,merch_razorpay_008,305.65,INR,2026-08-15T03:40:19+00:00,dev_fingerprint_1449,192.168.57.125,"Bengaluru, IN",pm_tok_synthetic_01501,744,1,0,1,1,0,NONE
tx_legit_005966,usr_norm_1443,merch_razorpay_049,699.72,INR,2026-08-15T03:56:17+00:00,dev_fingerprint_0599,10.0.174.148,"Chennai, IN",pm_tok_synthetic_01583,266,1,0,1,1,0,NONE
tx_legit_004694,usr_norm_0726,merch_razorpay_005,828.74,INR,2026-08-15T04:00:12+00:00,dev_fingerprint_0575,192.168.98.70,"Ahmedabad, IN",pm_tok_synthetic_01932,572,1,0,1,1,0,NONE
tx_legit_007200,usr_norm_0368,merch_razorpay_018,628.36,INR,2026-08-15T04:04:55+00:00,dev_fingerprint_0007,192.168.128.239,"Ahmedabad, IN",pm_tok_synthetic_02365,335,2,1,1,1,0,NONE
tx_legit_000981,usr_norm_1442,merch_razorpay_048,129.03,INR,2026-08-15T04:05:12+00:00,dev_fingerprint_1351,192.168.190.189,"Kolkata, IN",pm_tok_synthetic_00441,49,1,0,1,3,0,NONE
tx_legit_008316,usr_norm_1908,merch_razorpay_006,388.42,INR,2026-08-15T04:06:57+00:00,dev_fingerprint_1598,192.168.28.173,"Kolkata, IN",pm_tok_synthetic_02419,804,1,0,1,2,0,NONE
tx_legit_002937,usr_norm_1693,merch_razorpay_013,377.21,INR,2026-08-15T04:11:32+00:00,dev_fingerprint_0617,192.168.57.70,"Kolkata, IN",pm_tok_synthetic_02181,269,1,0,1,4,0,NONE
tx_legit_006796,usr_norm_1941,merch_razorpay_025,546.68,INR,2026-08-15T04:12:05+00:00,dev_fingerprint_1810,192.168.19.182,"Bengaluru, IN",pm_tok_synthetic_02061,256,1,0,1,1,0,NONE
tx_legit_004996,usr_norm_0818,merch_razorpay_032,944.26,INR,2026-08-15T04:12:57+00:00,dev_fingerprint_0564,192.168.63.252,"Ahmedabad, IN",pm_tok_synthetic_00589,663,2,1,1,1,0,NONE
tx_legit_003757,usr_norm_0464,merch_razorpay_018,489.48,INR,2026-08-15T04:13:16+00:00,dev_fingerprint_0778,192.168.24.194,"Hyderabad, IN",pm_tok_synthetic_01209,847,1,0,1,3,0,NONE
tx_legit_003906,usr_norm_1203,merch_razorpay_032,578.02,INR,2026-08-15T04:15:44+00:00,dev_fingerprint_1177,192.168.226.18,"Bengaluru, IN",pm_tok_synthetic_01813,416,1,0,1,1,0,NONE
tx_legit_006117,usr_norm_0595,merch_razorpay_031,445.46,INR,2026-08-15T04:17:18+00:00,dev_fingerprint_0934,192.168.164.29,"Mumbai, IN",pm_tok_synthetic_01752,237,1,0,1,1,0,NONE
tx_legit_003056,usr_norm_0899,merch_razorpay_035,360.84,INR,2026-08-15T04:20:05+00:00,dev_fingerprint_0691,192.168.213.233,"Delhi, IN",pm_tok_synthetic_00548,380,2,0,1,1,0,NONE
tx_legit_001984,usr_norm_1435,merch_razorpay_002,613.81,INR,2026-08-15T04:20:08+00:00,dev_fingerprint_0989,10.0.125.221,"Ahmedabad, IN",pm_tok_synthetic_00578,741,2,0,1,1,0,NONE
tx_legit_005302,usr_norm_1686,merch_razorpay_003,740.47,INR,2026-08-15T04:21:39+00:00,dev_fingerprint_0702,192.168.131.127,"Ahmedabad, IN",pm_tok_synthetic_00594,639,2,0,1,1,0,NONE
tx_legit_003942,usr_norm_0454,merch_razorpay_010,893.03,INR,2026-08-15T04:24:02+00:00,dev_fingerprint_1160,192.168.178.77,"Pune, IN",pm_tok_synthetic_01593,723,1,0,1,1,0,NONE
tx_legit_003961,usr_norm_1837,merch_razorpay_001,173.53,INR,2026-08-15T04:31:41+00:00,dev_fingerprint_0424,192.168.62.147,"Mumbai, IN",pm_tok_synthetic_00331,665,1,0,1,1,0,NONE
tx_legit_000609,usr_norm_0362,merch_razorpay_005,737.86,INR,2026-08-15T04:34:24+00:00,dev_fingerprint_0277,192.168.131.192,"Pune, IN",pm_tok_synthetic_01721,413,1,0,2,1,0,NONE
tx_legit_004823,usr_norm_1995,merch_razorpay_017,311.3,INR,2026-08-15T04:41:57+00:00,dev_fingerprint_0559,192.168.128.239,"Pune, IN",pm_tok_synthetic_01639,394,2,0,1,4,0,NONE
tx_legit_007189,usr_norm_1558,merch_razorpay_012,1553.13,INR,2026-08-15T04:45:51+00:00,dev_fingerprint_0318,10.0.74.96,"Ahmedabad, IN",pm_tok_synthetic_01886,579,2,0,1,1,0,NONE
tx_legit_003988,usr_norm_0645,merch_razorpay_032,274.98,INR,2026-08-15T05:10:07+00:00,dev_fingerprint_1521,192.168.121.133,"Bengaluru, IN",pm_tok_synthetic_00562,748,1,0,1,1,0,NONE
tx_legit_001305,usr_norm_1072,merch_razorpay_042,243.21,INR,2026-08-15T05:10:47+00:00,dev_fingerprint_0174,192.168.105.250,"Mumbai, IN",pm_tok_synthetic_00860,796,1,0,1,1,0,NONE
tx_legit_002382,usr_norm_1330,merch_razorpay_041,316.31,INR,2026-08-15T05:13:53+00:00,dev_fingerprint_1221,10.0.236.174,"Kolkata, IN",pm_tok_synthetic_01521,819,1,0,1,1,0,NONE
tx_legit_003037,usr_norm_0659,merch_razorpay_039,486.57,INR,2026-08-15T05:19:16+00:00,dev_fingerprint_0784,192.168.251.102,"Mumbai, IN",pm_tok_synthetic_00614,213,1,1,1,1,0,NONE
tx_legit_006707,usr_norm_1718,merch_razorpay_042,278.43,INR,2026-08-15T05:22:36+00:00,dev_fingerprint_0928,192.168.206.143,"Pune, IN",pm_tok_synthetic_01132,817,2,0,1,2,0,NONE
tx_legit_003324,usr_norm_0958,merch_razorpay_010,344.89,INR,2026-08-15T05:25:38+00:00,dev_fingerprint_1038,192.168.48.18,"Hyderabad, IN",pm_tok_synthetic_02254,688,1,0,1,3,0,NONE
tx_legit_008357,usr_norm_0498,merch_razorpay_012,347.49,INR,2026-08-15T06:01:46+00:00,dev_fingerprint_1489,192.168.150.243,"Kolkata, IN",pm_tok_synthetic_00858,478,4,0,1,2,0,NONE
tx_legit_005991,usr_norm_1969,merch_razorpay_021,341.17,INR,2026-08-15T06:01:50+00:00,dev_fingerprint_0444,10.0.216.229,"Hyderabad, IN",pm_tok_synthetic_00784,318,1,0,1,1,0,NONE
tx_legit_003465,usr_norm_0886,merch_razorpay_032,284.95,INR,2026-08-15T06:04:43+00:00,dev_fingerprint_0560,10.0.143.186,"Bengaluru, IN",pm_tok_synthetic_00690,620,1,0,1,1,0,NONE
tx_legit_003539,usr_norm_0123,merch_razorpay_042,482.07,INR,2026-08-15T06:06:34+00:00,dev_fingerprint_1265,192.168.209.18,"Ahmedabad, IN",pm_tok_synthetic_02446,415,1,0,1,2,0,NONE
tx_legit_001693,usr_norm_0463,merch_razorpay_038,461.04,INR,2026-08-15T06:09:04+00:00,dev_fingerprint_0380,10.0.149.96,"Kolkata, IN",pm_tok_synthetic_02399,706,1,0,1,1,0,NONE
tx_legit_003630,usr_norm_0224,merch_razorpay_043,209.26,INR,2026-08-15T06:10:04+00:00,dev_fingerprint_0337,192.168.172.125,"Mumbai, IN",pm_tok_synthetic_01321,756,1,0,1,5,0,NONE
tx_legit_008223,usr_norm_1192,merch_razorpay_015,306.31,INR,2026-08-15T06:10:37+00:00,dev_fingerprint_1371,192.168.163.159,"Bengaluru, IN",pm_tok_synthetic_01660,630,1,0,2,3,0,NONE
tx_legit_008132,usr_norm_0201,merch_razorpay_005,542.82,INR,2026-08-15T06:20:35+00:00,dev_fingerprint_0232,192.168.24.98,"Pune, IN",pm_tok_synthetic_00762,541,1,0,1,1,0,NONE
tx_legit_005439,usr_norm_0593,merch_razorpay_024,695.48,INR,2026-08-15T06:23:14+00:00,dev_fingerprint_0203,192.168.224.4,"Pune, IN",pm_tok_synthetic_01882,46,2,0,1,1,0,NONE
tx_legit_008606,usr_norm_0436,merch_razorpay_047,441.62,INR,2026-08-15T06:41:01+00:00,dev_fingerprint_0304,192.168.77.118,"Chennai, IN",pm_tok_synthetic_00786,664,3,0,1,5,0,NONE
tx_legit_003203,usr_norm_1282,merch_razorpay_030,403.08,INR,2026-08-15T06:54:57+00:00,dev_fingerprint_0935,192.168.14.65,"Kolkata, IN",pm_tok_synthetic_02310,475,1,1,1,1,0,NONE
tx_legit_007220,usr_norm_0177,merch_razorpay_036,936.57,INR,2026-08-15T07:04:35+00:00,dev_fingerprint_0097,192.168.51.99,"Bengaluru, IN",pm_tok_synthetic_01359,309,1,0,2,1,0,NONE
tx_legit_009139,usr_norm_0969,merch_razorpay_049,619.73,INR,2026-08-15T07:06:05+00:00,dev_fingerprint_0456,192.168.44.45,"Chennai, IN",pm_tok_synthetic_01861,369,2,0,1,1,0,NONE
tx_legit_001849,usr_norm_1260,merch_razorpay_047,814.4,INR,2026-08-15T07:06:32+00:00,dev_fingerprint_1311,192.168.37.105,"Hyderabad, IN",pm_tok_synthetic_01381,461,1,0,1,2,0,NONE
tx_legit_005194,usr_norm_1909,merch_razorpay_010,114.7,INR,2026-08-15T07:12:30+00:00,dev_fingerprint_0769,192.168.161.41,"Ahmedabad, IN",pm_tok_synthetic_00027,449,1,0,1,2,0,NONE
tx_legit_002897,usr_norm_1547,merch_razorpay_044,613.81,INR,2026-08-15T07:12:37+00:00,dev_fingerprint_1260,192.168.193.221,"Mumbai, IN",pm_tok_synthetic_01695,76,1,0,1,1,0,NONE
tx_legit_005451,usr_norm_0282,merch_razorpay_011,268.71,INR,2026-08-15T07:13:48+00:00,dev_fingerprint_1476,192.168.71.12,"Hyderabad, IN",pm_tok_synthetic_01557,181,1,0,1,4,0,NONE
tx_legit_006169,usr_norm_0841,merch_razorpay_037,346.0,INR,2026-08-15T07:14:49+00:00,dev_fingerprint_1129,192.168.156.252,"Chennai, IN",pm_tok_synthetic_01410,197,1,0,1,1,0,NONE
tx_legit_008570,usr_norm_1519,merch_razorpay_005,281.75,INR,2026-08-15T07:16:05+00:00,dev_fingerprint_1229,192.168.229.140,"Kolkata, IN",pm_tok_synthetic_01002,590,1,0,1,1,0,NONE
tx_legit_003860,usr_norm_1788,merch_razorpay_036,481.76,INR,2026-08-15T07:18:02+00:00,dev_fingerprint_0305,192.168.212.146,"Chennai, IN",pm_tok_synthetic_01943,539,1,0,1,1,0,NONE
tx_legit_001706,usr_norm_0577,merch_razorpay_034,444.06,INR,2026-08-15T07:20:08+00:00,dev_fingerprint_0271,192.168.239.90,"Chennai, IN",pm_tok_synthetic_00599,758,1,0,1,1,0,NONE
tx_fraud_000093,usr_fraud_ringA_017,merch_razorpay_032,6264.17,INR,2026-08-15T07:38:04+00:00,dev_fraud_ring_A_2,198.51.100.40,"Kolkata, IN",pm_tok_ringA_009,13,6,3,7,2,1,DEVICE_SHARING_RING
tx_legit_008120,usr_norm_0419,merch_razorpay_010,467.71,INR,2026-08-15T07:39:07+00:00,dev_fingerprint_1000,192.168.61.219,"Pune, IN",pm_tok_synthetic_02009,501,1,0,1,1,0,NONE
tx_legit_005999,usr_norm_0248,merch_razorpay_040,135.88,INR,2026-08-15T07:53:31+00:00,dev_fingerprint_1260,192.168.46.206,"Pune, IN",pm_tok_synthetic_01016,193,1,0,1,1,0,NONE
tx_legit_008349,usr_norm_0248,merch_razorpay_015,123.42,INR,2026-08-15T07:54:14+00:00,dev_fingerprint_1260,192.168.46.206,"Delhi, IN",pm_tok_synthetic_01016,193,1,0,2,2,0,NONE
tx_legit_001123,usr_norm_0684,merch_razorpay_000,114.37,INR,2026-08-15T07:58:25+00:00,dev_fingerprint_1848,192.168.193.119,"Bengaluru, IN",pm_tok_synthetic_00255,475,2,1,1,1,0,NONE
tx_legit_006370,usr_norm_1175,merch_razorpay_012,1401.6,INR,2026-08-15T08:01:03+00:00,dev_fingerprint_0439,192.168.11.194,"Delhi, IN",pm_tok_synthetic_01640,834,1,0,1,2,0,NONE
tx_legit_001833,usr_norm_0845,merch_razorpay_024,2449.63,INR,2026-08-15T08:06:37+00:00,dev_fingerprint_1325,192.168.173.221,"Delhi, IN",pm_tok_synthetic_00846,305,1,0,1,3,0,NONE
tx_fraud_000123,usr_fraud_ringA_022,merch_razorpay_012,16193.57,INR,2026-08-15T08:11:17+00:00,dev_fraud_ring_A_1,198.51.100.85,"Pune, IN",pm_tok_ringA_003,3,7,3,16,6,1,DEVICE_SHARING_RING
tx_legit_003962,usr_norm_1290,merch_razorpay_034,151.0,INR,2026-08-15T08:16:31+00:00,dev_fingerprint_1589,192.168.231.92,"Hyderabad, IN",pm_tok_synthetic_00037,814,1,0,1,1,0,NONE
tx_legit_005119,usr_norm_1763,merch_razorpay_012,430.86,INR,2026-08-15T08:22:55+00:00,dev_fingerprint_0415,192.168.171.136,"Mumbai, IN",pm_tok_synthetic_01381,860,1,0,1,1,0,NONE
tx_legit_001286,usr_norm_0041,merch_razorpay_039,1500.68,INR,2026-08-15T08:35:11+00:00,dev_fingerprint_0221,192.168.156.252,"Delhi, IN",pm_tok_synthetic_02278,406,1,0,1,3,0,NONE
tx_legit_004243,usr_norm_0247,merch_razorpay_002,680.9,INR,2026-08-15T08:41:10+00:00,dev_fingerprint_0198,192.168.54.172,"Pune, IN",pm_tok_synthetic_01188,423,1,0,2,1,0,NONE
tx_legit_002051,usr_norm_1567,merch_razorpay_025,345.11,INR,2026-08-15T08:44:29+00:00,dev_fingerprint_0383,10.0.175.245,"Delhi, IN",pm_tok_synthetic_00478,831,1,0,1,1,0,NONE
tx_fraud_000152,usr_fraud_ringA_001,merch_razorpay_003,14742.14,INR,2026-08-15T08:46:07+00:00,dev_fraud_ring_A_2,198.51.100.54,"Kolkata, IN",pm_tok_ringA_008,4,11,2,18,5,1,DEVICE_SHARING_RING
tx_legit_003799,usr_norm_1475,merch_razorpay_041,465.58,INR,2026-08-15T08:47:12+00:00,dev_fingerprint_0162,192.168.120.177,"Delhi, IN",pm_tok_synthetic_01952,167,1,0,1,3,0,NONE
tx_fraud_000470,usr_fraud_reuseC_009,merch_razorpay_041,16656.34,INR,2026-08-15T08:51:03+00:00,dev_reuseC_018,198.51.100.110,"Pune, IN",pm_tok_stolen_C_005,5,4,0,5,5,1,PAYMENT_REF_REUSE
tx_legit_001945,usr_norm_1233,merch_razorpay_024,1694.23,INR,2026-08-15T08:52:58+00:00,dev_fingerprint_0206,192.168.210.236,"Pune, IN",pm_tok_synthetic_01481,657,2,0,1,4,0,NONE
tx_legit_009152,usr_norm_1369,merch_razorpay_024,1659.77,INR,2026-08-15T08:55:34+00:00,dev_fingerprint_0198,192.168.197.165,"Ahmedabad, IN",pm_tok_synthetic_01272,574,1,0,2,1,0,NONE
tx_legit_000927,usr_norm_1742,merch_razorpay_011,845.18,INR,2026-08-15T08:56:58+00:00,dev_fingerprint_0786,10.0.17.210,"Delhi, IN",pm_tok_synthetic_00782,336,1,1,1,1,0,NONE
tx_legit_007745,usr_norm_1709,merch_razorpay_010,323.71,INR,2026-08-15T08:59:25+00:00,dev_fingerprint_0449,192.168.23.81,"Chennai, IN",pm_tok_synthetic_01160,287,1,0,1,2,0,NONE
tx_legit_004533,usr_norm_0045,merch_razorpay_029,270.74,INR,2026-08-15T09:00:39+00:00,dev_fingerprint_1247,192.168.173.68,"Mumbai, IN",pm_tok_synthetic_01095,59,1,0,3,1,0,NONE
tx_legit_004902,usr_norm_1038,merch_razorpay_033,428.26,INR,2026-08-15T09:05:22+00:00,dev_fingerprint_1369,192.168.28.153,"Mumbai, IN",pm_tok_synthetic_01825,276,3,0,1,1,0,NONE
tx_legit_005406,usr_norm_0642,merch_razorpay_036,715.13,INR,2026-08-15T09:06:04+00:00,dev_fingerprint_0500,192.168.13.221,"Bengaluru, IN",pm_tok_synthetic_01779,148,1,0,1,4,0,NONE
tx_legit_008891,usr_norm_1682,merch_razorpay_043,192.27,INR,2026-08-15T09:09:17+00:00,dev_fingerprint_0357,192.168.212.242,"Ahmedabad, IN",pm_tok_synthetic_02423,786,1,0,2,3,0,NONE
tx_fraud_000535,usr_fraud_anomD_054,merch_razorpay_044,76157.64,INR,2026-08-15T09:11:33+00:00,dev_anomD_054,192.0.2.10,Unknown / VPN Node,pm_tok_anomD_054,9,7,3,2,2,1,BEHAVIORAL_ANOMALY
tx_legit_007398,usr_norm_1933,merch_razorpay_008,215.54,INR,2026-08-15T09:17:27+00:00,dev_fingerprint_1286,192.168.115.36,"Delhi, IN",pm_tok_synthetic_00387,643,1,0,2,2,0,NONE
tx_legit_003888,usr_norm_1775,merch_razorpay_029,559.71,INR,2026-08-15T09:22:33+00:00,dev_fingerprint_1583,10.0.42.69,"Bengaluru, IN",pm_tok_synthetic_02431,320,2,0,1,1,0,NONE
tx_legit_008081,usr_norm_1565,merch_razorpay_007,1398.74,INR,2026-08-15T09:37:48+00:00,dev_fingerprint_0768,192.168.224.4,"Hyderabad, IN",pm_tok_synthetic_02188,892,2,0,1,1,0,NONE
tx_legit_004863,usr_norm_1030,merch_razorpay_042,967.37,INR,2026-08-15T09:41:54+00:00,dev_fingerprint_1449,192.168.222.189,"Delhi, IN",pm_tok_synthetic_02152,255,1,0,2,1,0,NONE
tx_legit_000505,usr_norm_1559,merch_razorpay_014,227.81,INR,2026-08-15T09:42:11+00:00,dev_fingerprint_0686,192.168.179.6,"Delhi, IN",pm_tok_synthetic_01695,790,1,0,1,1,0,NONE
tx_legit_006432,usr_norm_1951,merch_razorpay_006,385.17,INR,2026-08-15T09:42:24+00:00,dev_fingerprint_0242,192.168.21.218,"Ahmedabad, IN",pm_tok_synthetic_02456,740,1,0,1,1,0,NONE
tx_legit_006282,usr_norm_0961,merch_razorpay_043,1264.91,INR,2026-08-15T09:43:12+00:00,dev_fingerprint_0180,192.168.174.140,"Delhi, IN",pm_tok_synthetic_02041,487,1,0,1,2,0,NONE
tx_legit_005539,usr_norm_1045,merch_razorpay_018,763.92,INR,2026-08-15T09:43:57+00:00,dev_fingerprint_0394,192.168.202.180,"Hyderabad, IN",pm_tok_synthetic_00862,114,1,1,1,1,0,NONE
tx_legit_005351,usr_norm_0403,merch_razorpay_000,232.64,INR,2026-08-15T09:44:33+00:00,dev_fingerprint_0031,192.168.76.56,"Chennai, IN",pm_tok_synthetic_00778,789,1,0,2,1,0,NONE
tx_legit_006696,usr_norm_1625,merch_razorpay_044,268.86,INR,2026-08-15T09:45:40+00:00,dev_fingerprint_0948,192.168.210.236,"Mumbai, IN",pm_tok_synthetic_02273,129,1,0,1,1,0,NONE
tx_legit_002383,usr_norm_1044,merch_razorpay_014,214.76,INR,2026-08-15T09:46:54+00:00,dev_fingerprint_1549,192.168.21.219,"Hyderabad, IN",pm_tok_synthetic_01214,697,2,0,1,2,0,NONE
tx_legit_004073,usr_norm_1974,merch_razorpay_029,365.24,INR,2026-08-15T09:47:10+00:00,dev_fingerprint_0219,10.0.59.120,"Pune, IN",pm_tok_synthetic_01453,418,1,0,1,1,0,NONE
tx_legit_008032,usr_norm_0346,merch_razorpay_017,748.24,INR,2026-08-15T09:49:09+00:00,dev_fingerprint_1441,192.168.94.111,"Kolkata, IN",pm_tok_synthetic_00319,607,1,0,2,2,0,NONE
tx_legit_008474,usr_norm_0559,merch_razorpay_034,838.66,INR,2026-08-15T09:51:04+00:00,dev_fingerprint_0936,192.168.72.226,"Chennai, IN",pm_tok_synthetic_02028,592,1,0,1,3,0,NONE
tx_legit_004435,usr_norm_0280,merch_razorpay_025,1243.25,INR,2026-08-15T09:51:46+00:00,dev_fingerprint_0466,192.168.170.242,"Pune, IN",pm_tok_synthetic_00210,627,1,0,2,1,0,NONE
tx_legit_003055,usr_norm_1918,merch_razorpay_010,1477.78,INR,2026-08-15T10:01:04+00:00,dev_fingerprint_0537,192.168.54.175,"Pune, IN",pm_tok_synthetic_01935,157,1,0,1,1,0,NONE
tx_legit_002643,usr_norm_1588,merch_razorpay_032,789.4,INR,2026-08-15T10:04:31+00:00,dev_fingerprint_1866,192.168.60.237,"Mumbai, IN",pm_tok_synthetic_00481,309,1,0,1,1,0,NONE
tx_legit_002542,usr_norm_0842,merch_razorpay_007,459.34,INR,2026-08-15T10:07:12+00:00,dev_fingerprint_0529,192.168.80.142,"Hyderabad, IN",pm_tok_synthetic_00370,321,1,0,1,4,0,NONE
tx_legit_003976,usr_norm_1649,merch_razorpay_013,738.09,INR,2026-08-15T10:08:40+00:00,dev_fingerprint_0590,192.168.251.213,"Delhi, IN",pm_tok_synthetic_00514,167,1,0,1,1,0,NONE
tx_legit_005645,usr_norm_1461,merch_razorpay_005,1611.8,INR,2026-08-15T10:20:22+00:00,dev_fingerprint_1336,192.168.136.224,"Ahmedabad, IN",pm_tok_synthetic_02379,584,1,1,1,1,0,NONE
tx_legit_004325,usr_norm_1607,merch_razorpay_038,284.95,INR,2026-08-15T10:31:10+00:00,dev_fingerprint_1263,192.168.168.136,"Mumbai, IN",pm_tok_synthetic_01488,431,1,1,1,2,0,NONE
tx_legit_002981,usr_norm_0541,merch_razorpay_043,473.68,INR,2026-08-15T10:35:04+00:00,dev_fingerprint_0353,10.0.7.205,"Delhi, IN",pm_tok_synthetic_01218,659,1,0,1,3,0,NONE
tx_legit_006382,usr_norm_0680,merch_razorpay_041,381.26,INR,2026-08-15T10:35:09+00:00,dev_fingerprint_0573,192.168.120.136,"Delhi, IN",pm_tok_synthetic_00179,267,1,0,1,2,0,NONE
tx_fraud_000293,usr_fraud_burstB_012,merch_razorpay_023,8238.02,INR,2026-08-15T10:36:50+00:00,dev_fraud_burstB_016,203.0.113.102,"Pune, IN",pm_tok_burstB_006,3,9,3,4,33,1,SHARED_IP_BURST
tx_legit_004651,usr_norm_1917,merch_razorpay_009,1646.81,INR,2026-08-15T10:39:15+00:00,dev_fingerprint_0054,192.168.82.191,"Mumbai, IN",pm_tok_synthetic_00010,187,1,0,1,1,0,NONE
tx_legit_008634,usr_norm_0986,merch_razorpay_003,379.23,INR,2026-08-15T10:51:56+00:00,dev_fingerprint_1738,192.168.76.92,"Ahmedabad, IN",pm_tok_synthetic_02396,524,1,2,1,3,0,NONE
tx_legit_004639,usr_norm_0678,merch_razorpay_040,270.63,INR,2026-08-15T10:55:24+00:00,dev_fingerprint_1085,192.168.62.68,"Pune, IN",pm_tok_synthetic_01719,533,1,0,2,1,0,NONE
tx_legit_001378,usr_norm_1741,merch_razorpay_009,584.56,INR,2026-08-15T10:56:19+00:00,dev_fingerprint_1836,192.168.252.166,"Pune, IN",pm_tok_synthetic_02271,70,1,0,1,1,0,NONE
tx_legit_001250,usr_norm_0694,merch_razorpay_045,483.91,INR,2026-08-15T10:58:26+00:00,dev_fingerprint_0185,192.168.232.9,"Kolkata, IN",pm_tok_synthetic_01246,876,1,0,1,1,0,NONE
tx_legit_008959,usr_norm_0277,merch_razorpay_034,397.61,INR,2026-08-15T11:00:06+00:00,dev_fingerprint_0678,192.168.203.161,"Hyderabad, IN",pm_tok_synthetic_01097,456,1,0,1,1,0,NONE
tx_legit_001796,usr_norm_1571,merch_razorpay_019,441.76,INR,2026-08-15T11:00:43+00:00,dev_fingerprint_0925,192.168.112.251,"Ahmedabad, IN",pm_tok_synthetic_01239,251,2,0,1,1,0,NONE
tx_legit_001255,usr_norm_1835,merch_razorpay_007,423.23,INR,2026-08-15T11:01:14+00:00,dev_fingerprint_0607,192.168.171.136,"Delhi, IN",pm_tok_synthetic_01105,744,2,0,1,2,0,NONE
tx_legit_008798,usr_norm_1981,merch_razorpay_005,381.43,INR,2026-08-15T11:02:59+00:00,dev_fingerprint_0580,192.168.139.120,"Mumbai, IN",pm_tok_synthetic_02459,783,3,0,1,2,0,NONE
tx_legit_001244,usr_norm_1704,merch_razorpay_013,262.74,INR,2026-08-15T11:08:08+00:00,dev_fingerprint_1376,192.168.115.203,"Chennai, IN",pm_tok_synthetic_00798,562,1,0,1,1,0,NONE
tx_legit_005773,usr_norm_1826,merch_razorpay_010,499.41,INR,2026-08-15T11:10:10+00:00,dev_fingerprint_0271,10.0.91.189,"Mumbai, IN",pm_tok_synthetic_01270,274,3,0,2,2,0,NONE
tx_legit_000014,usr_norm_1348,merch_razorpay_046,986.34,INR,2026-08-15T11:10:15+00:00,dev_fingerprint_1306,192.168.18.200,"Ahmedabad, IN",pm_tok_synthetic_01552,781,2,1,1,1,0,NONE
tx_legit_001529,usr_norm_0021,merch_razorpay_012,615.63,INR,2026-08-15T11:14:40+00:00,dev_fingerprint_1245,192.168.133.116,"Pune, IN",pm_tok_synthetic_00269,159,1,0,1,1,0,NONE
tx_legit_007406,usr_norm_1777,merch_razorpay_015,491.05,INR,2026-08-15T11:15:57+00:00,dev_fingerprint_1726,192.168.179.246,"Pune, IN",pm_tok_synthetic_00586,685,1,0,1,2,0,NONE
tx_legit_005190,usr_norm_1548,merch_razorpay_034,433.06,INR,2026-08-15T11:24:52+00:00,dev_fingerprint_0683,192.168.156.252,"Delhi, IN",pm_tok_synthetic_02295,855,2,0,1,2,0,NONE
tx_legit_001043,usr_norm_1413,merch_razorpay_044,226.29,INR,2026-08-15T11:25:07+00:00,dev_fingerprint_0100,192.168.126.28,"Delhi, IN",pm_tok_synthetic_01493,298,2,0,1,3,0,NONE
tx_legit_006860,usr_norm_0004,merch_razorpay_017,268.2,INR,2026-08-15T11:27:58+00:00,dev_fingerprint_1135,192.168.188.201,"Bengaluru, IN",pm_tok_synthetic_02401,251,1,0,1,1,0,NONE
tx_legit_006885,usr_norm_0570,merch_razorpay_022,363.94,INR,2026-08-15T11:32:35+00:00,dev_fingerprint_0423,192.168.160.178,"Chennai, IN",pm_tok_synthetic_00847,854,1,0,1,3,0,NONE
tx_legit_003990,usr_norm_0733,merch_razorpay_013,981.85,INR,2026-08-15T11:35:22+00:00,dev_fingerprint_1428,10.0.85.16,"Pune, IN",pm_tok_synthetic_02423,58,1,0,1,1,0,NONE
tx_legit_009076,usr_norm_1460,merch_razorpay_034,447.01,INR,2026-08-15T11:38:33+00:00,dev_fingerprint_0919,10.0.246.219,"Ahmedabad, IN",pm_tok_synthetic_00539,241,1,0,2,1,0,NONE
tx_legit_001524,usr_norm_1693,merch_razorpay_021,295.29,INR,2026-08-15T11:47:24+00:00,dev_fingerprint_0617,192.168.57.70,"Kolkata, IN",pm_tok_synthetic_02181,269,1,0,1,1,0,NONE
tx_legit_003285,usr_norm_0066,merch_razorpay_048,268.46,INR,2026-08-15T11:47:35+00:00,dev_fingerprint_1090,10.0.174.32,"Bengaluru, IN",pm_tok_synthetic_00942,542,1,1,1,1,0,NONE
tx_legit_009052,usr_norm_1373,merch_razorpay_015,315.33,INR,2026-08-15T11:52:10+00:00,dev_fingerprint_0216,10.0.139.77,"Bengaluru, IN",pm_tok_synthetic_02361,396,1,0,1,2,0,NONE
tx_legit_000528,usr_norm_0830,merch_razorpay_006,213.19,INR,2026-08-15T11:54:20+00:00,dev_fingerprint_0115,192.168.30.145,"Hyderabad, IN",pm_tok_synthetic_00651,97,2,0,2,2,0,NONE
tx_legit_006170,usr_norm_1586,merch_razorpay_005,461.55,INR,2026-08-15T11:54:24+00:00,dev_fingerprint_0429,192.168.202.180,"Pune, IN",pm_tok_synthetic_00821,227,1,0,3,2,0,NONE
tx_legit_006201,usr_norm_1368,merch_razorpay_037,421.69,INR,2026-08-15T11:57:28+00:00,dev_fingerprint_0622,192.168.64.191,"Kolkata, IN",pm_tok_synthetic_00884,561,2,0,3,3,0,NONE
tx_legit_007931,usr_norm_1324,merch_razorpay_035,519.92,INR,2026-08-15T12:01:54+00:00,dev_fingerprint_0738,10.0.41.133,"Pune, IN",pm_tok_synthetic_00213,712,2,0,1,1,0,NONE
tx_legit_001176,usr_norm_0920,merch_razorpay_026,1228.19,INR,2026-08-15T12:03:16+00:00,dev_fingerprint_0328,192.168.181.18,"Mumbai, IN",pm_tok_synthetic_02245,538,1,0,1,1,0,NONE
tx_legit_004945,usr_norm_0810,merch_razorpay_023,1678.33,INR,2026-08-15T12:05:39+00:00,dev_fingerprint_1434,192.168.33.164,"Kolkata, IN",pm_tok_synthetic_02406,565,2,0,1,1,0,NONE
tx_legit_004254,usr_norm_1748,merch_razorpay_028,261.39,INR,2026-08-15T12:07:34+00:00,dev_fingerprint_0129,192.168.122.181,"Ahmedabad, IN",pm_tok_synthetic_02214,688,1,0,1,1,0,NONE
tx_legit_001285,usr_norm_0088,merch_razorpay_005,394.19,INR,2026-08-15T12:10:29+00:00,dev_fingerprint_1301,192.168.223.193,"Hyderabad, IN",pm_tok_synthetic_01323,672,1,0,1,1,0,NONE
tx_legit_008261,usr_norm_0055,merch_razorpay_010,145.03,INR,2026-08-15T12:10:53+00:00,dev_fingerprint_1909,192.168.163.219,"Bengaluru, IN",pm_tok_synthetic_01814,707,2,0,2,3,0,NONE
tx_legit_003971,usr_norm_1769,merch_razorpay_022,273.46,INR,2026-08-15T12:12:05+00:00,dev_fingerprint_0850,192.168.207.105,"Kolkata, IN",pm_tok_synthetic_01515,596,1,0,1,1,0,NONE
tx_legit_001538,usr_norm_1730,merch_razorpay_049,1906.76,INR,2026-08-15T12:14:20+00:00,dev_fingerprint_1019,192.168.31.64,"Pune, IN",pm_tok_synthetic_00003,68,2,0,1,1,0,NONE
tx_fraud_000203,usr_fraud_burstB_012,merch_razorpay_015,9334.58,INR,2026-08-15T12:19:16+00:00,dev_fraud_burstB_032,203.0.113.104,"Mumbai, IN",pm_tok_burstB_005,16,17,5,3,20,1,SHARED_IP_BURST
tx_legit_000155,usr_norm_1695,merch_razorpay_014,2372.43,INR,2026-08-15T12:28:43+00:00,dev_fingerprint_0537,192.168.103.172,"Mumbai, IN",pm_tok_synthetic_02172,475,4,0,1,5,0,NONE
tx_legit_008799,usr_norm_0631,merch_razorpay_007,490.97,INR,2026-08-15T12:30:42+00:00,dev_fingerprint_0149,192.168.151.72,"Ahmedabad, IN",pm_tok_synthetic_02405,99,2,0,1,1,0,NONE
tx_legit_006850,usr_norm_1765,merch_razorpay_004,498.94,INR,2026-08-15T12:31:25+00:00,dev_fingerprint_1401,192.168.67.88,"Kolkata, IN",pm_tok_synthetic_02235,170,1,0,1,1,0,NONE
tx_legit_001119,usr_norm_0930,merch_razorpay_026,1087.05,INR,2026-08-15T12:31:55+00:00,dev_fingerprint_0737,192.168.248.152,"Delhi, IN",pm_tok_synthetic_01280,466,2,0,2,2,0,NONE
tx_legit_006704,usr_norm_0461,merch_razorpay_046,666.43,INR,2026-08-15T12:37:46+00:00,dev_fingerprint_0922,192.168.35.222,"Pune, IN",pm_tok_synthetic_00934,394,1,0,1,4,0,NONE
tx_legit_005404,usr_norm_0063,merch_razorpay_035,2814.69,INR,2026-08-15T12:38:32+00:00,dev_fingerprint_0281,192.168.99.49,"Bengaluru, IN",pm_tok_synthetic_01046,326,2,0,2,1,0,NONE
tx_legit_006049,usr_norm_1151,merch_razorpay_031,343.81,INR,2026-08-15T12:41:04+00:00,dev_fingerprint_0266,192.168.45.52,"Pune, IN",pm_tok_synthetic_02471,582,1,0,1,1,0,NONE
tx_legit_006701,usr_norm_1744,merch_razorpay_015,258.67,INR,2026-08-15T12:58:22+00:00,dev_fingerprint_1716,10.0.181.108,"Mumbai, IN",pm_tok_synthetic_01992,116,1,0,1,1,0,NONE
tx_legit_005669,usr_norm_1099,merch_razorpay_028,235.85,INR,2026-08-15T13:02:13+00:00,dev_fingerprint_1208,192.168.248.15,"Delhi, IN",pm_tok_synthetic_00150,594,1,0,1,1,0,NONE
tx_legit_006769,usr_norm_0209,merch_razorpay_018,477.49,INR,2026-08-15T13:06:04+00:00,dev_fingerprint_1110,192.168.140.10,"Delhi, IN",pm_tok_synthetic_01317,191,1,0,1,1,0,NONE
tx_legit_006071,usr_norm_1772,merch_razorpay_042,523.8,INR,2026-08-15T13:06:23+00:00,dev_fingerprint_1294,192.168.73.252,"Mumbai, IN",pm_tok_synthetic_01540,826,1,1,1,1,0,NONE
tx_legit_003744,usr_norm_0041,merch_razorpay_000,565.94,INR,2026-08-15T13:08:06+00:00,dev_fingerprint_0221,192.168.156.252,"Hyderabad, IN",pm_tok_synthetic_02278,406,1,0,3,1,0,NONE
tx_legit_006910,usr_norm_1307,merch_razorpay_016,452.11,INR,2026-08-15T13:10:52+00:00,dev_fingerprint_0897,192.168.30.249,"Ahmedabad, IN",pm_tok_synthetic_00033,268,1,0,1,2,0,NONE
tx_legit_001328,usr_norm_1306,merch_razorpay_020,1007.37,INR,2026-08-15T13:19:13+00:00,dev_fingerprint_0577,192.168.155.54,"Delhi, IN",pm_tok_synthetic_00512,762,1,1,1,1,0,NONE
tx_legit_002147,usr_norm_0532,merch_razorpay_046,238.57,INR,2026-08-15T13:21:44+00:00,dev_fingerprint_1212,192.168.244.194,"Bengaluru, IN",pm_tok_synthetic_01592,34,2,0,1,2,0,NONE
tx_legit_001424,usr_norm_0304,merch_razorpay_032,350.27,INR,2026-08-15T13:25:05+00:00,dev_fingerprint_1151,192.168.189.83,"Hyderabad, IN",pm_tok_synthetic_01112,170,1,0,1,1,0,NONE
tx_legit_005864,usr_norm_1348,merch_razorpay_015,479.7,INR,2026-08-15T13:25:11+00:00,dev_fingerprint_1306,192.168.18.200,"Ahmedabad, IN",pm_tok_synthetic_01552,781,2,0,2,2,0,NONE
tx_legit_004656,usr_norm_0807,merch_razorpay_028,181.27,INR,2026-08-15T13:25:32+00:00,dev_fingerprint_0794,192.168.167.70,"Chennai, IN",pm_tok_synthetic_01627,595,1,0,1,3,0,NONE
tx_legit_005251,usr_norm_0257,merch_razorpay_000,198.57,INR,2026-08-15T13:28:23+00:00,dev_fingerprint_1099,192.168.109.9,"Mumbai, IN",pm_tok_synthetic_00440,471,1,0,2,2,0,NONE
tx_legit_000442,usr_norm_1466,merch_razorpay_017,471.31,INR,2026-08-15T13:31:02+00:00,dev_fingerprint_0138,10.0.157.109,"Mumbai, IN",pm_tok_synthetic_02183,766,1,0,1,1,0,NONE
tx_legit_008044,usr_norm_0267,merch_razorpay_042,596.15,INR,2026-08-15T13:31:42+00:00,dev_fingerprint_0295,10.0.46.54,"Delhi, IN",pm_tok_synthetic_02467,551,1,0,1,2,0,NONE
tx_legit_008407,usr_norm_0217,merch_razorpay_005,1670.63,INR,2026-08-15T13:43:06+00:00,dev_fingerprint_0841,192.168.71.198,"Chennai, IN",pm_tok_synthetic_01677,873,1,0,2,1,0,NONE
tx_legit_003968,usr_norm_1882,merch_razorpay_028,3253.42,INR,2026-08-15T13:43:09+00:00,dev_fingerprint_0319,192.168.189.27,"Ahmedabad, IN",pm_tok_synthetic_02237,549,1,2,1,1,0,NONE
tx_legit_000962,usr_norm_1307,merch_razorpay_033,458.37,INR,2026-08-15T13:51:06+00:00,dev_fingerprint_0897,192.168.30.249,"Chennai, IN",pm_tok_synthetic_00033,268,1,1,1,1,0,NONE
tx_legit_002928,usr_norm_1261,merch_razorpay_027,207.36,INR,2026-08-15T13:52:29+00:00,dev_fingerprint_1292,192.168.73.252,"Kolkata, IN",pm_tok_synthetic_00943,444,4,0,1,1,0,NONE
tx_fraud_000018,usr_fraud_ringA_017,merch_razorpay_010,5401.05,INR,2026-08-15T13:54:00+00:00,dev_fraud_ring_A_4,198.51.100.48,"Pune, IN",pm_tok_ringA_006,12,12,2,16,6,1,DEVICE_SHARING_RING
tx_legit_001841,usr_norm_0891,merch_razorpay_030,321.13,INR,2026-08-15T14:07:00+00:00,dev_fingerprint_1496,192.168.33.50,"Ahmedabad, IN",pm_tok_synthetic_00057,359,1,1,1,2,0,NONE
tx_legit_008139,usr_norm_1419,merch_razorpay_015,649.45,INR,2026-08-15T14:07:27+00:00,dev_fingerprint_1960,192.168.81.55,"Mumbai, IN",pm_tok_synthetic_01090,825,3,0,1,1,0,NONE
tx_legit_003908,usr_norm_1761,merch_razorpay_010,200.61,INR,2026-08-15T14:08:07+00:00,dev_fingerprint_1210,192.168.199.15,"Delhi, IN",pm_tok_synthetic_00435,146,1,1,1,1,0,NONE
tx_fraud_000303,usr_fraud_burstB_022,merch_razorpay_042,12105.14,INR,2026-08-15T14:16:12+00:00,dev_fraud_burstB_009,203.0.113.105,"Pune, IN",pm_tok_burstB_009,2,16,2,2,19,1,SHARED_IP_BURST
tx_legit_002562,usr_norm_1429,merch_razorpay_021,351.97,INR,2026-08-15T14:20:21+00:00,dev_fingerprint_0111,192.168.193.240,"Delhi, IN",pm_tok_synthetic_00604,882,1,0,1,1,0,NONE
tx_legit_006074,usr_norm_0570,merch_razorpay_032,366.77,INR,2026-08-15T14:23:41+00:00,dev_fingerprint_0423,10.0.201.176,"Pune, IN",pm_tok_synthetic_00847,854,1,0,2,2,0,NONE
tx_legit_004382,usr_norm_1516,merch_razorpay_018,1080.43,INR,2026-08-15T14:44:17+00:00,dev_fingerprint_0011,192.168.56.190,"Delhi, IN",pm_tok_synthetic_02021,273,1,0,1,2,0,NONE
tx_legit_003500,usr_norm_0706,merch_razorpay_021,339.42,INR,2026-08-15T15:04:23+00:00,dev_fingerprint_1200,10.0.81.128,"Chennai, IN",pm_tok_synthetic_00307,52,2,0,1,2,0,NONE
tx_fraud_000188,usr_fraud_burstB_027,merch_razorpay_035,3599.61,INR,2026-08-15T15:05:26+00:00,dev_fraud_burstB_031,203.0.113.103,"Delhi, IN",pm_tok_burstB_015,12,20,4,2,32,1,SHARED_IP_BURST
tx_legit_001069,usr_norm_0728,merch_razorpay_040,500.19,INR,2026-08-15T15:06:04+00:00,dev_fingerprint_1801,192.168.193.69,"Pune, IN",pm_tok_synthetic_01015,702,2,0,1,1,0,NONE
tx_legit_002170,usr_norm_1649,merch_razorpay_043,374.77,INR,2026-08-15T15:06:43+00:00,dev_fingerprint_0590,10.0.52.253,"Hyderabad, IN",pm_tok_synthetic_00514,167,1,0,2,1,0,NONE
tx_legit_008809,usr_norm_0365,merch_razorpay_028,590.1,INR,2026-08-15T15:14:03+00:00,dev_fingerprint_1338,192.168.89.253,"Pune, IN",pm_tok_synthetic_01424,151,1,0,1,1,0,NONE
tx_legit_007018,usr_norm_0875,merch_razorpay_025,433.35,INR,2026-08-15T15:15:03+00:00,dev_fingerprint_0533,10.0.5.136,"Chennai, IN",pm_tok_synthetic_01204,504,1,0,1,1,0,NONE
tx_legit_000126,usr_norm_0450,merch_razorpay_023,253.43,INR,2026-08-15T15:18:46+00:00,dev_fingerprint_1347,192.168.250.237,"Mumbai, IN",pm_tok_synthetic_00734,900,2,0,3,2,0,NONE
tx_legit_001001,usr_norm_1975,merch_razorpay_019,284.02,INR,2026-08-15T15:18:46+00:00,dev_fingerprint_0868,192.168.139.16,"Hyderabad, IN",pm_tok_synthetic_02106,263,1,0,2,1,0,NONE
tx_legit_005019,usr_norm_0739,merch_razorpay_026,293.07,INR,2026-08-15T15:19:52+00:00,dev_fingerprint_1078,192.168.8.100,"Mumbai, IN",pm_tok_synthetic_00002,369,1,0,1,1,0,NONE
tx_legit_000205,usr_norm_0309,merch_razorpay_043,139.43,INR,2026-08-15T15:20:50+00:00,dev_fingerprint_1395,192.168.107.88,"Kolkata, IN",pm_tok_synthetic_00563,35,1,0,2,1,0,NONE
tx_legit_007221,usr_norm_0435,merch_razorpay_040,609.7,INR,2026-08-15T15:22:02+00:00,dev_fingerprint_0367,192.168.185.68,"Hyderabad, IN",pm_tok_synthetic_00394,566,2,0,1,1,0,NONE
tx_legit_008335,usr_norm_0299,merch_razorpay_042,688.93,INR,2026-08-15T15:23:48+00:00,dev_fingerprint_0808,192.168.137.98,"Hyderabad, IN",pm_tok_synthetic_01413,821,1,0,1,5,0,NONE
tx_legit_003986,usr_norm_1438,merch_razorpay_046,920.13,INR,2026-08-15T15:34:18+00:00,dev_fingerprint_0523,192.168.25.169,"Chennai, IN",pm_tok_synthetic_00246,320,2,0,1,2,0,NONE
tx_legit_006895,usr_norm_0706,merch_razorpay_000,882.4,INR,2026-08-15T15:37:39+00:00,dev_fingerprint_1200,192.168.3.171,"Ahmedabad, IN",pm_tok_synthetic_00307,52,3,0,1,1,0,NONE
tx_legit_009129,usr_norm_1370,merch_razorpay_040,547.32,INR,2026-08-15T15:45:31+00:00,dev_fingerprint_0789,10.0.146.159,"Ahmedabad, IN",pm_tok_synthetic_00791,568,1,0,1,1,0,NONE
tx_legit_000232,usr_norm_1585,merch_razorpay_012,385.72,INR,2026-08-15T15:47:26+00:00,dev_fingerprint_1182,192.168.131.181,"Mumbai, IN",pm_tok_synthetic_01278,684,2,0,2,2,0,NONE
tx_legit_002299,usr_norm_0558,merch_razorpay_042,132.46,INR,2026-08-15T15:54:10+00:00,dev_fingerprint_0460,192.168.176.154,"Chennai, IN",pm_tok_synthetic_01182,202,1,0,2,2,0,NONE
tx_legit_006593,usr_norm_0232,merch_razorpay_033,171.74,INR,2026-08-15T15:54:39+00:00,dev_fingerprint_1154,192.168.59.198,"Chennai, IN",pm_tok_synthetic_00116,113,1,0,1,5,0,NONE
tx_fraud_000548,usr_fraud_anomD_067,merch_razorpay_036,88518.43,INR,2026-08-15T16:03:13+00:00,dev_anomD_067,192.0.2.152,Unknown / VPN Node,pm_tok_anomD_067,5,15,6,1,4,1,BEHAVIORAL_ANOMALY
tx_legit_006551,usr_norm_1652,merch_razorpay_029,721.34,INR,2026-08-15T16:03:45+00:00,dev_fingerprint_0894,192.168.243.218,"Ahmedabad, IN",pm_tok_synthetic_00556,116,2,1,1,3,0,NONE
tx_legit_000854,usr_norm_1976,merch_razorpay_012,557.59,INR,2026-08-15T16:12:21+00:00,dev_fingerprint_0834,10.0.176.79,"Hyderabad, IN",pm_tok_synthetic_01287,156,1,0,1,1,0,NONE
tx_legit_005272,usr_norm_0842,merch_razorpay_023,457.76,INR,2026-08-15T16:20:04+00:00,dev_fingerprint_0529,192.168.80.142,"Mumbai, IN",pm_tok_synthetic_00370,321,1,0,1,1,0,NONE
tx_legit_003861,usr_norm_1376,merch_razorpay_019,1493.57,INR,2026-08-15T16:26:07+00:00,dev_fingerprint_1785,192.168.244.90,"Mumbai, IN",pm_tok_synthetic_01382,703,2,0,1,1,0,NONE
tx_fraud_000144,usr_fraud_ringA_018,merch_razorpay_019,6474.78,INR,2026-08-15T16:26:18+00:00,dev_fraud_ring_A_1,198.51.100.19,"Kolkata, IN",pm_tok_ringA_004,10,7,3,16,3,1,DEVICE_SHARING_RING
tx_legit_007167,usr_norm_1037,merch_razorpay_014,732.73,INR,2026-08-15T16:35:20+00:00,dev_fingerprint_1149,192.168.139.10,"Kolkata, IN",pm_tok_synthetic_00036,147,1,0,1,1,0,NONE
tx_legit_000159,usr_norm_1055,merch_razorpay_015,230.74,INR,2026-08-15T16:39:32+00:00,dev_fingerprint_0466,192.168.124.248,"Mumbai, IN",pm_tok_synthetic_01654,447,1,1,1,1,0,NONE
tx_legit_000107,usr_norm_1846,merch_razorpay_041,286.26,INR,2026-08-15T16:41:21+00:00,dev_fingerprint_0429,192.168.119.243,"Bengaluru, IN",pm_tok_synthetic_00923,358,1,0,1,1,0,NONE
tx_legit_003049,usr_norm_1483,merch_razorpay_043,964.57,INR,2026-08-15T16:42:50+00:00,dev_fingerprint_1263,192.168.165.110,"Bengaluru, IN",pm_tok_synthetic_01330,498,2,0,1,1,0,NONE
tx_legit_008051,usr_norm_0612,merch_razorpay_033,560.81,INR,2026-08-15T16:49:20+00:00,dev_fingerprint_1086,192.168.83.219,"Pune, IN",pm_tok_synthetic_00034,654,3,1,1,1,0,NONE
tx_legit_006513,usr_norm_0000,merch_razorpay_023,3686.48,INR,2026-08-15T16:50:32+00:00,dev_fingerprint_0187,192.168.41.1,"Pune, IN",pm_tok_synthetic_00868,687,1,0,1,1,0,NONE
tx_legit_001806,usr_norm_1026,merch_razorpay_022,552.49,INR,2026-08-15T16:57:14+00:00,dev_fingerprint_1515,192.168.2.242,"Bengaluru, IN",pm_tok_synthetic_00634,70,1,0,1,3,0,NONE
tx_legit_001876,usr_norm_1092,merch_razorpay_046,230.65,INR,2026-08-15T16:57:18+00:00,dev_fingerprint_0625,192.168.101.152,"Bengaluru, IN",pm_tok_synthetic_02259,141,3,0,1,1,0,NONE
tx_legit_004610,usr_norm_0417,merch_razorpay_037,439.05,INR,2026-08-15T16:57:51+00:00,dev_fingerprint_1166,192.168.114.43,"Chennai, IN",pm_tok_synthetic_01006,541,1,0,1,1,0,NONE
tx_legit_004242,usr_norm_1262,merch_razorpay_006,201.78,INR,2026-08-15T17:00:38+00:00,dev_fingerprint_0146,192.168.68.192,"Bengaluru, IN",pm_tok_synthetic_02018,381,1,0,1,2,0,NONE
tx_legit_007519,usr_norm_0119,merch_razorpay_039,348.75,INR,2026-08-15T17:04:32+00:00,dev_fingerprint_0995,192.168.139.215,"Kolkata, IN",pm_tok_synthetic_00927,170,1,0,1,2,0,NONE
tx_fraud_000255,usr_fraud_burstB_004,merch_razorpay_046,3608.99,INR,2026-08-15T17:20:36+00:00,dev_fraud_burstB_003,203.0.113.105,"Pune, IN",pm_tok_burstB_006,23,9,6,2,28,1,SHARED_IP_BURST
tx_legit_007590,usr_norm_1170,merch_razorpay_034,883.76,INR,2026-08-15T17:24:52+00:00,dev_fingerprint_1145,192.168.134.248,"Bengaluru, IN",pm_tok_synthetic_01981,289,4,0,1,3,0,NONE
tx_fraud_000440,usr_fraud_reuseC_019,merch_razorpay_039,4364.99,INR,2026-08-15T17:26:56+00:00,dev_reuseC_022,198.51.100.179,"Ahmedabad, IN",pm_tok_stolen_C_002,2,6,0,4,4,1,PAYMENT_REF_REUSE
tx_fraud_000288,usr_fraud_burstB_007,merch_razorpay_031,10275.84,INR,2026-08-15T17:32:16+00:00,dev_fraud_burstB_032,203.0.113.104,"Kolkata, IN",pm_tok_burstB_020,6,21,5,2,14,1,SHARED_IP_BURST
tx_legit_007395,usr_norm_1827,merch_razorpay_021,535.26,INR,2026-08-15T17:36:31+00:00,dev_fingerprint_1695,192.168.109.153,"Delhi, IN",pm_tok_synthetic_00065,521,1,2,1,1,0,NONE
tx_legit_005955,usr_norm_0457,merch_razorpay_040,873.53,INR,2026-08-15T17:39:55+00:00,dev_fingerprint_0708,192.168.166.19,"Delhi, IN",pm_tok_synthetic_00400,477,2,0,1,1,0,NONE
tx_legit_007875,usr_norm_1447,merch_razorpay_013,232.04,INR,2026-08-15T17:40:58+00:00,dev_fingerprint_0937,192.168.212.188,"Kolkata, IN",pm_tok_synthetic_00088,70,1,0,3,3,0,NONE
tx_legit_007987,usr_norm_0059,merch_razorpay_002,963.83,INR,2026-08-15T17:44:22+00:00,dev_fingerprint_0227,192.168.190.114,"Chennai, IN",pm_tok_synthetic_02429,528,2,0,2,1,0,NONE
tx_legit_007756,usr_norm_1581,merch_razorpay_047,375.61,INR,2026-08-15T17:49:12+00:00,dev_fingerprint_0008,192.168.208.46,"Pune, IN",pm_tok_synthetic_00180,733,1,0,1,2,0,NONE
tx_legit_002892,usr_norm_1242,merch_razorpay_018,299.17,INR,2026-08-15T17:52:09+00:00,dev_fingerprint_1772,192.168.134.248,"Ahmedabad, IN",pm_tok_synthetic_01770,420,1,0,1,1,0,NONE
tx_legit_005547,usr_norm_0354,merch_razorpay_026,938.34,INR,2026-08-15T17:53:01+00:00,dev_fingerprint_1154,10.0.247.110,"Kolkata, IN",pm_tok_synthetic_02288,503,1,0,1,1,0,NONE
tx_legit_001361,usr_norm_1389,merch_razorpay_024,848.82,INR,2026-08-15T18:06:10+00:00,dev_fingerprint_1047,192.168.167.70,"Ahmedabad, IN",pm_tok_synthetic_02337,615,1,0,1,2,0,NONE
tx_legit_000061,usr_norm_0581,merch_razorpay_021,525.68,INR,2026-08-15T18:07:05+00:00,dev_fingerprint_0848,192.168.241.98,"Delhi, IN",pm_tok_synthetic_01851,107,1,2,1,1,0,NONE
tx_legit_006672,usr_norm_1790,merch_razorpay_003,1195.26,INR,2026-08-15T18:11:08+00:00,dev_fingerprint_1320,192.168.171.236,"Hyderabad, IN",pm_tok_synthetic_01167,244,2,0,1,1,0,NONE
tx_legit_005235,usr_norm_0969,merch_razorpay_009,297.54,INR,2026-08-15T18:13:17+00:00,dev_fingerprint_0456,192.168.44.45,"Ahmedabad, IN",pm_tok_synthetic_01861,369,1,0,1,1,0,NONE
tx_legit_003644,usr_norm_1677,merch_razorpay_021,325.66,INR,2026-08-15T18:16:41+00:00,dev_fingerprint_0597,192.168.223.168,"Mumbai, IN",pm_tok_synthetic_00111,323,1,0,2,2,0,NONE
tx_legit_008187,usr_norm_0402,merch_razorpay_023,411.02,INR,2026-08-15T18:18:43+00:00,dev_fingerprint_0427,192.168.92.148,"Bengaluru, IN",pm_tok_synthetic_00445,340,1,0,1,1,0,NONE
tx_legit_003514,usr_norm_0212,merch_razorpay_012,433.03,INR,2026-08-15T18:19:02+00:00,dev_fingerprint_0411,192.168.122.181,"Chennai, IN",pm_tok_synthetic_00568,272,1,0,1,1,0,NONE
tx_fraud_000228,usr_fraud_burstB_007,merch_razorpay_004,10688.46,INR,2026-08-15T18:19:48+00:00,dev_fraud_burstB_011,203.0.113.104,"Ahmedabad, IN",pm_tok_burstB_012,18,20,4,2,12,1,SHARED_IP_BURST
tx_legit_003200,usr_norm_0232,merch_razorpay_025,1880.86,INR,2026-08-15T18:23:00+00:00,dev_fingerprint_1981,10.0.86.77,"Bengaluru, IN",pm_tok_synthetic_00116,113,1,0,1,1,0,NONE
tx_legit_004141,usr_norm_1788,merch_razorpay_026,316.93,INR,2026-08-15T18:23:49+00:00,dev_fingerprint_0305,192.168.212.146,"Hyderabad, IN",pm_tok_synthetic_02456,539,3,0,1,2,0,NONE
tx_legit_001177,usr_norm_1143,merch_razorpay_021,221.55,INR,2026-08-15T18:27:36+00:00,dev_fingerprint_1483,192.168.236.74,"Pune, IN",pm_tok_synthetic_01403,494,1,0,1,1,0,NONE
tx_legit_008691,usr_norm_1823,merch_razorpay_028,607.47,INR,2026-08-15T18:29:09+00:00,dev_fingerprint_1707,192.168.228.195,"Hyderabad, IN",pm_tok_synthetic_00401,493,1,0,1,1,0,NONE
tx_legit_005093,usr_norm_1089,merch_razorpay_003,619.59,INR,2026-08-15T18:31:20+00:00,dev_fingerprint_0453,192.168.209.126,"Kolkata, IN",pm_tok_synthetic_01786,313,1,0,1,2,0,NONE
tx_legit_000900,usr_norm_1639,merch_razorpay_002,308.04,INR,2026-08-15T18:38:10+00:00,dev_fingerprint_0261,10.0.33.10,"Chennai, IN",pm_tok_synthetic_01204,93,1,0,1,1,0,NONE
tx_legit_003259,usr_norm_1364,merch_razorpay_013,1030.92,INR,2026-08-15T18:39:59+00:00,dev_fingerprint_1985,10.0.70.170,"Pune, IN",pm_tok_synthetic_01478,601,1,0,1,1,0,NONE
tx_legit_007234,usr_norm_1957,merch_razorpay_025,594.12,INR,2026-08-15T18:40:42+00:00,dev_fingerprint_0067,192.168.234.208,"Bengaluru, IN",pm_tok_synthetic_02103,637,1,0,1,1,0,NONE
tx_legit_001229,usr_norm_1134,merch_razorpay_047,604.27,INR,2026-08-15T18:41:08+00:00,dev_fingerprint_1172,192.168.113.231,"Mumbai, IN",pm_tok_synthetic_00229,200,1,0,1,1,0,NONE
tx_legit_008146,usr_norm_1463,merch_razorpay_045,128.79,INR,2026-08-15T18:43:04+00:00,dev_fingerprint_0632,10.0.84.147,"Hyderabad, IN",pm_tok_synthetic_02145,168,1,0,1,1,0,NONE
tx_legit_008478,usr_norm_1832,merch_razorpay_038,248.78,INR,2026-08-15T18:47:11+00:00,dev_fingerprint_0758,10.0.25.11,"Mumbai, IN",pm_tok_synthetic_01923,750,1,0,2,1,0,NONE
tx_legit_003193,usr_norm_1027,merch_razorpay_045,525.24,INR,2026-08-15T18:50:21+00:00,dev_fingerprint_1743,192.168.173.192,"Ahmedabad, IN",pm_tok_synthetic_01321,641,1,0,1,1,0,NONE
tx_legit_008092,usr_norm_1083,merch_razorpay_023,1275.79,INR,2026-08-15T18:56:59+00:00,dev_fingerprint_1636,10.0.75.55,"Kolkata, IN",pm_tok_synthetic_00792,355,3,0,2,1,0,NONE
tx_legit_003841,usr_norm_1935,merch_razorpay_037,1540.64,INR,2026-08-15T19:05:45+00:00,dev_fingerprint_1754,192.168.33.129,"Kolkata, IN",pm_tok_synthetic_01233,307,1,0,1,1,0,NONE
tx_legit_008987,usr_norm_1425,merch_razorpay_026,282.88,INR,2026-08-15T19:05:53+00:00,dev_fingerprint_0905,192.168.33.164,"Pune, IN",pm_tok_synthetic_00597,481,2,0,1,1,0,NONE
tx_legit_005769,usr_norm_1366,merch_razorpay_046,1254.24,INR,2026-08-15T19:15:43+00:00,dev_fingerprint_1450,192.168.98.70,"Mumbai, IN",pm_tok_synthetic_01088,571,1,0,1,1,0,NONE
tx_fraud_000185,usr_fraud_burstB_024,merch_razorpay_042,8789.63,INR,2026-08-15T19:16:29+00:00,dev_fraud_burstB_005,203.0.113.102,"Pune, IN",pm_tok_burstB_009,13,11,8,4,23,1,SHARED_IP_BURST
tx_legit_000302,usr_norm_0841,merch_razorpay_013,1159.75,INR,2026-08-15T19:16:47+00:00,dev_fingerprint_1129,192.168.156.252,"Delhi, IN",pm_tok_synthetic_01410,197,1,0,1,2,0,NONE
tx_legit_008176,usr_norm_1791,merch_razorpay_004,118.17,INR,2026-08-15T19:17:32+00:00,dev_fingerprint_0890,192.168.226.63,"Bengaluru, IN",pm_tok_synthetic_01369,661,1,0,1,1,0,NONE
tx_legit_004531,usr_norm_1805,merch_razorpay_039,114.84,INR,2026-08-15T19:21:03+00:00,dev_fingerprint_0279,192.168.107.16,"Bengaluru, IN",pm_tok_synthetic_00795,677,1,0,1,1,0,NONE
tx_legit_003410,usr_norm_0812,merch_razorpay_039,193.86,INR,2026-08-15T19:21:56+00:00,dev_fingerprint_0303,10.0.188.183,"Bengaluru, IN",pm_tok_synthetic_02408,626,1,0,2,1,0,NONE
tx_legit_006993,usr_norm_1327,merch_razorpay_040,509.95,INR,2026-08-15T19:22:14+00:00,dev_fingerprint_0342,192.168.98.99,"Mumbai, IN",pm_tok_synthetic_01130,628,1,0,1,2,0,NONE
tx_legit_008467,usr_norm_1598,merch_razorpay_031,708.82,INR,2026-08-15T19:24:45+00:00,dev_fingerprint_0785,192.168.156.163,"Pune, IN",pm_tok_synthetic_00352,466,1,1,1,1,0,NONE
tx_legit_001360,usr_norm_0961,merch_razorpay_031,2326.18,INR,2026-08-15T19:26:19+00:00,dev_fingerprint_1876,192.168.174.140,"Bengaluru, IN",pm_tok_synthetic_01337,487,1,0,1,3,0,NONE
tx_fraud_000537,usr_fraud_anomD_056,merch_razorpay_001,82245.62,INR,2026-08-15T19:36:51+00:00,dev_anomD_056,192.0.2.201,Unknown / VPN Node,pm_tok_anomD_056,4,10,5,1,4,1,BEHAVIORAL_ANOMALY
tx_legit_002615,usr_norm_0128,merch_razorpay_015,579.63,INR,2026-08-15T19:40:19+00:00,dev_fingerprint_1250,192.168.142.181,"Kolkata, IN",pm_tok_synthetic_01838,269,1,0,1,2,0,NONE
tx_legit_006289,usr_norm_0488,merch_razorpay_005,399.86,INR,2026-08-15T19:41:49+00:00,dev_fingerprint_0674,10.0.93.240,"Bengaluru, IN",pm_tok_synthetic_01371,470,1,0,1,1,0,NONE
tx_legit_000895,usr_norm_0536,merch_razorpay_045,2556.42,INR,2026-08-15T19:45:41+00:00,dev_fingerprint_0749,10.0.75.191,"Chennai, IN",pm_tok_synthetic_00807,498,1,0,2,1,0,NONE
tx_legit_005193,usr_norm_0717,merch_razorpay_033,594.51,INR,2026-08-15T19:53:41+00:00,dev_fingerprint_0981,10.0.72.18,"Ahmedabad, IN",pm_tok_synthetic_00359,316,1,0,1,1,0,NONE
tx_legit_002957,usr_norm_1275,merch_razorpay_008,481.95,INR,2026-08-15T19:54:58+00:00,dev_fingerprint_0469,192.168.55.130,"Bengaluru, IN",pm_tok_synthetic_01163,483,1,0,1,2,0,NONE
tx_legit_006693,usr_norm_0459,merch_razorpay_034,611.24,INR,2026-08-15T19:58:12+00:00,dev_fingerprint_1239,192.168.71.198,"Chennai, IN",pm_tok_synthetic_02439,436,1,1,1,4,0,NONE
tx_legit_001365,usr_norm_0515,merch_razorpay_034,237.47,INR,2026-08-15T20:03:05+00:00,dev_fingerprint_0912,10.0.187.111,"Mumbai, IN",pm_tok_synthetic_01381,504,1,0,3,1,0,NONE
tx_legit_005838,usr_norm_1015,merch_razorpay_002,253.33,INR,2026-08-15T20:05:21+00:00,dev_fingerprint_0853,10.0.218.162,"Delhi, IN",pm_tok_synthetic_01280,595,1,0,1,5,0,NONE
tx_legit_007332,usr_norm_1978,merch_razorpay_009,314.01,INR,2026-08-15T20:07:55+00:00,dev_fingerprint_1015,192.168.63.117,"Pune, IN",pm_tok_synthetic_01479,751,1,0,2,1,0,NONE
tx_fraud_000437,usr_fraud_reuseC_016,merch_razorpay_005,11108.51,INR,2026-08-15T20:09:10+00:00,dev_reuseC_018,198.51.100.132,"Delhi, IN",pm_tok_stolen_C_002,2,7,1,5,4,1,PAYMENT_REF_REUSE
tx_legit_002962,usr_norm_1195,merch_razorpay_011,370.29,INR,2026-08-15T20:11:23+00:00,dev_fingerprint_0582,192.168.65.83,"Pune, IN",pm_tok_synthetic_02290,626,1,0,1,1,0,NONE
tx_legit_000965,usr_norm_0019,merch_razorpay_043,381.76,INR,2026-08-15T20:12:02+00:00,dev_fingerprint_1405,192.168.249.129,"Bengaluru, IN",pm_tok_synthetic_02008,759,1,0,1,1,0,NONE
tx_fraud_000124,usr_fraud_ringA_023,merch_razorpay_030,12277.5,INR,2026-08-15T20:14:38+00:00,dev_fraud_ring_A_1,198.51.100.80,"Pune, IN",pm_tok_ringA_009,14,10,3,14,3,1,DEVICE_SHARING_RING
tx_legit_002961,usr_norm_1791,merch_razorpay_039,690.08,INR,2026-08-15T20:15:16+00:00,dev_fingerprint_0890,10.0.96.86,"Delhi, IN",pm_tok_synthetic_01369,661,1,0,2,1,0,NONE
tx_legit_006627,usr_norm_1792,merch_razorpay_029,158.09,INR,2026-08-15T20:16:36+00:00,dev_fingerprint_0928,192.168.21.219,"Kolkata, IN",pm_tok_synthetic_00427,788,1,1,1,1,0,NONE
tx_legit_008854,usr_norm_0955,merch_razorpay_034,574.88,INR,2026-08-15T20:17:03+00:00,dev_fingerprint_0961,192.168.66.118,"Hyderabad, IN",pm_tok_synthetic_02030,199,1,0,2,3,0,NONE
tx_legit_007314,usr_norm_1336,merch_razorpay_012,971.46,INR,2026-08-15T20:19:09+00:00,dev_fingerprint_0648,192.168.236.138,"Ahmedabad, IN",pm_tok_synthetic_01422,854,4,0,1,1,0,NONE
tx_legit_005634,usr_norm_1132,merch_razorpay_044,76.75,INR,2026-08-15T20:21:23+00:00,dev_fingerprint_0261,10.0.21.90,"Pune, IN",pm_tok_synthetic_02426,194,1,0,1,1,0,NONE
tx_legit_002870,usr_norm_1448,merch_razorpay_044,510.57,INR,2026-08-15T20:24:13+00:00,dev_fingerprint_0506,192.168.206.143,"Delhi, IN",pm_tok_synthetic_02168,342,1,0,1,3,0,NONE
tx_legit_006897,usr_norm_0946,merch_razorpay_029,403.0,INR,2026-08-15T20:26:48+00:00,dev_fingerprint_0094,10.0.217.247,"Kolkata, IN",pm_tok_synthetic_01071,700,1,0,1,1,0,NONE
tx_legit_000796,usr_norm_1028,merch_razorpay_024,1087.14,INR,2026-08-15T20:36:11+00:00,dev_fingerprint_0104,192.168.211.1,"Kolkata, IN",pm_tok_synthetic_01233,532,4,0,1,1,0,NONE
tx_legit_003987,usr_norm_1521,merch_razorpay_018,642.18,INR,2026-08-15T20:42:25+00:00,dev_fingerprint_0425,192.168.95.91,"Chennai, IN",pm_tok_synthetic_00757,181,1,0,1,1,0,NONE
tx_legit_002867,usr_norm_1022,merch_razorpay_009,913.88,INR,2026-08-15T20:43:41+00:00,dev_fingerprint_0355,192.168.133.93,"Pune, IN",pm_tok_synthetic_02104,152,1,0,1,3,0,NONE
tx_legit_005737,usr_norm_0448,merch_razorpay_004,669.43,INR,2026-08-15T20:43:55+00:00,dev_fingerprint_0555,192.168.72.117,"Bengaluru, IN",pm_tok_synthetic_00304,730,1,0,1,2,0,NONE
tx_legit_002490,usr_norm_0480,merch_razorpay_001,889.6,INR,2026-08-15T20:47:10+00:00,dev_fingerprint_0616,192.168.70.73,"Delhi, IN",pm_tok_synthetic_02019,179,1,0,2,2,0,NONE
tx_legit_008745,usr_norm_0947,merch_razorpay_003,333.28,INR,2026-08-15T20:47:49+00:00,dev_fingerprint_0643,192.168.7.144,"Kolkata, IN",pm_tok_synthetic_02149,815,1,0,1,1,0,NONE
tx_legit_007361,usr_norm_1294,merch_razorpay_022,645.89,INR,2026-08-15T21:09:21+00:00,dev_fingerprint_0895,192.168.163.159,"Mumbai, IN",pm_tok_synthetic_01023,197,2,1,1,1,0,NONE
tx_legit_000542,usr_norm_0462,merch_razorpay_048,460.15,INR,2026-08-15T21:09:48+00:00,dev_fingerprint_1132,192.168.211.119,"Hyderabad, IN",pm_tok_synthetic_01537,472,1,0,1,1,0,NONE
tx_legit_005011,usr_norm_0024,merch_razorpay_009,1442.06,INR,2026-08-15T21:13:28+00:00,dev_fingerprint_1086,192.168.33.11,"Delhi, IN",pm_tok_synthetic_01858,547,2,0,3,2,0,NONE
tx_legit_003088,usr_norm_1216,merch_razorpay_009,351.28,INR,2026-08-15T21:15:19+00:00,dev_fingerprint_1399,192.168.150.98,"Mumbai, IN",pm_tok_synthetic_00778,540,4,0,1,1,0,NONE
tx_legit_006323,usr_norm_0535,merch_razorpay_022,324.42,INR,2026-08-15T21:21:04+00:00,dev_fingerprint_0208,10.0.104.238,"Chennai, IN",pm_tok_synthetic_02199,221,1,0,2,1,0,NONE
tx_legit_001465,usr_norm_1603,merch_razorpay_026,402.72,INR,2026-08-15T21:25:53+00:00,dev_fingerprint_0953,10.0.153.152,"Chennai, IN",pm_tok_synthetic_00539,125,1,1,2,2,0,NONE
tx_legit_004267,usr_norm_1096,merch_razorpay_003,217.71,INR,2026-08-15T21:32:24+00:00,dev_fingerprint_0154,192.168.161.25,"Hyderabad, IN",pm_tok_synthetic_00076,899,1,0,2,1,0,NONE
tx_legit_005649,usr_norm_1990,merch_razorpay_018,1469.04,INR,2026-08-15T21:33:54+00:00,dev_fingerprint_1209,192.168.88.29,"Ahmedabad, IN",pm_tok_synthetic_00691,96,1,0,1,1,0,NONE
tx_legit_000691,usr_norm_1015,merch_razorpay_028,1384.98,INR,2026-08-15T21:47:43+00:00,dev_fingerprint_0853,10.0.97.32,"Bengaluru, IN",pm_tok_synthetic_01280,595,1,0,2,3,0,NONE
tx_legit_001597,usr_norm_0027,merch_razorpay_033,332.22,INR,2026-08-15T21:55:46+00:00,dev_fingerprint_0440,192.168.229.114,"Hyderabad, IN",pm_tok_synthetic_01849,263,1,0,1,2,0,NONE
tx_legit_005350,usr_norm_1499,merch_razorpay_016,726.13,INR,2026-08-15T21:57:44+00:00,dev_fingerprint_0805,192.168.2.229,"Bengaluru, IN",pm_tok_synthetic_01324,491,1,0,1,1,0,NONE
tx_legit_007602,usr_norm_1305,merch_razorpay_018,902.06,INR,2026-08-15T22:00:10+00:00,dev_fingerprint_1095,192.168.88.72,"Kolkata, IN",pm_tok_synthetic_00761,134,1,0,1,1,0,NONE
tx_legit_003549,usr_norm_0543,merch_razorpay_028,620.72,INR,2026-08-15T22:01:43+00:00,dev_fingerprint_0241,192.168.102.34,"Chennai, IN",pm_tok_synthetic_01250,149,1,0,1,1,0,NONE
tx_legit_002536,usr_norm_0671,merch_razorpay_034,523.96,INR,2026-08-15T22:12:47+00:00,dev_fingerprint_1668,192.168.16.102,"Mumbai, IN",pm_tok_synthetic_02020,821,1,0,1,1,0,NONE
tx_legit_003805,usr_norm_0573,merch_razorpay_024,563.74,INR,2026-08-15T22:13:55+00:00,dev_fingerprint_0662,192.168.173.211,"Mumbai, IN",pm_tok_synthetic_01198,326,1,0,1,4,0,NONE
tx_legit_000655,usr_norm_0548,merch_razorpay_025,869.07,INR,2026-08-15T22:15:34+00:00,dev_fingerprint_1321,192.168.211.164,"Chennai, IN",pm_tok_synthetic_00709,598,1,0,1,1,0,NONE
tx_legit_008939,usr_norm_0140,merch_razorpay_015,917.28,INR,2026-08-15T22:19:35+00:00,dev_fingerprint_0895,192.168.17.99,"Delhi, IN",pm_tok_synthetic_00909,866,1,1,1,3,0,NONE
tx_legit_004401,usr_norm_1519,merch_razorpay_031,424.94,INR,2026-08-15T22:21:40+00:00,dev_fingerprint_1229,192.168.229.140,"Kolkata, IN",pm_tok_synthetic_01002,590,1,0,1,1,0,NONE
tx_legit_009077,usr_norm_1057,merch_razorpay_020,669.96,INR,2026-08-15T22:30:54+00:00,dev_fingerprint_0647,10.0.208.200,"Hyderabad, IN",pm_tok_synthetic_01595,719,1,0,1,1,0,NONE
tx_legit_003983,usr_norm_1170,merch_razorpay_014,738.06,INR,2026-08-15T22:32:59+00:00,dev_fingerprint_1145,192.168.134.248,"Chennai, IN",pm_tok_synthetic_01981,289,1,0,1,1,0,NONE
tx_legit_007522,usr_norm_0044,merch_razorpay_038,504.28,INR,2026-08-15T22:35:54+00:00,dev_fingerprint_1148,10.0.51.73,"Chennai, IN",pm_tok_synthetic_02280,56,1,0,1,2,0,NONE
tx_legit_002977,usr_norm_1089,merch_razorpay_025,721.4,INR,2026-08-15T22:37:04+00:00,dev_fingerprint_0453,192.168.209.126,"Chennai, IN",pm_tok_synthetic_01786,313,1,0,1,1,0,NONE
tx_legit_007093,usr_norm_0854,merch_razorpay_032,337.98,INR,2026-08-15T22:43:38+00:00,dev_fingerprint_0209,192.168.23.152,"Pune, IN",pm_tok_synthetic_02095,708,1,0,1,2,0,NONE
tx_legit_004910,usr_norm_1456,merch_razorpay_036,282.44,INR,2026-08-15T22:49:11+00:00,dev_fingerprint_1345,192.168.43.68,"Mumbai, IN",pm_tok_synthetic_00497,777,1,0,1,1,0,NONE
tx_legit_006131,usr_norm_0629,merch_razorpay_045,696.34,INR,2026-08-15T22:56:07+00:00,dev_fingerprint_1164,192.168.133.119,"Ahmedabad, IN",pm_tok_synthetic_01496,589,1,0,1,2,0,NONE
tx_legit_008299,usr_norm_0474,merch_razorpay_010,126.18,INR,2026-08-15T23:05:24+00:00,dev_fingerprint_0190,192.168.191.141,"Delhi, IN",pm_tok_synthetic_02449,833,1,0,1,2,0,NONE
tx_legit_000744,usr_norm_1853,merch_razorpay_040,112.65,INR,2026-08-15T23:08:53+00:00,dev_fingerprint_1271,192.168.185.231,"Ahmedabad, IN",pm_tok_synthetic_00268,222,1,0,1,2,0,NONE
tx_legit_004016,usr_norm_0763,merch_razorpay_030,1137.07,INR,2026-08-15T23:12:49+00:00,dev_fingerprint_0221,192.168.127.74,"Chennai, IN",pm_tok_synthetic_00005,79,2,1,2,2,0,NONE
tx_legit_003880,usr_norm_0305,merch_razorpay_039,224.6,INR,2026-08-15T23:15:16+00:00,dev_fingerprint_0223,192.168.59.93,"Bengaluru, IN",pm_tok_synthetic_02403,275,3,0,2,1,0,NONE
tx_legit_005061,usr_norm_0843,merch_razorpay_030,201.02,INR,2026-08-15T23:32:34+00:00,dev_fingerprint_0056,192.168.120.114,"Hyderabad, IN",pm_tok_synthetic_00203,196,1,0,1,1,0,NONE
tx_legit_007378,usr_norm_1692,merch_razorpay_035,395.19,INR,2026-08-15T23:36:30+00:00,dev_fingerprint_0343,192.168.196.148,"Hyderabad, IN",pm_tok_synthetic_01633,517,1,0,1,1,0,NONE
tx_legit_003026,usr_norm_0328,merch_razorpay_013,482.43,INR,2026-08-15T23:38:08+00:00,dev_fingerprint_0875,192.168.30.145,"Delhi, IN",pm_tok_synthetic_01343,118,1,0,1,2,0,NONE
tx_legit_007191,usr_norm_0316,merch_razorpay_042,540.98,INR,2026-08-15T23:39:22+00:00,dev_fingerprint_0855,192.168.74.199,"Mumbai, IN",pm_tok_synthetic_00720,67,1,0,3,2,0,NONE
tx_legit_003418,usr_norm_1109,merch_razorpay_043,1260.45,INR,2026-08-15T23:39:50+00:00,dev_fingerprint_0299,192.168.160.194,"Chennai, IN",pm_tok_synthetic_01980,397,1,0,2,2,0,NONE
tx_legit_002062,usr_norm_1612,merch_razorpay_046,1109.85,INR,2026-08-15T23:51:43+00:00,dev_fingerprint_0713,10.0.9.14,"Bengaluru, IN",pm_tok_synthetic_02353,160,2,0,1,1,0,NONE
tx_legit_006964,usr_norm_0266,merch_razorpay_042,269.19,INR,2026-08-15T23:52:21+00:00,dev_fingerprint_0694,192.168.236.138,"Ahmedabad, IN",pm_tok_synthetic_01497,803,1,0,1,1,0,NONE
tx_legit_000598,usr_norm_1659,merch_razorpay_025,797.87,INR,2026-08-16T00:23:27+00:00,dev_fingerprint_1496,10.0.79.76,"Kolkata, IN",pm_tok_synthetic_02055,305,1,0,1,2,0,NONE
tx_legit_001680,usr_norm_0884,merch_razorpay_021,559.77,INR,2026-08-16T00:24:20+00:00,dev_fingerprint_0681,10.0.7.235,"Bengaluru, IN",pm_tok_synthetic_00724,350,1,0,1,3,0,NONE
tx_fraud_000768,usr_fraud_combE_002,merch_razorpay_025,23686.16,INR,2026-08-16T00:24:45+00:00,dev_fraud_combE_1,203.0.113.201,Tor / Proxy Exit Node,pm_tok_combE_0,7,17,4,16,34,1,COMBINED_RING
tx_legit_004860,usr_norm_0063,merch_razorpay_013,1514.4,INR,2026-08-16T00:25:16+00:00,dev_fingerprint_0281,192.168.99.49,"Delhi, IN",pm_tok_synthetic_01046,326,1,0,1,1,0,NONE
tx_legit_004130,usr_norm_0555,merch_razorpay_036,148.89,INR,2026-08-16T00:35:20+00:00,dev_fingerprint_1007,192.168.198.227,"Ahmedabad, IN",pm_tok_synthetic_01818,530,2,0,1,1,0,NONE
tx_legit_001656,usr_norm_1824,merch_razorpay_030,1003.96,INR,2026-08-16T00:35:29+00:00,dev_fingerprint_1014,192.168.77.118,"Bengaluru, IN",pm_tok_synthetic_00340,601,2,0,1,3,0,NONE
tx_legit_005230,usr_norm_0301,merch_razorpay_028,579.85,INR,2026-08-16T00:44:37+00:00,dev_fingerprint_1462,192.168.144.138,"Kolkata, IN",pm_tok_synthetic_01418,482,1,0,1,1,0,NONE
tx_legit_001344,usr_norm_1206,merch_razorpay_004,540.55,INR,2026-08-16T00:51:10+00:00,dev_fingerprint_0943,192.168.149.94,"Ahmedabad, IN",pm_tok_synthetic_02403,58,2,0,1,1,0,NONE
tx_legit_003255,usr_norm_1642,merch_razorpay_024,1570.01,INR,2026-08-16T00:51:21+00:00,dev_fingerprint_0735,192.168.130.234,"Kolkata, IN",pm_tok_synthetic_01155,61,1,0,1,1,0,NONE
tx_fraud_000216,usr_fraud_burstB_025,merch_razorpay_003,8591.97,INR,2026-08-16T00:56:12+00:00,dev_fraud_burstB_007,203.0.113.102,"Bengaluru, IN",pm_tok_burstB_003,23,12,6,4,19,1,SHARED_IP_BURST
tx_legit_004283,usr_norm_0697,merch_razorpay_019,655.63,INR,2026-08-16T00:58:39+00:00,dev_fingerprint_0186,192.168.112.163,"Bengaluru, IN",pm_tok_synthetic_01016,394,1,0,1,2,0,NONE
tx_legit_002811,usr_norm_1107,merch_razorpay_024,538.21,INR,2026-08-16T01:02:10+00:00,dev_fingerprint_1052,192.168.247.55,"Chennai, IN",pm_tok_synthetic_01827,193,2,0,1,1,0,NONE
tx_legit_001511,usr_norm_0707,merch_razorpay_004,192.39,INR,2026-08-16T01:02:42+00:00,dev_fingerprint_0132,192.168.124.55,"Chennai, IN",pm_tok_synthetic_01816,858,1,0,3,1,0,NONE
tx_legit_007482,usr_norm_0975,merch_razorpay_007,506.73,INR,2026-08-16T01:05:06+00:00,dev_fingerprint_1069,10.0.231.167,"Pune, IN",pm_tok_synthetic_00435,76,1,1,1,3,0,NONE
tx_legit_006527,usr_norm_0439,merch_razorpay_026,381.59,INR,2026-08-16T01:05:57+00:00,dev_fingerprint_0940,192.168.240.23,"Ahmedabad, IN",pm_tok_synthetic_00996,743,1,0,1,2,0,NONE
tx_legit_001616,usr_norm_0933,merch_razorpay_031,644.83,INR,2026-08-16T01:06:32+00:00,dev_fingerprint_0732,192.168.166.11,"Hyderabad, IN",pm_tok_synthetic_01792,666,1,0,1,3,0,NONE
tx_legit_008688,usr_norm_1716,merch_razorpay_017,282.12,INR,2026-08-16T01:06:42+00:00,dev_fingerprint_1424,192.168.109.47,"Kolkata, IN",pm_tok_synthetic_01037,331,1,0,1,1,0,NONE
tx_legit_004279,usr_norm_1842,merch_razorpay_005,876.63,INR,2026-08-16T01:08:41+00:00,dev_fingerprint_1327,192.168.199.124,"Kolkata, IN",pm_tok_synthetic_00274,604,1,1,1,1,0,NONE
tx_fraud_000474,usr_fraud_reuseC_013,merch_razorpay_014,19975.97,INR,2026-08-16T01:13:45+00:00,dev_reuseC_006,198.51.100.116,"Pune, IN",pm_tok_stolen_C_002,5,5,2,5,6,1,PAYMENT_REF_REUSE
tx_legit_002621,usr_norm_1610,merch_razorpay_037,312.29,INR,2026-08-16T01:18:39+00:00,dev_fingerprint_0133,192.168.57.125,"Kolkata, IN",pm_tok_synthetic_00462,389,1,0,1,1,0,NONE
tx_legit_007945,usr_norm_0702,merch_razorpay_025,698.69,INR,2026-08-16T01:24:41+00:00,dev_fingerprint_0208,192.168.217.113,"Ahmedabad, IN",pm_tok_synthetic_00572,154,1,0,1,1,0,NONE
tx_fraud_000258,usr_fraud_burstB_007,merch_razorpay_043,3087.57,INR,2026-08-16T01:25:24+00:00,dev_fraud_burstB_001,203.0.113.105,"Hyderabad, IN",pm_tok_burstB_010,7,22,2,3,25,1,SHARED_IP_BURST
tx_legit_000630,usr_norm_0224,merch_razorpay_006,1210.84,INR,2026-08-16T01:25:45+00:00,dev_fingerprint_0337,192.168.172.125,"Chennai, IN",pm_tok_synthetic_01321,756,1,0,1,3,0,NONE
tx_fraud_000734,usr_fraud_combE_018,merch_razorpay_021,50648.67,INR,2026-08-16T01:27:47+00:00,dev_fraud_combE_1,203.0.113.203,Tor / Proxy Exit Node,pm_tok_combE_2,6,13,10,10,40,1,COMBINED_RING
tx_legit_008014,usr_norm_0205,merch_razorpay_021,756.94,INR,2026-08-16T01:30:05+00:00,dev_fingerprint_1005,192.168.232.16,"Mumbai, IN",pm_tok_synthetic_00502,168,1,0,1,3,0,NONE
tx_legit_002011,usr_norm_1643,merch_razorpay_008,154.75,INR,2026-08-16T01:35:26+00:00,dev_fingerprint_0481,10.0.165.184,"Bengaluru, IN",pm_tok_synthetic_02417,433,1,1,3,2,0,NONE
tx_legit_001340,usr_norm_1945,merch_razorpay_027,203.94,INR,2026-08-16T01:36:59+00:00,dev_fingerprint_0233,192.168.109.57,"Pune, IN",pm_tok_synthetic_01886,108,1,0,2,1,0,NONE
tx_legit_003526,usr_norm_1615,merch_razorpay_033,867.92,INR,2026-08-16T01:37:47+00:00,dev_fingerprint_1138,192.168.77.221,"Pune, IN",pm_tok_synthetic_00290,841,1,0,1,1,0,NONE
tx_legit_001797,usr_norm_1145,merch_razorpay_046,303.22,INR,2026-08-16T01:39:53+00:00,dev_fingerprint_0774,192.168.168.83,"Mumbai, IN",pm_tok_synthetic_00541,141,1,0,1,1,0,NONE
tx_legit_002896,usr_norm_0181,merch_razorpay_039,494.19,INR,2026-08-16T01:40:52+00:00,dev_fingerprint_1417,10.0.110.224,"Ahmedabad, IN",pm_tok_synthetic_01504,846,1,0,1,1,0,NONE
tx_legit_006177,usr_norm_0336,merch_razorpay_046,435.38,INR,2026-08-16T01:44:59+00:00,dev_fingerprint_0628,192.168.19.132,"Mumbai, IN",pm_tok_synthetic_01660,732,2,1,1,1,0,NONE
tx_fraud_000363,usr_fraud_reuseC_002,merch_razorpay_006,20533.24,INR,2026-08-16T01:46:24+00:00,dev_reuseC_011,198.51.100.103,"Delhi, IN",pm_tok_stolen_C_005,1,6,3,5,3,1,PAYMENT_REF_REUSE
tx_legit_001903,usr_norm_1220,merch_razorpay_045,582.6,INR,2026-08-16T01:48:17+00:00,dev_fingerprint_0218,192.168.236.1,"Chennai, IN",pm_tok_synthetic_00321,722,1,0,1,1,0,NONE
tx_legit_008037,usr_norm_0976,merch_razorpay_018,1341.75,INR,2026-08-16T01:51:01+00:00,dev_fingerprint_0336,192.168.13.67,"Hyderabad, IN",pm_tok_synthetic_00575,871,1,0,1,3,0,NONE
tx_legit_006185,usr_norm_0230,merch_razorpay_014,1145.19,INR,2026-08-16T01:53:27+00:00,dev_fingerprint_1189,10.0.96.70,"Mumbai, IN",pm_tok_synthetic_00701,704,1,0,1,1,0,NONE
tx_fraud_000244,usr_fraud_burstB_023,merch_razorpay_044,11382.0,INR,2026-08-16T01:55:41+00:00,dev_fraud_burstB_040,203.0.113.105,"Ahmedabad, IN",pm_tok_burstB_004,6,21,8,4,29,1,SHARED_IP_BURST
tx_legit_000274,usr_norm_1910,merch_razorpay_027,326.77,INR,2026-08-16T02:02:00+00:00,dev_fingerprint_1308,192.168.30.120,"Kolkata, IN",pm_tok_synthetic_01119,454,1,0,2,2,0,NONE
tx_legit_005978,usr_norm_0158,merch_razorpay_036,691.29,INR,2026-08-16T02:03:29+00:00,dev_fingerprint_0879,192.168.7.190,"Kolkata, IN",pm_tok_synthetic_01445,276,1,0,1,2,0,NONE
tx_legit_004711,usr_norm_1272,merch_razorpay_034,340.41,INR,2026-08-16T02:08:48+00:00,dev_fingerprint_0110,10.0.240.5,"Bengaluru, IN",pm_tok_synthetic_01626,566,1,1,1,1,0,NONE
tx_legit_005004,usr_norm_1672,merch_razorpay_021,1084.84,INR,2026-08-16T02:11:23+00:00,dev_fingerprint_0722,192.168.158.105,"Ahmedabad, IN",pm_tok_synthetic_01206,326,1,0,2,1,0,NONE
tx_fraud_000026,usr_fraud_ringA_000,merch_razorpay_005,15063.71,INR,2026-08-16T02:12:13+00:00,dev_fraud_ring_A_3,198.51.100.72,"Kolkata, IN",pm_tok_ringA_009,11,4,1,7,3,1,DEVICE_SHARING_RING
tx_legit_004457,usr_norm_1578,merch_razorpay_017,555.4,INR,2026-08-16T02:13:28+00:00,dev_fingerprint_0201,192.168.228.195,"Kolkata, IN",pm_tok_synthetic_02114,722,1,0,2,1,0,NONE
tx_legit_009165,usr_norm_0948,merch_razorpay_006,364.54,INR,2026-08-16T02:18:42+00:00,dev_fingerprint_1180,10.0.37.242,"Pune, IN",pm_tok_synthetic_02314,259,1,0,1,1,0,NONE
tx_legit_002394,usr_norm_1906,merch_razorpay_030,219.16,INR,2026-08-16T02:19:58+00:00,dev_fingerprint_0176,192.168.183.80,"Kolkata, IN",pm_tok_synthetic_00851,340,1,0,2,1,0,NONE
tx_legit_007570,usr_norm_1184,merch_razorpay_004,1200.97,INR,2026-08-16T02:31:16+00:00,dev_fingerprint_1457,10.0.179.4,"Pune, IN",pm_tok_synthetic_02447,88,1,0,1,1,0,NONE
tx_legit_003308,usr_norm_1809,merch_razorpay_001,805.71,INR,2026-08-16T02:33:10+00:00,dev_fingerprint_0227,192.168.66.118,"Hyderabad, IN",pm_tok_synthetic_01906,499,1,0,1,2,0,NONE
tx_fraud_000462,usr_fraud_reuseC_001,merch_razorpay_048,9570.14,INR,2026-08-16T02:38:59+00:00,dev_reuseC_003,198.51.100.167,"Chennai, IN",pm_tok_stolen_C_004,2,9,0,3,5,1,PAYMENT_REF_REUSE
tx_legit_006657,usr_norm_1322,merch_razorpay_034,660.0,INR,2026-08-16T02:45:53+00:00,dev_fingerprint_1125,10.0.185.52,"Pune, IN",pm_tok_synthetic_00500,289,3,0,1,1,0,NONE
tx_legit_002103,usr_norm_0996,merch_razorpay_001,248.63,INR,2026-08-16T02:48:14+00:00,dev_fingerprint_1133,192.168.241.221,"Hyderabad, IN",pm_tok_synthetic_00890,235,2,0,1,1,0,NONE
tx_legit_007744,usr_norm_0157,merch_razorpay_049,826.26,INR,2026-08-16T02:56:12+00:00,dev_fingerprint_0495,192.168.42.85,"Bengaluru, IN",pm_tok_synthetic_00588,328,1,0,1,1,0,NONE
tx_legit_001019,usr_norm_1087,merch_razorpay_008,604.28,INR,2026-08-16T03:00:32+00:00,dev_fingerprint_0647,10.0.128.68,"Ahmedabad, IN",pm_tok_synthetic_01754,202,1,1,1,1,0,NONE
tx_legit_003678,usr_norm_0656,merch_razorpay_031,485.55,INR,2026-08-16T03:03:20+00:00,dev_fingerprint_1480,192.168.96.196,"Hyderabad, IN",pm_tok_synthetic_00935,788,2,0,1,1,0,NONE
tx_legit_001572,usr_norm_1152,merch_razorpay_027,985.3,INR,2026-08-16T03:13:53+00:00,dev_fingerprint_0002,192.168.149.94,"Chennai, IN",pm_tok_synthetic_00227,564,1,0,1,2,0,NONE
tx_legit_004200,usr_norm_1371,merch_razorpay_033,392.98,INR,2026-08-16T03:21:54+00:00,dev_fingerprint_1345,192.168.68.34,"Kolkata, IN",pm_tok_synthetic_02334,670,3,2,1,1,0,NONE
tx_legit_002156,usr_norm_0960,merch_razorpay_013,459.97,INR,2026-08-16T03:22:11+00:00,dev_fingerprint_0940,192.168.161.62,"Kolkata, IN",pm_tok_synthetic_02347,488,1,0,1,1,0,NONE
tx_legit_002189,usr_norm_0304,merch_razorpay_008,405.32,INR,2026-08-16T03:22:41+00:00,dev_fingerprint_1151,192.168.189.83,"Bengaluru, IN",pm_tok_synthetic_01112,170,1,0,2,1,0,NONE
tx_legit_004223,usr_norm_0852,merch_razorpay_049,501.3,INR,2026-08-16T03:28:50+00:00,dev_fingerprint_0516,10.0.12.16,"Delhi, IN",pm_tok_synthetic_01911,339,1,0,1,3,0,NONE
tx_legit_001607,usr_norm_0536,merch_razorpay_033,1576.26,INR,2026-08-16T03:33:54+00:00,dev_fingerprint_0749,192.168.210.236,"Bengaluru, IN",pm_tok_synthetic_00807,498,1,2,2,2,0,NONE
tx_legit_006480,usr_norm_1104,merch_razorpay_027,408.63,INR,2026-08-16T03:39:08+00:00,dev_fingerprint_1045,192.168.109.153,"Pune, IN",pm_tok_synthetic_01625,402,1,0,2,2,0,NONE
tx_legit_000338,usr_norm_1520,merch_razorpay_047,194.21,INR,2026-08-16T03:43:38+00:00,dev_fingerprint_0569,192.168.71.12,"Kolkata, IN",pm_tok_synthetic_02283,869,2,0,1,1,0,NONE
tx_legit_001852,usr_norm_1950,merch_razorpay_014,407.77,INR,2026-08-16T03:44:08+00:00,dev_fingerprint_1609,192.168.227.224,"Pune, IN",pm_tok_synthetic_00117,792,1,0,2,1,0,NONE
tx_fraud_000499,usr_fraud_anomD_018,merch_razorpay_012,55749.45,INR,2026-08-16T03:47:34+00:00,dev_anomD_018,192.0.2.90,Unknown / VPN Node,pm_tok_anomD_018,3,7,5,3,1,1,BEHAVIORAL_ANOMALY
tx_legit_005984,usr_norm_1748,merch_razorpay_020,828.89,INR,2026-08-16T03:49:09+00:00,dev_fingerprint_0129,192.168.122.181,"Delhi, IN",pm_tok_synthetic_02214,688,1,0,1,2,0,NONE
tx_legit_003790,usr_norm_1852,merch_razorpay_010,1068.64,INR,2026-08-16T03:59:45+00:00,dev_fingerprint_1091,192.168.76.84,"Kolkata, IN",pm_tok_synthetic_01197,492,1,0,1,1,0,NONE
tx_legit_009044,usr_norm_0204,merch_razorpay_032,391.87,INR,2026-08-16T04:04:27+00:00,dev_fingerprint_0913,192.168.139.16,"Pune, IN",pm_tok_synthetic_01169,740,1,0,2,1,0,NONE
tx_legit_000960,usr_norm_0657,merch_razorpay_019,687.45,INR,2026-08-16T04:14:16+00:00,dev_fingerprint_1042,192.168.71.63,"Delhi, IN",pm_tok_synthetic_00180,42,1,0,1,1,0,NONE
tx_legit_007853,usr_norm_1299,merch_razorpay_027,414.53,INR,2026-08-16T04:17:56+00:00,dev_fingerprint_1328,192.168.226.179,"Kolkata, IN",pm_tok_synthetic_02178,858,1,0,1,1,0,NONE
tx_fraud_000280,usr_fraud_burstB_029,merch_razorpay_020,9239.95,INR,2026-08-16T04:22:30+00:00,dev_fraud_burstB_010,203.0.113.103,"Pune, IN",pm_tok_burstB_015,7,13,7,3,13,1,SHARED_IP_BURST
tx_legit_002080,usr_norm_0985,merch_razorpay_003,564.57,INR,2026-08-16T04:26:51+00:00,dev_fingerprint_1086,192.168.160.194,"Bengaluru, IN",pm_tok_synthetic_00198,596,2,0,2,2,0,NONE
tx_legit_008381,usr_norm_0433,merch_razorpay_034,569.84,INR,2026-08-16T04:26:59+00:00,dev_fingerprint_0587,10.0.170.78,"Delhi, IN",pm_tok_synthetic_00451,862,2,0,1,3,0,NONE
tx_fraud_000415,usr_fraud_reuseC_014,merch_razorpay_043,17162.06,INR,2026-08-16T04:40:45+00:00,dev_reuseC_017,198.51.100.132,"Hyderabad, IN",pm_tok_stolen_C_005,0,8,3,5,2,1,PAYMENT_REF_REUSE
tx_legit_003227,usr_norm_1662,merch_razorpay_043,2015.67,INR,2026-08-16T04:41:17+00:00,dev_fingerprint_0989,192.168.69.148,"Delhi, IN",pm_tok_synthetic_01509,145,1,1,1,1,0,NONE
tx_legit_007272,usr_norm_0830,merch_razorpay_018,290.39,INR,2026-08-16T04:45:34+00:00,dev_fingerprint_0115,192.168.30.145,"Chennai, IN",pm_tok_synthetic_00651,97,1,2,1,2,0,NONE
tx_legit_002532,usr_norm_0660,merch_razorpay_045,370.21,INR,2026-08-16T04:52:52+00:00,dev_fingerprint_0072,192.168.40.112,"Hyderabad, IN",pm_tok_synthetic_00986,259,2,0,1,1,0,NONE
tx_legit_000215,usr_norm_1521,merch_razorpay_011,1007.42,INR,2026-08-16T04:53:32+00:00,dev_fingerprint_0425,192.168.95.91,"Bengaluru, IN",pm_tok_synthetic_00757,181,1,0,1,1,0,NONE
tx_fraud_000668,usr_fraud_combE_002,merch_razorpay_049,47032.25,INR,2026-08-16T04:58:23+00:00,dev_fraud_combE_0,203.0.113.201,Tor / Proxy Exit Node,pm_tok_combE_2,0,13,7,20,17,1,COMBINED_RING
tx_legit_003314,usr_norm_1772,merch_razorpay_038,1019.63,INR,2026-08-16T05:00:40+00:00,dev_fingerprint_1294,192.168.73.252,"Kolkata, IN",pm_tok_synthetic_01540,826,3,0,1,1,0,NONE
tx_fraud_000235,usr_fraud_burstB_014,merch_razorpay_005,8217.13,INR,2026-08-16T05:03:41+00:00,dev_fraud_burstB_012,203.0.113.104,"Bengaluru, IN",pm_tok_burstB_006,8,14,5,1,31,1,SHARED_IP_BURST
tx_legit_001734,usr_norm_0293,merch_razorpay_042,703.83,INR,2026-08-16T05:03:42+00:00,dev_fingerprint_0991,192.168.139.215,"Delhi, IN",pm_tok_synthetic_01009,315,1,0,1,1,0,NONE
tx_legit_001979,usr_norm_1816,merch_razorpay_019,854.02,INR,2026-08-16T05:05:05+00:00,dev_fingerprint_0947,10.0.244.27,"Chennai, IN",pm_tok_synthetic_00059,777,1,0,1,2,0,NONE
tx_legit_002083,usr_norm_0589,merch_razorpay_015,170.65,INR,2026-08-16T05:06:05+00:00,dev_fingerprint_0433,192.168.55.117,"Bengaluru, IN",pm_tok_synthetic_01099,360,3,0,1,1,0,NONE
tx_legit_000508,usr_norm_1489,merch_razorpay_030,491.99,INR,2026-08-16T05:13:28+00:00,dev_fingerprint_0086,192.168.191.250,"Pune, IN",pm_tok_synthetic_01006,561,1,0,1,1,0,NONE
tx_legit_005306,usr_norm_1840,merch_razorpay_006,624.47,INR,2026-08-16T05:14:58+00:00,dev_fingerprint_0784,10.0.125.8,"Delhi, IN",pm_tok_synthetic_01906,663,1,0,1,2,0,NONE
tx_legit_003566,usr_norm_0967,merch_razorpay_035,640.0,INR,2026-08-16T05:16:17+00:00,dev_fingerprint_1151,192.168.179.246,"Delhi, IN",pm_tok_synthetic_01868,379,1,0,1,4,0,NONE
tx_legit_000776,usr_norm_0638,merch_razorpay_005,380.08,INR,2026-08-16T05:19:07+00:00,dev_fingerprint_1695,192.168.215.6,"Pune, IN",pm_tok_synthetic_00832,857,2,0,1,1,0,NONE
tx_fraud_000067,usr_fraud_ringA_016,merch_razorpay_010,5560.23,INR,2026-08-16T05:21:45+00:00,dev_fraud_ring_A_1,198.51.100.16,"Kolkata, IN",pm_tok_ringA_008,6,7,3,17,4,1,DEVICE_SHARING_RING
tx_fraud_000739,usr_fraud_combE_023,merch_razorpay_030,49199.6,INR,2026-08-16T05:24:43+00:00,dev_fraud_combE_2,203.0.113.203,Tor / Proxy Exit Node,pm_tok_combE_0,5,17,9,25,37,1,COMBINED_RING
tx_legit_003253,usr_norm_0832,merch_razorpay_025,527.62,INR,2026-08-16T05:29:23+00:00,dev_fingerprint_1712,192.168.124.89,"Kolkata, IN",pm_tok_synthetic_02147,612,1,0,2,2,0,NONE
tx_legit_005640,usr_norm_0679,merch_razorpay_021,1063.05,INR,2026-08-16T05:34:16+00:00,dev_fingerprint_0122,192.168.16.102,"Pune, IN",pm_tok_synthetic_00583,758,1,0,1,2,0,NONE
tx_legit_008015,usr_norm_0925,merch_razorpay_023,197.28,INR,2026-08-16T05:44:03+00:00,dev_fingerprint_0184,10.0.205.235,"Hyderabad, IN",pm_tok_synthetic_00172,106,3,1,2,1,0,NONE
tx_legit_003409,usr_norm_0806,merch_razorpay_003,141.28,INR,2026-08-16T05:47:43+00:00,dev_fingerprint_0654,10.0.33.190,"Pune, IN",pm_tok_synthetic_00274,119,1,0,1,1,0,NONE
tx_legit_007017,usr_norm_0433,merch_razorpay_026,252.1,INR,2026-08-16T05:52:42+00:00,dev_fingerprint_0587,192.168.151.72,"Chennai, IN",pm_tok_synthetic_02057,862,3,0,1,2,0,NONE
tx_legit_000649,usr_norm_0588,merch_razorpay_048,496.72,INR,2026-08-16T05:58:08+00:00,dev_fingerprint_0446,10.0.20.39,"Chennai, IN",pm_tok_synthetic_01759,874,1,0,1,1,0,NONE
tx_legit_006095,usr_norm_0006,merch_razorpay_011,391.03,INR,2026-08-16T06:07:21+00:00,dev_fingerprint_1220,192.168.71.63,"Pune, IN",pm_tok_synthetic_01135,178,1,0,1,1,0,NONE
tx_fraud_000774,usr_fraud_combE_008,merch_razorpay_020,50190.07,INR,2026-08-16T06:20:28+00:00,dev_fraud_combE_1,203.0.113.202,Tor / Proxy Exit Node,pm_tok_combE_2,4,16,9,10,32,1,COMBINED_RING
tx_fraud_000717,usr_fraud_combE_001,merch_razorpay_006,49027.47,INR,2026-08-16T06:20:52+00:00,dev_fraud_combE_1,203.0.113.203,Tor / Proxy Exit Node,pm_tok_combE_0,4,21,8,23,28,1,COMBINED_RING
tx_legit_009119,usr_norm_0111,merch_razorpay_029,1825.36,INR,2026-08-16T06:21:29+00:00,dev_fingerprint_0289,192.168.37.194,"Bengaluru, IN",pm_tok_synthetic_01432,347,1,0,1,1,0,NONE
tx_legit_000463,usr_norm_1381,merch_razorpay_032,194.81,INR,2026-08-16T06:22:14+00:00,dev_fingerprint_0492,192.168.83.219,"Kolkata, IN",pm_tok_synthetic_02234,249,2,1,1,2,0,NONE
tx_legit_004222,usr_norm_0411,merch_razorpay_030,304.72,INR,2026-08-16T06:23:04+00:00,dev_fingerprint_0655,192.168.30.120,"Bengaluru, IN",pm_tok_synthetic_00832,409,3,0,2,3,0,NONE
tx_fraud_000044,usr_fraud_ringA_018,merch_razorpay_032,6216.96,INR,2026-08-16T06:26:01+00:00,dev_fraud_ring_A_4,198.51.100.85,"Mumbai, IN",pm_tok_ringA_002,5,11,1,13,6,1,DEVICE_SHARING_RING
tx_legit_009045,usr_norm_0586,merch_razorpay_041,425.16,INR,2026-08-16T06:26:21+00:00,dev_fingerprint_1858,192.168.103.126,"Pune, IN",pm_tok_synthetic_01467,900,1,0,1,1,0,NONE
tx_fraud_000058,usr_fraud_ringA_007,merch_razorpay_046,4558.63,INR,2026-08-16T06:33:40+00:00,dev_fraud_ring_A_3,198.51.100.18,"Ahmedabad, IN",pm_tok_ringA_008,11,12,4,7,3,1,DEVICE_SHARING_RING
tx_legit_001759,usr_norm_1988,merch_razorpay_017,876.81,INR,2026-08-16T06:43:22+00:00,dev_fingerprint_1348,192.168.51.109,"Mumbai, IN",pm_tok_synthetic_00348,152,1,0,1,2,0,NONE
tx_legit_003792,usr_norm_0469,merch_razorpay_018,657.33,INR,2026-08-16T06:49:16+00:00,dev_fingerprint_0631,192.168.71.113,"Ahmedabad, IN",pm_tok_synthetic_01474,809,2,0,1,1,0,NONE
tx_legit_001180,usr_norm_0826,merch_razorpay_046,307.19,INR,2026-08-16T07:04:22+00:00,dev_fingerprint_0657,192.168.155.54,"Bengaluru, IN",pm_tok_synthetic_01707,649,1,0,1,1,0,NONE
tx_legit_000660,usr_norm_1746,merch_razorpay_048,227.07,INR,2026-08-16T07:05:15+00:00,dev_fingerprint_0073,192.168.4.249,"Pune, IN",pm_tok_synthetic_00103,767,2,0,1,2,0,NONE
tx_fraud_000399,usr_fraud_reuseC_018,merch_razorpay_026,5202.14,INR,2026-08-16T07:08:38+00:00,dev_reuseC_002,198.51.100.188,"Pune, IN",pm_tok_stolen_C_005,1,3,3,4,6,1,PAYMENT_REF_REUSE
tx_legit_000615,usr_norm_0007,merch_razorpay_023,263.94,INR,2026-08-16T07:11:59+00:00,dev_fingerprint_0266,192.168.145.201,"Pune, IN",pm_tok_synthetic_01026,847,2,0,1,1,0,NONE
tx_legit_006920,usr_norm_1026,merch_razorpay_043,418.04,INR,2026-08-16T07:16:28+00:00,dev_fingerprint_0676,192.168.2.242,"Hyderabad, IN",pm_tok_synthetic_00634,70,1,0,1,1,0,NONE
tx_legit_002741,usr_norm_0649,merch_razorpay_008,216.44,INR,2026-08-16T07:18:49+00:00,dev_fingerprint_0241,192.168.107.88,"Chennai, IN",pm_tok_synthetic_00120,373,2,0,1,1,0,NONE
tx_legit_000387,usr_norm_1353,merch_razorpay_022,394.72,INR,2026-08-16T07:23:43+00:00,dev_fingerprint_1018,10.0.162.125,"Bengaluru, IN",pm_tok_synthetic_02258,187,1,0,1,1,0,NONE
tx_legit_000493,usr_norm_1765,merch_razorpay_022,384.74,INR,2026-08-16T07:35:03+00:00,dev_fingerprint_1401,192.168.67.88,"Hyderabad, IN",pm_tok_synthetic_02235,170,1,0,1,2,0,NONE
tx_legit_000362,usr_norm_1394,merch_razorpay_008,314.24,INR,2026-08-16T07:37:54+00:00,dev_fingerprint_1168,10.0.49.192,"Chennai, IN",pm_tok_synthetic_02330,252,1,0,1,1,0,NONE
tx_legit_006816,usr_norm_0372,merch_razorpay_021,1638.5,INR,2026-08-16T07:41:53+00:00,dev_fingerprint_0386,192.168.144.84,"Hyderabad, IN",pm_tok_synthetic_00462,62,2,1,1,2,0,NONE
tx_legit_002511,usr_norm_1709,merch_razorpay_035,383.79,INR,2026-08-16T07:58:10+00:00,dev_fingerprint_0449,192.168.23.81,"Mumbai, IN",pm_tok_synthetic_01160,287,1,1,1,1,0,NONE
tx_legit_004867,usr_norm_1918,merch_razorpay_023,1016.33,INR,2026-08-16T08:00:22+00:00,dev_fingerprint_0537,192.168.54.175,"Ahmedabad, IN",pm_tok_synthetic_01935,157,1,1,1,1,0,NONE
tx_legit_005721,usr_norm_1432,merch_razorpay_049,313.51,INR,2026-08-16T08:02:21+00:00,dev_fingerprint_0046,192.168.50.103,"Bengaluru, IN",pm_tok_synthetic_00856,787,2,1,1,2,0,NONE
tx_fraud_000795,usr_fraud_combE_004,merch_razorpay_027,60655.64,INR,2026-08-16T08:14:29+00:00,dev_fraud_combE_2,203.0.113.201,Tor / Proxy Exit Node,pm_tok_combE_2,2,17,6,20,21,1,COMBINED_RING
tx_legit_004318,usr_norm_1604,merch_razorpay_031,469.02,INR,2026-08-16T08:18:24+00:00,dev_fingerprint_1430,192.168.193.100,"Hyderabad, IN",pm_tok_synthetic_00398,496,1,0,1,1,0,NONE
tx_legit_002385,usr_norm_1454,merch_razorpay_048,489.79,INR,2026-08-16T08:22:25+00:00,dev_fingerprint_0060,192.168.105.30,"Kolkata, IN",pm_tok_synthetic_02253,316,1,0,1,1,0,NONE
tx_legit_004092,usr_norm_1460,merch_razorpay_006,310.31,INR,2026-08-16T08:25:23+00:00,dev_fingerprint_0919,192.168.137.110,"Ahmedabad, IN",pm_tok_synthetic_00539,241,1,0,1,2,0,NONE
tx_legit_003261,usr_norm_0255,merch_razorpay_009,197.69,INR,2026-08-16T08:27:58+00:00,dev_fingerprint_0576,192.168.55.117,"Pune, IN",pm_tok_synthetic_02447,893,1,0,1,3,0,NONE
tx_legit_007924,usr_norm_0535,merch_razorpay_046,745.24,INR,2026-08-16T08:30:38+00:00,dev_fingerprint_0208,192.168.247.10,"Delhi, IN",pm_tok_synthetic_02199,221,1,1,1,1,0,NONE
tx_fraud_000559,usr_fraud_anomD_078,merch_razorpay_032,81019.07,INR,2026-08-16T08:32:11+00:00,dev_anomD_078,192.0.2.245,Unknown / VPN Node,pm_tok_anomD_078,6,15,6,1,3,1,BEHAVIORAL_ANOMALY
tx_legit_003454,usr_norm_0132,merch_razorpay_017,257.15,INR,2026-08-16T08:34:17+00:00,dev_fingerprint_0945,192.168.71.198,"Kolkata, IN",pm_tok_synthetic_01154,826,1,1,1,2,0,NONE
tx_legit_008941,usr_norm_0939,merch_razorpay_002,732.69,INR,2026-08-16T08:47:14+00:00,dev_fingerprint_0271,192.168.189.83,"Chennai, IN",pm_tok_synthetic_00240,894,1,0,1,1,0,NONE
tx_legit_000864,usr_norm_1367,merch_razorpay_010,848.84,INR,2026-08-16T09:01:22+00:00,dev_fingerprint_1833,192.168.14.49,"Kolkata, IN",pm_tok_synthetic_00288,884,2,0,1,1,0,NONE
tx_fraud_000420,usr_fraud_reuseC_019,merch_razorpay_004,15037.55,INR,2026-08-16T09:16:33+00:00,dev_reuseC_012,198.51.100.111,"Ahmedabad, IN",pm_tok_stolen_C_004,4,5,1,3,2,1,PAYMENT_REF_REUSE
tx_fraud_000107,usr_fraud_ringA_006,merch_razorpay_042,9754.52,INR,2026-08-16T09:19:43+00:00,dev_fraud_ring_A_2,198.51.100.34,"Kolkata, IN",pm_tok_ringA_001,2,7,3,15,3,1,DEVICE_SHARING_RING
tx_legit_003452,usr_norm_1464,merch_razorpay_028,322.49,INR,2026-08-16T09:25:01+00:00,dev_fingerprint_0880,192.168.66.234,"Chennai, IN",pm_tok_synthetic_00594,701,2,0,3,1,0,NONE
tx_legit_008872,usr_norm_1181,merch_razorpay_028,274.2,INR,2026-08-16T09:29:21+00:00,dev_fingerprint_1671,192.168.21.218,"Pune, IN",pm_tok_synthetic_01518,111,1,0,1,2,0,NONE
tx_legit_001996,usr_norm_1519,merch_razorpay_007,1171.98,INR,2026-08-16T09:32:03+00:00,dev_fingerprint_1229,192.168.229.140,"Bengaluru, IN",pm_tok_synthetic_01002,590,3,0,1,1,0,NONE
tx_legit_007545,usr_norm_0124,merch_razorpay_012,487.5,INR,2026-08-16T09:38:19+00:00,dev_fingerprint_0315,192.168.55.139,"Hyderabad, IN",pm_tok_synthetic_00740,881,1,2,1,1,0,NONE
tx_legit_006788,usr_norm_1219,merch_razorpay_046,267.17,INR,2026-08-16T09:41:46+00:00,dev_fingerprint_0511,192.168.12.84,"Delhi, IN",pm_tok_synthetic_01458,189,2,0,1,1,0,NONE
tx_legit_005609,usr_norm_1781,merch_razorpay_046,684.51,INR,2026-08-16T09:42:54+00:00,dev_fingerprint_1468,192.168.213.108,"Mumbai, IN",pm_tok_synthetic_00360,672,2,0,1,3,0,NONE
tx_legit_006873,usr_norm_0678,merch_razorpay_045,797.68,INR,2026-08-16T09:43:18+00:00,dev_fingerprint_1085,192.168.62.68,"Hyderabad, IN",pm_tok_synthetic_01719,533,1,0,1,1,0,NONE
tx_legit_004101,usr_norm_0538,merch_razorpay_034,974.34,INR,2026-08-16T09:43:51+00:00,dev_fingerprint_1308,192.168.7.46,"Kolkata, IN",pm_tok_synthetic_02445,427,4,0,1,1,0,NONE
tx_legit_008742,usr_norm_1254,merch_razorpay_043,558.06,INR,2026-08-16T09:47:04+00:00,dev_fingerprint_1391,192.168.177.95,"Kolkata, IN",pm_tok_synthetic_02480,233,1,0,1,1,0,NONE
tx_legit_004414,usr_norm_0465,merch_razorpay_003,1469.37,INR,2026-08-16T09:48:53+00:00,dev_fingerprint_0504,192.168.249.24,"Kolkata, IN",pm_tok_synthetic_00301,114,1,0,1,1,0,NONE
tx_legit_000237,usr_norm_1801,merch_razorpay_026,538.08,INR,2026-08-16T09:52:49+00:00,dev_fingerprint_0769,192.168.215.36,"Hyderabad, IN",pm_tok_synthetic_00903,105,1,1,3,1,0,NONE
tx_legit_004360,usr_norm_1997,merch_razorpay_027,219.6,INR,2026-08-16T09:55:36+00:00,dev_fingerprint_0992,192.168.215.6,"Ahmedabad, IN",pm_tok_synthetic_01142,180,1,0,1,1,0,NONE
tx_legit_002866,usr_norm_0539,merch_razorpay_026,791.03,INR,2026-08-16T10:01:38+00:00,dev_fingerprint_1251,192.168.44.169,"Pune, IN",pm_tok_synthetic_02404,146,1,0,1,1,0,NONE
tx_legit_006443,usr_norm_0772,merch_razorpay_023,278.11,INR,2026-08-16T10:02:24+00:00,dev_fingerprint_0329,192.168.223.139,"Hyderabad, IN",pm_tok_synthetic_00307,590,3,0,1,4,0,NONE
tx_legit_003595,usr_norm_0416,merch_razorpay_031,320.62,INR,2026-08-16T10:10:00+00:00,dev_fingerprint_0401,192.168.59.58,"Mumbai, IN",pm_tok_synthetic_00942,418,1,0,1,1,0,NONE
tx_legit_000924,usr_norm_1213,merch_razorpay_049,330.74,INR,2026-08-16T10:12:03+00:00,dev_fingerprint_0700,192.168.118.37,"Kolkata, IN",pm_tok_synthetic_02271,212,1,0,1,1,0,NONE
tx_legit_001079,usr_norm_1091,merch_razorpay_045,962.92,INR,2026-08-16T10:15:29+00:00,dev_fingerprint_1661,10.0.70.16,"Bengaluru, IN",pm_tok_synthetic_01469,823,1,0,1,1,0,NONE
tx_legit_009175,usr_norm_0335,merch_razorpay_040,247.03,INR,2026-08-16T10:19:56+00:00,dev_fingerprint_0483,192.168.176.84,"Pune, IN",pm_tok_synthetic_00901,506,1,0,1,1,0,NONE
tx_legit_001951,usr_norm_1153,merch_razorpay_038,486.01,INR,2026-08-16T10:25:15+00:00,dev_fingerprint_0861,192.168.105.84,"Kolkata, IN",pm_tok_synthetic_00177,744,3,0,1,1,0,NONE
tx_legit_003800,usr_norm_1472,merch_razorpay_003,1632.34,INR,2026-08-16T10:26:07+00:00,dev_fingerprint_0053,10.0.25.35,"Kolkata, IN",pm_tok_synthetic_01093,650,2,0,1,1,0,NONE
tx_legit_000127,usr_norm_1620,merch_razorpay_006,698.04,INR,2026-08-16T10:27:30+00:00,dev_fingerprint_1935,192.168.104.178,"Pune, IN",pm_tok_synthetic_01765,833,3,0,1,1,0,NONE
tx_legit_001352,usr_norm_1233,merch_razorpay_029,560.01,INR,2026-08-16T10:29:11+00:00,dev_fingerprint_0206,192.168.210.236,"Chennai, IN",pm_tok_synthetic_00002,657,1,0,1,2,0,NONE
tx_legit_003570,usr_norm_1448,merch_razorpay_007,672.09,INR,2026-08-16T10:30:17+00:00,dev_fingerprint_0506,192.168.206.143,"Hyderabad, IN",pm_tok_synthetic_02168,342,1,0,1,2,0,NONE
tx_legit_008126,usr_norm_0504,merch_razorpay_046,322.66,INR,2026-08-16T10:31:28+00:00,dev_fingerprint_0981,192.168.62.185,"Delhi, IN",pm_tok_synthetic_01641,577,2,0,1,2,0,NONE
tx_fraud_000326,usr_fraud_reuseC_005,merch_razorpay_012,4018.35,INR,2026-08-16T10:32:25+00:00,dev_reuseC_003,198.51.100.165,"Delhi, IN",pm_tok_stolen_C_003,0,7,3,3,3,1,PAYMENT_REF_REUSE
tx_legit_008920,usr_norm_0473,merch_razorpay_001,184.4,INR,2026-08-16T10:37:37+00:00,dev_fingerprint_0053,192.168.203.175,"Delhi, IN",pm_tok_synthetic_01449,597,1,0,1,1,0,NONE
tx_legit_004407,usr_norm_0626,merch_razorpay_019,384.35,INR,2026-08-16T10:44:45+00:00,dev_fingerprint_0493,192.168.213.108,"Bengaluru, IN",pm_tok_synthetic_02432,102,1,0,1,1,0,NONE
tx_legit_005180,usr_norm_1643,merch_razorpay_029,282.59,INR,2026-08-16T10:46:17+00:00,dev_fingerprint_0481,192.168.185.229,"Delhi, IN",pm_tok_synthetic_02417,433,1,0,1,1,0,NONE
tx_legit_001449,usr_norm_1027,merch_razorpay_005,590.11,INR,2026-08-16T10:49:29+00:00,dev_fingerprint_0314,192.168.173.192,"Bengaluru, IN",pm_tok_synthetic_01321,641,1,0,1,3,0,NONE
tx_legit_006349,usr_norm_1483,merch_razorpay_038,704.19,INR,2026-08-16T11:00:44+00:00,dev_fingerprint_1751,192.168.165.110,"Bengaluru, IN",pm_tok_synthetic_01330,498,1,0,1,2,0,NONE
tx_legit_001516,usr_norm_0169,merch_razorpay_036,1016.34,INR,2026-08-16T11:02:53+00:00,dev_fingerprint_1799,192.168.173.168,"Delhi, IN",pm_tok_synthetic_01903,742,1,0,1,1,0,NONE
tx_legit_005482,usr_norm_0752,merch_razorpay_025,919.37,INR,2026-08-16T11:03:21+00:00,dev_fingerprint_0628,192.168.14.49,"Hyderabad, IN",pm_tok_synthetic_01206,160,1,0,1,1,0,NONE
tx_legit_006051,usr_norm_0269,merch_razorpay_018,202.7,INR,2026-08-16T11:05:18+00:00,dev_fingerprint_0079,192.168.43.68,"Ahmedabad, IN",pm_tok_synthetic_01364,853,1,0,1,2,0,NONE
tx_legit_006167,usr_norm_1136,merch_razorpay_020,417.53,INR,2026-08-16T11:05:40+00:00,dev_fingerprint_0830,192.168.180.117,"Pune, IN",pm_tok_synthetic_02308,682,2,0,1,1,0,NONE
tx_legit_006425,usr_norm_1076,merch_razorpay_011,363.99,INR,2026-08-16T11:12:00+00:00,dev_fingerprint_0517,192.168.24.238,"Chennai, IN",pm_tok_synthetic_00469,215,2,0,1,1,0,NONE
tx_legit_004824,usr_norm_0227,merch_razorpay_043,249.66,INR,2026-08-16T11:14:01+00:00,dev_fingerprint_1128,192.168.232.233,"Pune, IN",pm_tok_synthetic_00512,670,1,0,2,2,0,NONE
tx_legit_008417,usr_norm_1213,merch_razorpay_005,476.99,INR,2026-08-16T11:15:01+00:00,dev_fingerprint_0700,192.168.118.37,"Bengaluru, IN",pm_tok_synthetic_02271,212,2,0,1,1,0,NONE
tx_legit_001085,usr_norm_0352,merch_razorpay_008,56.07,INR,2026-08-16T11:31:28+00:00,dev_fingerprint_0912,192.168.223.168,"Delhi, IN",pm_tok_synthetic_00227,494,1,0,1,1,0,NONE
tx_legit_007308,usr_norm_0036,merch_razorpay_043,218.62,INR,2026-08-16T11:32:23+00:00,dev_fingerprint_0250,192.168.127.103,"Mumbai, IN",pm_tok_synthetic_01448,711,1,0,1,1,0,NONE
tx_legit_001807,usr_norm_1105,merch_razorpay_022,610.2,INR,2026-08-16T11:33:31+00:00,dev_fingerprint_1028,10.0.71.63,"Mumbai, IN",pm_tok_synthetic_00978,898,1,0,1,2,0,NONE
tx_legit_000781,usr_norm_1003,merch_razorpay_036,804.84,INR,2026-08-16T11:34:58+00:00,dev_fingerprint_1454,192.168.109.57,"Ahmedabad, IN",pm_tok_synthetic_02186,322,3,0,1,2,0,NONE
tx_legit_004649,usr_norm_0247,merch_razorpay_036,4430.29,INR,2026-08-16T11:39:05+00:00,dev_fingerprint_0198,192.168.54.172,"Delhi, IN",pm_tok_synthetic_01188,423,1,0,1,3,0,NONE
tx_legit_008760,usr_norm_0685,merch_razorpay_045,1162.5,INR,2026-08-16T11:40:26+00:00,dev_fingerprint_1356,192.168.56.114,"Ahmedabad, IN",pm_tok_synthetic_00535,272,1,0,1,2,0,NONE
tx_legit_006951,usr_norm_1837,merch_razorpay_008,831.25,INR,2026-08-16T11:45:20+00:00,dev_fingerprint_0424,192.168.62.147,"Mumbai, IN",pm_tok_synthetic_00331,665,4,0,1,1,0,NONE
tx_legit_002094,usr_norm_1890,merch_razorpay_009,385.62,INR,2026-08-16T11:49:30+00:00,dev_fingerprint_0731,192.168.98.153,"Delhi, IN",pm_tok_synthetic_01336,86,1,0,1,1,0,NONE
tx_legit_001497,usr_norm_1059,merch_razorpay_017,445.06,INR,2026-08-16T11:56:26+00:00,dev_fingerprint_1475,192.168.137.33,"Ahmedabad, IN",pm_tok_synthetic_00259,804,1,0,1,1,0,NONE
tx_legit_009176,usr_norm_1208,merch_razorpay_025,278.66,INR,2026-08-16T11:56:51+00:00,dev_fingerprint_0783,192.168.123.30,"Delhi, IN",pm_tok_synthetic_00902,723,1,0,1,1,0,NONE
tx_legit_008154,usr_norm_0370,merch_razorpay_012,322.4,INR,2026-08-16T11:57:13+00:00,dev_fingerprint_1089,192.168.78.104,"Ahmedabad, IN",pm_tok_synthetic_00940,283,1,0,1,3,0,NONE
tx_legit_005333,usr_norm_0821,merch_razorpay_038,653.28,INR,2026-08-16T12:10:05+00:00,dev_fingerprint_0486,192.168.95.91,"Ahmedabad, IN",pm_tok_synthetic_01946,305,1,1,1,1,0,NONE
tx_legit_002354,usr_norm_1814,merch_razorpay_020,257.12,INR,2026-08-16T12:14:02+00:00,dev_fingerprint_0843,192.168.174.140,"Delhi, IN",pm_tok_synthetic_00205,530,2,0,1,2,0,NONE
tx_legit_007822,usr_norm_1595,merch_razorpay_029,489.08,INR,2026-08-16T12:17:44+00:00,dev_fingerprint_1255,10.0.250.124,"Ahmedabad, IN",pm_tok_synthetic_01387,583,1,0,2,3,0,NONE
tx_legit_008682,usr_norm_1422,merch_razorpay_011,804.96,INR,2026-08-16T12:19:43+00:00,dev_fingerprint_0748,192.168.187.202,"Ahmedabad, IN",pm_tok_synthetic_00780,358,1,1,1,1,0,NONE
tx_legit_002544,usr_norm_1220,merch_razorpay_048,258.79,INR,2026-08-16T12:22:40+00:00,dev_fingerprint_1643,192.168.236.1,"Bengaluru, IN",pm_tok_synthetic_00321,722,4,1,1,1,0,NONE
tx_fraud_000553,usr_fraud_anomD_072,merch_razorpay_042,57722.76,INR,2026-08-16T12:23:19+00:00,dev_anomD_072,192.0.2.85,Unknown / VPN Node,pm_tok_anomD_072,1,8,6,1,1,1,BEHAVIORAL_ANOMALY
tx_legit_002230,usr_norm_1677,merch_razorpay_015,533.56,INR,2026-08-16T12:33:19+00:00,dev_fingerprint_0597,192.168.223.168,"Hyderabad, IN",pm_tok_synthetic_00111,323,1,0,1,5,0,NONE
tx_fraud_000741,usr_fraud_combE_000,merch_razorpay_028,26008.6,INR,2026-08-16T12:36:19+00:00,dev_fraud_combE_1,203.0.113.201,Tor / Proxy Exit Node,pm_tok_combE_1,3,14,4,24,40,1,COMBINED_RING
tx_legit_002206,usr_norm_1821,merch_razorpay_016,2109.27,INR,2026-08-16T12:38:25+00:00,dev_fingerprint_0963,192.168.14.49,"Chennai, IN",pm_tok_synthetic_02065,64,1,0,3,3,0,NONE
tx_legit_000599,usr_norm_0075,merch_razorpay_006,333.13,INR,2026-08-16T12:46:09+00:00,dev_fingerprint_0894,192.168.44.45,"Ahmedabad, IN",pm_tok_synthetic_00433,279,1,0,1,1,0,NONE
tx_legit_008197,usr_norm_1863,merch_razorpay_028,288.72,INR,2026-08-16T12:48:57+00:00,dev_fingerprint_1064,192.168.153.203,"Kolkata, IN",pm_tok_synthetic_01375,451,1,0,3,3,0,NONE
tx_legit_004730,usr_norm_0498,merch_razorpay_031,343.05,INR,2026-08-16T12:51:10+00:00,dev_fingerprint_1547,192.168.150.243,"Mumbai, IN",pm_tok_synthetic_00858,478,1,0,1,3,0,NONE
tx_legit_003617,usr_norm_0863,merch_razorpay_038,382.78,INR,2026-08-16T12:51:39+00:00,dev_fingerprint_1018,192.168.79.94,"Ahmedabad, IN",pm_tok_synthetic_01062,458,1,0,1,1,0,NONE
tx_legit_000517,usr_norm_0120,merch_razorpay_022,694.72,INR,2026-08-16T12:52:06+00:00,dev_fingerprint_0317,192.168.64.191,"Ahmedabad, IN",pm_tok_synthetic_01211,894,1,0,2,1,0,NONE
tx_fraud_000073,usr_fraud_ringA_022,merch_razorpay_024,14566.42,INR,2026-08-16T12:54:46+00:00,dev_fraud_ring_A_4,198.51.100.26,"Bengaluru, IN",pm_tok_ringA_003,11,4,4,14,5,1,DEVICE_SHARING_RING
tx_legit_007815,usr_norm_1097,merch_razorpay_028,386.48,INR,2026-08-16T12:58:20+00:00,dev_fingerprint_1038,192.168.14.65,"Hyderabad, IN",pm_tok_synthetic_00127,862,1,0,1,2,0,NONE
tx_legit_004064,usr_norm_1457,merch_razorpay_031,132.32,INR,2026-08-16T12:59:05+00:00,dev_fingerprint_0782,192.168.247.192,"Delhi, IN",pm_tok_synthetic_00931,457,1,0,1,1,0,NONE
tx_legit_005056,usr_norm_0047,merch_razorpay_012,313.29,INR,2026-08-16T13:03:59+00:00,dev_fingerprint_0718,192.168.229.140,"Chennai, IN",pm_tok_synthetic_00743,176,3,0,1,1,0,NONE
tx_legit_005113,usr_norm_1267,merch_razorpay_033,2692.67,INR,2026-08-16T13:11:04+00:00,dev_fingerprint_0922,192.168.2.229,"Pune, IN",pm_tok_synthetic_00685,218,2,0,1,1,0,NONE
tx_legit_009096,usr_norm_0212,merch_razorpay_037,308.05,INR,2026-08-16T13:17:48+00:00,dev_fingerprint_0411,192.168.122.181,"Kolkata, IN",pm_tok_synthetic_00568,272,1,0,1,3,0,NONE
tx_legit_000795,usr_norm_1234,merch_razorpay_006,802.51,INR,2026-08-16T13:24:28+00:00,dev_fingerprint_0531,192.168.237.20,"Mumbai, IN",pm_tok_synthetic_02246,299,1,0,1,1,0,NONE
tx_legit_005694,usr_norm_1470,merch_razorpay_020,484.34,INR,2026-08-16T13:28:10+00:00,dev_fingerprint_0621,192.168.134.125,"Mumbai, IN",pm_tok_synthetic_01121,185,1,0,3,2,0,NONE
tx_legit_009150,usr_norm_0234,merch_razorpay_043,688.66,INR,2026-08-16T13:32:06+00:00,dev_fingerprint_1333,192.168.40.49,"Mumbai, IN",pm_tok_synthetic_02343,456,1,0,1,4,0,NONE
tx_legit_001084,usr_norm_0683,merch_razorpay_033,1168.04,INR,2026-08-16T13:34:17+00:00,dev_fingerprint_0273,192.168.162.176,"Hyderabad, IN",pm_tok_synthetic_01615,106,1,0,1,1,0,NONE
tx_legit_006680,usr_norm_1170,merch_razorpay_021,141.63,INR,2026-08-16T13:50:47+00:00,dev_fingerprint_1145,192.168.134.248,"Chennai, IN",pm_tok_synthetic_01981,289,1,0,1,2,0,NONE
tx_legit_003281,usr_norm_0777,merch_razorpay_027,234.07,INR,2026-08-16T13:51:51+00:00,dev_fingerprint_0420,192.168.248.32,"Delhi, IN",pm_tok_synthetic_00778,449,1,0,1,2,0,NONE
tx_fraud_000064,usr_fraud_ringA_013,merch_razorpay_007,10989.53,INR,2026-08-16T13:56:47+00:00,dev_fraud_ring_A_0,198.51.100.31,"Kolkata, IN",pm_tok_ringA_007,6,10,1,14,4,1,DEVICE_SHARING_RING
tx_legit_007697,usr_norm_0865,merch_razorpay_008,227.72,INR,2026-08-16T13:57:43+00:00,dev_fingerprint_1450,192.168.127.218,"Mumbai, IN",pm_tok_synthetic_00777,381,1,0,2,1,0,NONE
tx_legit_003310,usr_norm_1054,merch_razorpay_020,1111.02,INR,2026-08-16T13:59:09+00:00,dev_fingerprint_0515,192.168.236.138,"Hyderabad, IN",pm_tok_synthetic_00288,618,1,0,1,2,0,NONE
tx_fraud_000776,usr_fraud_combE_010,merch_razorpay_021,20382.06,INR,2026-08-16T14:01:35+00:00,dev_fraud_combE_0,203.0.113.201,Tor / Proxy Exit Node,pm_tok_combE_0,6,28,6,12,36,1,COMBINED_RING
tx_legit_002305,usr_norm_0936,merch_razorpay_035,684.51,INR,2026-08-16T14:01:44+00:00,dev_fingerprint_0819,192.168.72.9,"Chennai, IN",pm_tok_synthetic_01869,308,1,0,1,3,0,NONE
tx_legit_006325,usr_norm_0911,merch_razorpay_007,1769.46,INR,2026-08-16T14:01:54+00:00,dev_fingerprint_1423,192.168.236.74,"Chennai, IN",pm_tok_synthetic_00038,338,2,1,1,1,0,NONE
tx_legit_000884,usr_norm_0877,merch_razorpay_036,567.23,INR,2026-08-16T14:02:21+00:00,dev_fingerprint_1195,192.168.133.243,"Kolkata, IN",pm_tok_synthetic_00291,513,1,0,1,1,0,NONE
tx_legit_001657,usr_norm_0753,merch_razorpay_023,365.65,INR,2026-08-16T14:11:46+00:00,dev_fingerprint_1668,10.0.197.76,"Delhi, IN",pm_tok_synthetic_00007,748,1,0,3,1,0,NONE
tx_fraud_000777,usr_fraud_combE_011,merch_razorpay_002,32939.95,INR,2026-08-16T14:15:42+00:00,dev_fraud_combE_1,203.0.113.201,Tor / Proxy Exit Node,pm_tok_combE_1,0,20,4,21,20,1,COMBINED_RING
tx_legit_008436,usr_norm_1559,merch_razorpay_047,832.96,INR,2026-08-16T14:16:38+00:00,dev_fingerprint_1697,192.168.179.6,"Delhi, IN",pm_tok_synthetic_01695,790,1,1,1,1,0,NONE
tx_legit_005231,usr_norm_1121,merch_razorpay_006,589.17,INR,2026-08-16T14:20:07+00:00,dev_fingerprint_0831,192.168.148.49,"Delhi, IN",pm_tok_synthetic_01413,528,2,0,1,1,0,NONE
tx_legit_001081,usr_norm_0514,merch_razorpay_034,689.05,INR,2026-08-16T14:23:01+00:00,dev_fingerprint_1188,192.168.120.177,"Hyderabad, IN",pm_tok_synthetic_02356,256,1,0,1,1,0,NONE
tx_legit_001143,usr_norm_1094,merch_razorpay_004,761.28,INR,2026-08-16T14:24:11+00:00,dev_fingerprint_0574,192.168.114.242,"Mumbai, IN",pm_tok_synthetic_00573,581,1,0,1,1,0,NONE
tx_legit_000685,usr_norm_0098,merch_razorpay_017,262.0,INR,2026-08-16T14:26:59+00:00,dev_fingerprint_1692,192.168.57.70,"Bengaluru, IN",pm_tok_synthetic_02053,184,1,0,1,2,0,NONE
tx_legit_006300,usr_norm_0214,merch_razorpay_022,170.69,INR,2026-08-16T14:28:09+00:00,dev_fingerprint_1172,192.168.77.130,"Pune, IN",pm_tok_synthetic_01914,852,1,0,1,1,0,NONE
tx_legit_006237,usr_norm_0272,merch_razorpay_049,204.52,INR,2026-08-16T14:32:52+00:00,dev_fingerprint_0671,192.168.211.164,"Ahmedabad, IN",pm_tok_synthetic_01304,196,1,0,1,1,0,NONE
tx_legit_006861,usr_norm_1736,merch_razorpay_046,355.53,INR,2026-08-16T14:34:14+00:00,dev_fingerprint_0987,192.168.126.5,"Delhi, IN",pm_tok_synthetic_02323,578,1,1,1,1,0,NONE
tx_legit_007158,usr_norm_1768,merch_razorpay_029,161.64,INR,2026-08-16T14:34:23+00:00,dev_fingerprint_0129,192.168.154.83,"Pune, IN",pm_tok_synthetic_01257,174,1,1,1,1,0,NONE
tx_legit_000080,usr_norm_1798,merch_razorpay_043,694.49,INR,2026-08-16T14:44:08+00:00,dev_fingerprint_1386,192.168.188.34,"Pune, IN",pm_tok_synthetic_01303,265,1,0,1,1,0,NONE
tx_legit_008401,usr_norm_1905,merch_razorpay_015,1601.76,INR,2026-08-16T14:45:50+00:00,dev_fingerprint_0848,10.0.159.156,"Hyderabad, IN",pm_tok_synthetic_02405,642,1,1,1,2,0,NONE
tx_fraud_000781,usr_fraud_combE_015,merch_razorpay_015,19629.34,INR,2026-08-16T14:51:38+00:00,dev_fraud_combE_2,203.0.113.202,Tor / Proxy Exit Node,pm_tok_combE_0,0,29,6,23,31,1,COMBINED_RING
tx_fraud_000744,usr_fraud_combE_003,merch_razorpay_031,27195.57,INR,2026-08-16T14:53:53+00:00,dev_fraud_combE_2,203.0.113.201,Tor / Proxy Exit Node,pm_tok_combE_2,4,26,9,24,22,1,COMBINED_RING
tx_legit_000343,usr_norm_1784,merch_razorpay_031,258.46,INR,2026-08-16T14:58:06+00:00,dev_fingerprint_1085,192.168.142.221,"Ahmedabad, IN",pm_tok_synthetic_01482,809,1,0,1,2,0,NONE
tx_legit_003625,usr_norm_1183,merch_razorpay_040,940.11,INR,2026-08-16T15:00:26+00:00,dev_fingerprint_1257,192.168.26.243,"Delhi, IN",pm_tok_synthetic_02134,323,1,0,1,2,0,NONE
tx_fraud_000760,usr_fraud_combE_019,merch_razorpay_017,16998.71,INR,2026-08-16T15:05:43+00:00,dev_fraud_combE_0,203.0.113.201,Tor / Proxy Exit Node,pm_tok_combE_1,1,10,6,23,36,1,COMBINED_RING
tx_legit_002154,usr_norm_1878,merch_razorpay_023,670.43,INR,2026-08-16T15:13:26+00:00,dev_fingerprint_0302,192.168.76.142,"Delhi, IN",pm_tok_synthetic_01836,582,1,0,1,1,0,NONE
tx_legit_003276,usr_norm_1323,merch_razorpay_035,420.96,INR,2026-08-16T15:15:06+00:00,dev_fingerprint_0985,10.0.77.95,"Delhi, IN",pm_tok_synthetic_01223,233,1,0,1,1,0,NONE
tx_legit_008333,usr_norm_0869,merch_razorpay_002,1117.22,INR,2026-08-16T15:17:21+00:00,dev_fingerprint_0348,10.0.132.132,"Hyderabad, IN",pm_tok_synthetic_02286,215,1,0,1,1,0,NONE
tx_legit_007350,usr_norm_0112,merch_razorpay_013,761.05,INR,2026-08-16T15:19:57+00:00,dev_fingerprint_1343,10.0.99.75,"Delhi, IN",pm_tok_synthetic_01605,162,1,0,2,1,0,NONE
tx_legit_001410,usr_norm_0699,merch_razorpay_038,593.28,INR,2026-08-16T15:20:22+00:00,dev_fingerprint_0612,10.0.211.223,"Bengaluru, IN",pm_tok_synthetic_00712,61,2,0,1,2,0,NONE
tx_legit_006857,usr_norm_1041,merch_razorpay_032,561.05,INR,2026-08-16T15:22:05+00:00,dev_fingerprint_0232,192.168.120.114,"Delhi, IN",pm_tok_synthetic_02342,583,2,0,1,1,0,NONE
tx_legit_000614,usr_norm_1531,merch_razorpay_049,559.63,INR,2026-08-16T15:24:23+00:00,dev_fingerprint_0138,10.0.191.59,"Ahmedabad, IN",pm_tok_synthetic_01750,893,1,0,1,1,0,NONE
tx_fraud_000792,usr_fraud_combE_001,merch_razorpay_039,15666.84,INR,2026-08-16T15:27:55+00:00,dev_fraud_combE_2,203.0.113.201,Tor / Proxy Exit Node,pm_tok_combE_1,4,18,7,23,31,1,COMBINED_RING
tx_legit_006453,usr_norm_0282,merch_razorpay_017,819.31,INR,2026-08-16T15:29:50+00:00,dev_fingerprint_1476,10.0.43.95,"Kolkata, IN",pm_tok_synthetic_01557,181,1,0,2,1,0,NONE
tx_legit_000756,usr_norm_0304,merch_razorpay_030,82.43,INR,2026-08-16T15:31:46+00:00,dev_fingerprint_1151,192.168.189.83,"Chennai, IN",pm_tok_synthetic_01112,170,1,0,1,1,0,NONE
tx_fraud_000616,usr_fraud_anomD_135,merch_razorpay_041,75208.86,INR,2026-08-16T15:33:15+00:00,dev_anomD_135,192.0.2.65,Unknown / VPN Node,pm_tok_anomD_135,7,10,3,2,3,1,BEHAVIORAL_ANOMALY
tx_fraud_000231,usr_fraud_burstB_010,merch_razorpay_011,6778.03,INR,2026-08-16T15:35:27+00:00,dev_fraud_burstB_012,203.0.113.104,"Bengaluru, IN",pm_tok_burstB_006,22,23,5,4,26,1,SHARED_IP_BURST
tx_legit_004404,usr_norm_0002,merch_razorpay_009,295.9,INR,2026-08-16T15:35:37+00:00,dev_fingerprint_1828,192.168.19.3,"Kolkata, IN",pm_tok_synthetic_00515,835,1,2,1,1,0,NONE
tx_legit_000239,usr_norm_1454,merch_razorpay_025,797.69,INR,2026-08-16T15:37:43+00:00,dev_fingerprint_0060,192.168.105.30,"Chennai, IN",pm_tok_synthetic_02273,316,1,0,1,2,0,NONE
tx_legit_008472,usr_norm_0712,merch_razorpay_019,449.88,INR,2026-08-16T15:39:09+00:00,dev_fingerprint_0783,192.168.203.79,"Kolkata, IN",pm_tok_synthetic_00421,206,1,0,1,1,0,NONE
tx_legit_004580,usr_norm_0059,merch_razorpay_010,738.97,INR,2026-08-16T15:49:04+00:00,dev_fingerprint_0227,192.168.190.114,"Bengaluru, IN",pm_tok_synthetic_02429,528,1,0,2,1,0,NONE
tx_legit_003528,usr_norm_1850,merch_razorpay_042,206.79,INR,2026-08-16T15:49:18+00:00,dev_fingerprint_0995,192.168.21.121,"Kolkata, IN",pm_tok_synthetic_02157,879,1,0,2,3,0,NONE
tx_legit_001477,usr_norm_1042,merch_razorpay_046,1205.57,INR,2026-08-16T15:55:01+00:00,dev_fingerprint_1482,192.168.68.42,"Chennai, IN",pm_tok_synthetic_00101,559,1,0,2,1,0,NONE
tx_legit_001108,usr_norm_1420,merch_razorpay_025,752.95,INR,2026-08-16T15:55:04+00:00,dev_fingerprint_0880,192.168.220.121,"Mumbai, IN",pm_tok_synthetic_02359,121,2,0,1,1,0,NONE
tx_legit_000248,usr_norm_1962,merch_razorpay_041,429.26,INR,2026-08-16T15:57:02+00:00,dev_fingerprint_1203,192.168.192.107,"Pune, IN",pm_tok_synthetic_00819,219,1,0,1,1,0,NONE
tx_legit_009021,usr_norm_1226,merch_razorpay_047,762.91,INR,2026-08-16T16:00:00+00:00,dev_fingerprint_1516,192.168.21.218,"Mumbai, IN",pm_tok_synthetic_02362,161,1,0,1,1,0,NONE
tx_legit_007517,usr_norm_1669,merch_razorpay_047,412.44,INR,2026-08-16T16:00:43+00:00,dev_fingerprint_1255,192.168.166.19,"Pune, IN",pm_tok_synthetic_01407,577,1,2,1,1,0,NONE
tx_legit_000520,usr_norm_0643,merch_razorpay_045,263.74,INR,2026-08-16T16:05:36+00:00,dev_fingerprint_0928,192.168.135.153,"Ahmedabad, IN",pm_tok_synthetic_02493,86,3,0,2,1,0,NONE
tx_legit_005053,usr_norm_1168,merch_razorpay_038,406.38,INR,2026-08-16T16:07:15+00:00,dev_fingerprint_0417,192.168.2.229,"Bengaluru, IN",pm_tok_synthetic_02261,832,1,0,1,1,0,NONE
tx_legit_007955,usr_norm_1796,merch_razorpay_017,236.58,INR,2026-08-16T16:08:03+00:00,dev_fingerprint_1477,192.168.71.113,"Mumbai, IN",pm_tok_synthetic_02427,623,1,0,1,1,0,NONE
tx_legit_006322,usr_norm_0075,merch_razorpay_019,1401.63,INR,2026-08-16T16:11:29+00:00,dev_fingerprint_0894,192.168.44.45,"Delhi, IN",pm_tok_synthetic_00433,279,1,0,1,2,0,NONE
tx_legit_005646,usr_norm_0483,merch_razorpay_015,220.75,INR,2026-08-16T16:16:54+00:00,dev_fingerprint_0157,192.168.172.51,"Kolkata, IN",pm_tok_synthetic_01030,282,1,0,1,1,0,NONE
tx_legit_007894,usr_norm_0820,merch_razorpay_014,230.03,INR,2026-08-16T16:22:15+00:00,dev_fingerprint_0810,192.168.185.197,"Chennai, IN",pm_tok_synthetic_01357,737,1,0,3,1,0,NONE
tx_legit_002568,usr_norm_0154,merch_razorpay_005,225.4,INR,2026-08-16T16:24:35+00:00,dev_fingerprint_0859,192.168.39.208,"Mumbai, IN",pm_tok_synthetic_01872,94,1,1,2,1,0,NONE
tx_legit_006497,usr_norm_1745,merch_razorpay_024,196.26,INR,2026-08-16T16:33:00+00:00,dev_fingerprint_1295,192.168.122.116,"Ahmedabad, IN",pm_tok_synthetic_00776,173,1,0,1,1,0,NONE
tx_legit_005484,usr_norm_0092,merch_razorpay_044,89.46,INR,2026-08-16T16:33:29+00:00,dev_fingerprint_1039,10.0.213.65,"Kolkata, IN",pm_tok_synthetic_01271,502,2,0,1,1,0,NONE
tx_fraud_000146,usr_fraud_ringA_020,merch_razorpay_022,9474.58,INR,2026-08-16T16:35:16+00:00,dev_fraud_ring_A_1,198.51.100.42,"Delhi, IN",pm_tok_ringA_003,9,5,3,9,6,1,DEVICE_SHARING_RING
tx_legit_003924,usr_norm_0841,merch_razorpay_026,994.1,INR,2026-08-16T16:36:05+00:00,dev_fingerprint_1129,10.0.51.80,"Kolkata, IN",pm_tok_synthetic_01410,197,1,1,1,1,0,NONE
tx_legit_006522,usr_norm_1781,merch_razorpay_018,671.44,INR,2026-08-16T16:39:37+00:00,dev_fingerprint_1468,192.168.213.108,"Bengaluru, IN",pm_tok_synthetic_00360,672,1,0,1,2,0,NONE
tx_legit_004409,usr_norm_0245,merch_razorpay_045,416.39,INR,2026-08-16T16:41:44+00:00,dev_fingerprint_0653,192.168.81.238,"Mumbai, IN",pm_tok_synthetic_01910,155,1,2,1,2,0,NONE
tx_legit_007685,usr_norm_1863,merch_razorpay_042,922.13,INR,2026-08-16T16:42:16+00:00,dev_fingerprint_1064,192.168.153.203,"Bengaluru, IN",pm_tok_synthetic_01375,451,1,0,1,2,0,NONE
tx_legit_000984,usr_norm_0168,merch_razorpay_045,803.18,INR,2026-08-16T16:42:23+00:00,dev_fingerprint_0090,192.168.99.231,"Kolkata, IN",pm_tok_synthetic_02236,376,1,0,1,2,0,NONE
tx_legit_002715,usr_norm_1520,merch_razorpay_041,797.85,INR,2026-08-16T16:57:13+00:00,dev_fingerprint_0569,192.168.71.12,"Chennai, IN",pm_tok_synthetic_02283,869,1,0,1,1,0,NONE
tx_legit_002682,usr_norm_0522,merch_razorpay_014,360.05,INR,2026-08-16T17:02:53+00:00,dev_fingerprint_0897,192.168.103.209,"Pune, IN",pm_tok_synthetic_01853,356,3,0,1,1,0,NONE
tx_legit_008787,usr_norm_1492,merch_razorpay_047,1709.77,INR,2026-08-16T17:08:37+00:00,dev_fingerprint_0596,192.168.64.216,"Delhi, IN",pm_tok_synthetic_01630,341,2,0,1,1,0,NONE
tx_legit_009000,usr_norm_0968,merch_razorpay_036,433.0,INR,2026-08-16T17:14:18+00:00,dev_fingerprint_0744,192.168.61.162,"Delhi, IN",pm_tok_synthetic_00222,866,2,0,1,1,0,NONE
tx_fraud_000724,usr_fraud_combE_008,merch_razorpay_016,45788.32,INR,2026-08-16T17:25:50+00:00,dev_fraud_combE_0,203.0.113.202,Tor / Proxy Exit Node,pm_tok_combE_0,5,26,10,20,33,1,COMBINED_RING
tx_legit_008214,usr_norm_1769,merch_razorpay_026,827.42,INR,2026-08-16T17:26:19+00:00,dev_fingerprint_0850,192.168.207.105,"Pune, IN",pm_tok_synthetic_01515,596,1,0,1,1,0,NONE
tx_legit_000881,usr_norm_0483,merch_razorpay_035,1264.52,INR,2026-08-16T17:26:21+00:00,dev_fingerprint_0157,192.168.172.51,"Chennai, IN",pm_tok_synthetic_01030,282,1,0,1,2,0,NONE
tx_legit_003270,usr_norm_0773,merch_razorpay_013,275.24,INR,2026-08-16T17:27:35+00:00,dev_fingerprint_0190,10.0.207.117,"Ahmedabad, IN",pm_tok_synthetic_02433,658,1,0,1,2,0,NONE
tx_fraud_000669,usr_fraud_combE_003,merch_razorpay_043,54564.02,INR,2026-08-16T17:29:16+00:00,dev_fraud_combE_0,203.0.113.203,Tor / Proxy Exit Node,pm_tok_combE_1,0,26,4,22,33,1,COMBINED_RING
tx_legit_005010,usr_norm_0485,merch_razorpay_045,181.65,INR,2026-08-16T17:31:45+00:00,dev_fingerprint_1262,192.168.61.43,"Kolkata, IN",pm_tok_synthetic_01875,139,1,0,1,1,0,NONE
tx_legit_008498,usr_norm_1092,merch_razorpay_040,609.64,INR,2026-08-16T17:36:35+00:00,dev_fingerprint_0625,192.168.101.152,"Delhi, IN",pm_tok_synthetic_02259,141,1,0,1,1,0,NONE
tx_legit_003062,usr_norm_1673,merch_razorpay_024,1062.63,INR,2026-08-16T17:41:57+00:00,dev_fingerprint_0343,192.168.213.161,"Delhi, IN",pm_tok_synthetic_02447,797,3,0,2,1,0,NONE
tx_legit_007365,usr_norm_1208,merch_razorpay_028,153.71,INR,2026-08-16T17:48:07+00:00,dev_fingerprint_0783,192.168.123.30,"Pune, IN",pm_tok_synthetic_00902,723,1,0,2,4,0,NONE
tx_legit_005925,usr_norm_0450,merch_razorpay_031,1107.44,INR,2026-08-16T17:50:35+00:00,dev_fingerprint_1347,192.168.250.237,"Pune, IN",pm_tok_synthetic_00734,900,1,0,1,1,0,NONE
tx_legit_003535,usr_norm_0702,merch_razorpay_024,325.01,INR,2026-08-16T17:52:08+00:00,dev_fingerprint_0208,192.168.217.113,"Hyderabad, IN",pm_tok_synthetic_00572,154,1,0,1,2,0,NONE
tx_legit_007177,usr_norm_0064,merch_razorpay_005,300.74,INR,2026-08-16T18:00:18+00:00,dev_fingerprint_0671,10.0.215.231,"Ahmedabad, IN",pm_tok_synthetic_00031,539,1,0,1,1,0,NONE
tx_legit_003802,usr_norm_0148,merch_razorpay_034,193.85,INR,2026-08-16T18:04:24+00:00,dev_fingerprint_1444,10.0.34.156,"Bengaluru, IN",pm_tok_synthetic_01837,660,1,0,1,1,0,NONE
tx_legit_001187,usr_norm_1178,merch_razorpay_036,290.61,INR,2026-08-16T18:08:53+00:00,dev_fingerprint_0796,192.168.56.114,"Chennai, IN",pm_tok_synthetic_00021,853,1,0,1,1,0,NONE
tx_legit_002478,usr_norm_0556,merch_razorpay_045,918.18,INR,2026-08-16T18:12:13+00:00,dev_fingerprint_1849,192.168.103.93,"Delhi, IN",pm_tok_synthetic_02315,61,3,0,2,3,0,NONE
tx_legit_002163,usr_norm_1128,merch_razorpay_040,183.65,INR,2026-08-16T18:12:38+00:00,dev_fingerprint_0471,192.168.193.221,"Mumbai, IN",pm_tok_synthetic_01352,767,2,0,2,1,0,NONE
tx_fraud_000515,usr_fraud_anomD_034,merch_razorpay_049,94242.92,INR,2026-08-16T18:28:39+00:00,dev_anomD_034,192.0.2.163,Unknown / VPN Node,pm_tok_anomD_034,8,8,5,2,1,1,BEHAVIORAL_ANOMALY
tx_legit_004835,usr_norm_0770,merch_razorpay_007,389.38,INR,2026-08-16T18:37:34+00:00,dev_fingerprint_1818,192.168.208.64,"Ahmedabad, IN",pm_tok_synthetic_01069,137,1,0,2,2,0,NONE
tx_legit_001066,usr_norm_0887,merch_razorpay_036,1618.68,INR,2026-08-16T18:45:53+00:00,dev_fingerprint_1968,192.168.165.110,"Mumbai, IN",pm_tok_synthetic_00360,162,1,0,1,2,0,NONE
tx_legit_002186,usr_norm_1858,merch_razorpay_022,683.64,INR,2026-08-16T18:46:13+00:00,dev_fingerprint_1066,192.168.95.172,"Pune, IN",pm_tok_synthetic_00092,330,1,0,1,3,0,NONE
tx_legit_002092,usr_norm_1379,merch_razorpay_045,2292.64,INR,2026-08-16T18:53:18+00:00,dev_fingerprint_0664,192.168.21.157,"Kolkata, IN",pm_tok_synthetic_01522,452,1,0,1,2,0,NONE
tx_legit_005327,usr_norm_0853,merch_razorpay_044,202.18,INR,2026-08-16T18:56:19+00:00,dev_fingerprint_1386,10.0.59.114,"Mumbai, IN",pm_tok_synthetic_01626,628,1,0,1,1,0,NONE
tx_legit_003030,usr_norm_1346,merch_razorpay_003,821.07,INR,2026-08-16T18:58:05+00:00,dev_fingerprint_0605,192.168.245.82,"Ahmedabad, IN",pm_tok_synthetic_01078,584,1,0,1,1,0,NONE
tx_legit_001899,usr_norm_1382,merch_razorpay_018,553.15,INR,2026-08-16T19:02:55+00:00,dev_fingerprint_0768,192.168.131.192,"Chennai, IN",pm_tok_synthetic_02253,792,1,0,1,1,0,NONE
tx_legit_007754,usr_norm_1113,merch_razorpay_001,270.39,INR,2026-08-16T19:05:02+00:00,dev_fingerprint_0739,192.168.55.131,"Ahmedabad, IN",pm_tok_synthetic_01923,495,1,0,1,2,0,NONE
tx_legit_008849,usr_norm_1894,merch_razorpay_010,340.17,INR,2026-08-16T19:07:29+00:00,dev_fingerprint_1575,192.168.30.140,"Hyderabad, IN",pm_tok_synthetic_00357,554,2,0,1,3,0,NONE
tx_legit_008088,usr_norm_1161,merch_razorpay_016,630.6,INR,2026-08-16T19:07:49+00:00,dev_fingerprint_0014,192.168.153.180,"Pune, IN",pm_tok_synthetic_02140,150,1,0,1,2,0,NONE
tx_legit_000146,usr_norm_1405,merch_razorpay_012,413.26,INR,2026-08-16T19:15:51+00:00,dev_fingerprint_0624,192.168.42.247,"Mumbai, IN",pm_tok_synthetic_00168,356,1,0,1,2,0,NONE
tx_legit_004630,usr_norm_1224,merch_razorpay_037,166.56,INR,2026-08-16T19:19:21+00:00,dev_fingerprint_1176,192.168.98.147,"Ahmedabad, IN",pm_tok_synthetic_01661,532,2,0,1,1,0,NONE
tx_legit_008949,usr_norm_1618,merch_razorpay_003,1422.88,INR,2026-08-16T19:22:40+00:00,dev_fingerprint_0499,192.168.126.28,"Ahmedabad, IN",pm_tok_synthetic_00651,523,3,0,3,1,0,NONE
tx_fraud_000266,usr_fraud_burstB_015,merch_razorpay_026,13751.57,INR,2026-08-16T19:27:04+00:00,dev_fraud_burstB_019,203.0.113.104,"Delhi, IN",pm_tok_burstB_008,18,22,8,1,26,1,SHARED_IP_BURST
tx_legit_002628,usr_norm_1129,merch_razorpay_001,433.05,INR,2026-08-16T19:27:47+00:00,dev_fingerprint_0232,192.168.43.216,"Mumbai, IN",pm_tok_synthetic_01961,520,2,0,1,3,0,NONE
tx_legit_006331,usr_norm_0706,merch_razorpay_047,863.68,INR,2026-08-16T19:40:39+00:00,dev_fingerprint_1200,192.168.3.171,"Hyderabad, IN",pm_tok_synthetic_00307,52,2,0,1,1,0,NONE
tx_legit_005735,usr_norm_0568,merch_razorpay_017,459.11,INR,2026-08-16T19:47:07+00:00,dev_fingerprint_0718,10.0.143.159,"Delhi, IN",pm_tok_synthetic_02499,677,1,0,1,2,0,NONE
tx_legit_007217,usr_norm_0333,merch_razorpay_005,275.84,INR,2026-08-16T19:47:22+00:00,dev_fingerprint_0618,192.168.62.185,"Delhi, IN",pm_tok_synthetic_02346,41,1,0,1,1,0,NONE
tx_legit_005232,usr_norm_1307,merch_razorpay_029,154.5,INR,2026-08-16T19:51:38+00:00,dev_fingerprint_1794,192.168.30.249,"Hyderabad, IN",pm_tok_synthetic_00033,268,2,0,1,1,0,NONE
tx_legit_001122,usr_norm_1279,merch_razorpay_011,334.64,INR,2026-08-16T19:53:29+00:00,dev_fingerprint_0956,192.168.243.218,"Kolkata, IN",pm_tok_synthetic_02214,308,2,0,1,2,0,NONE
tx_legit_006539,usr_norm_1469,merch_razorpay_009,932.55,INR,2026-08-16T20:06:06+00:00,dev_fingerprint_0652,192.168.128.214,"Pune, IN",pm_tok_synthetic_01695,451,1,0,2,1,0,NONE
tx_legit_003317,usr_norm_1276,merch_razorpay_047,1076.34,INR,2026-08-16T20:08:38+00:00,dev_fingerprint_1283,192.168.62.15,"Ahmedabad, IN",pm_tok_synthetic_00537,569,3,0,1,1,0,NONE
tx_legit_004367,usr_norm_1764,merch_razorpay_017,271.07,INR,2026-08-16T20:10:45+00:00,dev_fingerprint_1389,192.168.7.12,"Kolkata, IN",pm_tok_synthetic_01328,153,2,0,1,2,0,NONE
tx_legit_007511,usr_norm_1262,merch_razorpay_022,526.82,INR,2026-08-16T20:13:16+00:00,dev_fingerprint_0146,192.168.68.192,"Kolkata, IN",pm_tok_synthetic_01135,381,1,0,1,1,0,NONE
tx_legit_001893,usr_norm_0948,merch_razorpay_040,227.0,INR,2026-08-16T20:14:04+00:00,dev_fingerprint_1180,192.168.10.117,"Pune, IN",pm_tok_synthetic_02314,259,1,0,1,2,0,NONE
tx_legit_001602,usr_norm_0601,merch_razorpay_037,912.77,INR,2026-08-16T20:15:58+00:00,dev_fingerprint_1432,192.168.214.40,"Kolkata, IN",pm_tok_synthetic_00959,469,1,0,1,1,0,NONE
tx_legit_001165,usr_norm_1078,merch_razorpay_016,250.59,INR,2026-08-16T20:16:49+00:00,dev_fingerprint_1124,192.168.150.243,"Chennai, IN",pm_tok_synthetic_02251,104,1,0,1,1,0,NONE
tx_legit_004423,usr_norm_0593,merch_razorpay_039,822.86,INR,2026-08-16T20:25:58+00:00,dev_fingerprint_0203,10.0.226.201,"Mumbai, IN",pm_tok_synthetic_01882,46,1,0,1,1,0,NONE
tx_legit_000312,usr_norm_1168,merch_razorpay_041,834.4,INR,2026-08-16T20:26:50+00:00,dev_fingerprint_0417,192.168.2.229,"Kolkata, IN",pm_tok_synthetic_02261,832,1,0,3,3,0,NONE
tx_legit_000521,usr_norm_0755,merch_razorpay_001,658.99,INR,2026-08-16T20:31:43+00:00,dev_fingerprint_0372,192.168.31.185,"Kolkata, IN",pm_tok_synthetic_01303,858,1,0,1,1,0,NONE
tx_fraud_000101,usr_fraud_ringA_000,merch_razorpay_036,14644.41,INR,2026-08-16T20:36:26+00:00,dev_fraud_ring_A_2,198.51.100.74,"Mumbai, IN",pm_tok_ringA_010,11,12,2,17,5,1,DEVICE_SHARING_RING
tx_legit_006086,usr_norm_0100,merch_razorpay_042,146.94,INR,2026-08-16T20:36:58+00:00,dev_fingerprint_0703,192.168.121.90,"Ahmedabad, IN",pm_tok_synthetic_00345,546,2,0,1,2,0,NONE
tx_legit_009102,usr_norm_1545,merch_razorpay_045,193.72,INR,2026-08-16T20:37:22+00:00,dev_fingerprint_0242,192.168.246.196,"Kolkata, IN",pm_tok_synthetic_01904,670,2,0,1,1,0,NONE
tx_legit_008513,usr_norm_1599,merch_razorpay_005,538.3,INR,2026-08-16T20:41:35+00:00,dev_fingerprint_0802,192.168.87.205,"Delhi, IN",pm_tok_synthetic_02441,636,1,0,1,1,0,NONE
tx_fraud_000800,usr_fraud_combE_009,merch_razorpay_023,55873.06,INR,2026-08-16T20:46:19+00:00,dev_fraud_combE_1,203.0.113.202,Tor / Proxy Exit Node,pm_tok_combE_2,3,25,9,23,25,1,COMBINED_RING
tx_legit_008250,usr_norm_1300,merch_razorpay_003,134.29,INR,2026-08-16T20:48:23+00:00,dev_fingerprint_0550,192.168.168.177,"Kolkata, IN",pm_tok_synthetic_00770,100,1,0,1,2,0,NONE
tx_fraud_000783,usr_fraud_combE_017,merch_razorpay_003,22420.89,INR,2026-08-16T20:49:40+00:00,dev_fraud_combE_2,203.0.113.203,Tor / Proxy Exit Node,pm_tok_combE_0,2,11,6,20,29,1,COMBINED_RING
tx_legit_003291,usr_norm_1225,merch_razorpay_005,334.44,INR,2026-08-16T20:49:52+00:00,dev_fingerprint_0374,192.168.99.49,"Pune, IN",pm_tok_synthetic_02093,316,1,0,1,3,0,NONE
tx_legit_006852,usr_norm_1462,merch_razorpay_019,344.41,INR,2026-08-16T20:51:36+00:00,dev_fingerprint_1400,192.168.33.129,"Chennai, IN",pm_tok_synthetic_00828,171,1,0,1,1,0,NONE
tx_legit_001842,usr_norm_1011,merch_razorpay_047,255.1,INR,2026-08-16T20:54:27+00:00,dev_fingerprint_0926,192.168.88.29,"Delhi, IN",pm_tok_synthetic_02301,259,1,0,2,2,0,NONE
tx_fraud_000060,usr_fraud_ringA_009,merch_razorpay_027,4231.03,INR,2026-08-16T20:55:59+00:00,dev_fraud_ring_A_1,198.51.100.64,"Delhi, IN",pm_tok_ringA_004,4,9,1,11,3,1,DEVICE_SHARING_RING
tx_legit_009058,usr_norm_0376,merch_razorpay_027,1405.47,INR,2026-08-16T21:01:10+00:00,dev_fingerprint_1440,10.0.243.71,"Kolkata, IN",pm_tok_synthetic_00199,280,1,0,1,2,0,NONE
tx_fraud_000358,usr_fraud_reuseC_017,merch_razorpay_014,12283.27,INR,2026-08-16T21:01:12+00:00,dev_reuseC_019,198.51.100.160,"Hyderabad, IN",pm_tok_stolen_C_005,1,9,0,2,3,1,PAYMENT_REF_REUSE
tx_legit_000558,usr_norm_1582,merch_razorpay_029,296.55,INR,2026-08-16T21:05:05+00:00,dev_fingerprint_1217,192.168.76.6,"Pune, IN",pm_tok_synthetic_00356,371,2,0,1,1,0,NONE
tx_legit_005968,usr_norm_1062,merch_razorpay_018,777.3,INR,2026-08-16T21:05:41+00:00,dev_fingerprint_1404,192.168.64.171,"Pune, IN",pm_tok_synthetic_02484,118,1,0,1,1,0,NONE
tx_legit_001645,usr_norm_1467,merch_razorpay_013,384.71,INR,2026-08-16T21:15:34+00:00,dev_fingerprint_0242,192.168.109.47,"Kolkata, IN",pm_tok_synthetic_01300,889,1,0,1,1,0,NONE
tx_legit_004171,usr_norm_1086,merch_razorpay_042,393.05,INR,2026-08-16T21:22:41+00:00,dev_fingerprint_1158,192.168.116.63,"Ahmedabad, IN",pm_tok_synthetic_01492,857,2,0,1,2,0,NONE
tx_legit_005114,usr_norm_0815,merch_razorpay_046,350.02,INR,2026-08-16T21:23:46+00:00,dev_fingerprint_0704,192.168.191.250,"Pune, IN",pm_tok_synthetic_01683,300,1,0,1,1,0,NONE
tx_legit_003648,usr_norm_0040,merch_razorpay_025,685.33,INR,2026-08-16T21:23:48+00:00,dev_fingerprint_1344,192.168.43.216,"Chennai, IN",pm_tok_synthetic_00918,897,1,0,1,1,0,NONE
tx_fraud_000708,usr_fraud_combE_017,merch_razorpay_015,62985.93,INR,2026-08-16T21:31:25+00:00,dev_fraud_combE_2,203.0.113.203,Tor / Proxy Exit Node,pm_tok_combE_0,2,16,4,24,35,1,COMBINED_RING
tx_legit_000444,usr_norm_1610,merch_razorpay_015,400.44,INR,2026-08-16T21:31:46+00:00,dev_fingerprint_0133,192.168.57.125,"Pune, IN",pm_tok_synthetic_00462,389,1,0,1,1,0,NONE
tx_legit_008676,usr_norm_0030,merch_razorpay_011,292.34,INR,2026-08-16T21:31:59+00:00,dev_fingerprint_0874,192.168.7.46,"Hyderabad, IN",pm_tok_synthetic_01044,413,1,0,1,2,0,NONE
tx_legit_002612,usr_norm_0398,merch_razorpay_028,664.22,INR,2026-08-16T21:35:59+00:00,dev_fingerprint_0390,192.168.69.180,"Delhi, IN",pm_tok_synthetic_01099,416,1,0,1,1,0,NONE
tx_legit_006234,usr_norm_1145,merch_razorpay_013,198.21,INR,2026-08-16T21:37:21+00:00,dev_fingerprint_0774,192.168.168.83,"Mumbai, IN",pm_tok_synthetic_00541,141,1,0,1,1,0,NONE
tx_legit_007653,usr_norm_0760,merch_razorpay_001,1139.39,INR,2026-08-16T21:38:07+00:00,dev_fingerprint_1451,192.168.19.176,"Pune, IN",pm_tok_synthetic_01375,487,1,0,1,1,0,NONE
tx_legit_000778,usr_norm_1579,merch_razorpay_015,157.33,INR,2026-08-16T21:44:39+00:00,dev_fingerprint_0271,192.168.74.109,"Kolkata, IN",pm_tok_synthetic_00149,500,1,0,1,1,0,NONE
tx_legit_001625,usr_norm_0759,merch_razorpay_037,833.41,INR,2026-08-16T21:44:55+00:00,dev_fingerprint_0343,192.168.19.148,"Ahmedabad, IN",pm_tok_synthetic_00363,871,1,0,2,1,0,NONE
tx_legit_004960,usr_norm_1732,merch_razorpay_005,2358.25,INR,2026-08-16T21:50:49+00:00,dev_fingerprint_1813,192.168.59.58,"Pune, IN",pm_tok_synthetic_01602,618,1,0,1,2,0,NONE
tx_legit_005473,usr_norm_1344,merch_razorpay_020,153.49,INR,2026-08-16T21:52:57+00:00,dev_fingerprint_1226,10.0.95.5,"Hyderabad, IN",pm_tok_synthetic_01268,194,1,2,2,1,0,NONE
tx_legit_005900,usr_norm_1550,merch_razorpay_011,507.54,INR,2026-08-16T21:53:12+00:00,dev_fingerprint_0412,192.168.104.242,"Mumbai, IN",pm_tok_synthetic_01153,290,1,0,1,2,0,NONE
tx_legit_002205,usr_norm_1718,merch_razorpay_045,166.17,INR,2026-08-16T21:54:08+00:00,dev_fingerprint_0928,192.168.206.143,"Kolkata, IN",pm_tok_synthetic_00548,817,1,0,1,2,0,NONE
tx_legit_009109,usr_norm_1965,merch_razorpay_041,277.79,INR,2026-08-16T21:58:54+00:00,dev_fingerprint_0712,192.168.99.231,"Hyderabad, IN",pm_tok_synthetic_00657,542,1,0,1,1,0,NONE
tx_legit_000707,usr_norm_1700,merch_razorpay_006,422.22,INR,2026-08-16T22:00:31+00:00,dev_fingerprint_1335,10.0.50.140,"Pune, IN",pm_tok_synthetic_02345,373,1,0,1,3,0,NONE
tx_legit_004037,usr_norm_1686,merch_razorpay_008,294.94,INR,2026-08-16T22:04:52+00:00,dev_fingerprint_1570,192.168.131.127,"Kolkata, IN",pm_tok_synthetic_00594,639,3,0,1,1,0,NONE
tx_legit_007810,usr_norm_1766,merch_razorpay_031,137.04,INR,2026-08-16T22:07:56+00:00,dev_fingerprint_0658,192.168.12.84,"Ahmedabad, IN",pm_tok_synthetic_00873,812,1,0,1,1,0,NONE
tx_legit_003613,usr_norm_0575,merch_razorpay_036,1096.42,INR,2026-08-16T22:10:04+00:00,dev_fingerprint_0195,192.168.169.122,"Delhi, IN",pm_tok_synthetic_01685,90,1,0,1,2,0,NONE
tx_fraud_000210,usr_fraud_burstB_019,merch_razorpay_014,2942.57,INR,2026-08-16T22:15:57+00:00,dev_fraud_burstB_006,203.0.113.105,"Kolkata, IN",pm_tok_burstB_019,25,21,4,2,23,1,SHARED_IP_BURST
tx_legit_008463,usr_norm_0654,merch_razorpay_049,897.37,INR,2026-08-16T22:17:02+00:00,dev_fingerprint_0341,10.0.17.21,"Chennai, IN",pm_tok_synthetic_00644,291,1,0,1,2,0,NONE
tx_legit_001428,usr_norm_1852,merch_razorpay_038,1063.93,INR,2026-08-16T22:18:27+00:00,dev_fingerprint_1091,10.0.73.84,"Bengaluru, IN",pm_tok_synthetic_01197,492,1,0,1,1,0,NONE
tx_legit_000972,usr_norm_1717,merch_razorpay_012,1200.11,INR,2026-08-16T22:20:28+00:00,dev_fingerprint_0956,192.168.62.45,"Ahmedabad, IN",pm_tok_synthetic_00310,684,2,0,2,1,0,NONE
tx_legit_003434,usr_norm_1148,merch_razorpay_040,274.53,INR,2026-08-16T22:29:27+00:00,dev_fingerprint_0197,192.168.26.16,"Hyderabad, IN",pm_tok_synthetic_01949,659,1,0,1,1,0,NONE
tx_legit_001898,usr_norm_1077,merch_razorpay_037,225.21,INR,2026-08-16T22:32:57+00:00,dev_fingerprint_1374,192.168.247.10,"Mumbai, IN",pm_tok_synthetic_02323,85,2,0,1,1,0,NONE
tx_legit_008242,usr_norm_0675,merch_razorpay_009,408.69,INR,2026-08-16T22:34:44+00:00,dev_fingerprint_1892,192.168.96.111,"Delhi, IN",pm_tok_synthetic_00039,373,1,1,1,1,0,NONE
tx_legit_008464,usr_norm_0320,merch_razorpay_000,600.16,INR,2026-08-16T22:41:56+00:00,dev_fingerprint_0686,192.168.142.181,"Mumbai, IN",pm_tok_synthetic_01861,686,1,0,1,1,0,NONE
tx_legit_007051,usr_norm_1373,merch_razorpay_047,209.19,INR,2026-08-16T22:47:47+00:00,dev_fingerprint_0216,192.168.131.192,"Kolkata, IN",pm_tok_synthetic_02361,396,2,0,1,1,0,NONE
tx_legit_001072,usr_norm_0506,merch_razorpay_022,299.97,INR,2026-08-16T22:48:03+00:00,dev_fingerprint_0075,192.168.106.12,"Bengaluru, IN",pm_tok_synthetic_01472,748,2,0,1,3,0,NONE
tx_legit_006711,usr_norm_1919,merch_razorpay_039,219.29,INR,2026-08-16T22:48:26+00:00,dev_fingerprint_1339,192.168.121.75,"Pune, IN",pm_tok_synthetic_01178,457,1,0,1,1,0,NONE
tx_legit_002734,usr_norm_1660,merch_razorpay_036,790.2,INR,2026-08-16T22:59:35+00:00,dev_fingerprint_0841,192.168.138.32,"Hyderabad, IN",pm_tok_synthetic_02237,620,1,0,1,1,0,NONE
tx_legit_003063,usr_norm_0539,merch_razorpay_042,164.2,INR,2026-08-16T23:05:12+00:00,dev_fingerprint_1251,192.168.44.169,"Bengaluru, IN",pm_tok_synthetic_02404,146,1,0,1,1,0,NONE
tx_legit_001010,usr_norm_0019,merch_razorpay_043,978.86,INR,2026-08-16T23:08:31+00:00,dev_fingerprint_1405,10.0.52.191,"Delhi, IN",pm_tok_synthetic_02008,759,1,0,1,1,0,NONE
tx_legit_007185,usr_norm_1056,merch_razorpay_010,406.18,INR,2026-08-16T23:09:05+00:00,dev_fingerprint_0794,192.168.36.39,"Kolkata, IN",pm_tok_synthetic_01656,473,1,0,1,1,0,NONE
tx_legit_006388,usr_norm_0937,merch_razorpay_023,799.33,INR,2026-08-16T23:09:36+00:00,dev_fingerprint_0789,10.0.220.204,"Pune, IN",pm_tok_synthetic_01958,849,1,0,1,1,0,NONE
tx_legit_004040,usr_norm_1327,merch_razorpay_000,741.6,INR,2026-08-16T23:10:22+00:00,dev_fingerprint_0342,192.168.98.99,"Ahmedabad, IN",pm_tok_synthetic_01130,628,1,0,1,1,0,NONE
tx_legit_004551,usr_norm_1096,merch_razorpay_003,993.99,INR,2026-08-16T23:26:48+00:00,dev_fingerprint_0154,10.0.149.254,"Bengaluru, IN",pm_tok_synthetic_00076,899,1,0,1,2,0,NONE
tx_legit_006428,usr_norm_0385,merch_razorpay_040,378.61,INR,2026-08-16T23:28:23+00:00,dev_fingerprint_0358,10.0.233.237,"Pune, IN",pm_tok_synthetic_01749,599,2,0,1,1,0,NONE
tx_legit_004613,usr_norm_0647,merch_razorpay_037,1240.59,INR,2026-08-16T23:29:41+00:00,dev_fingerprint_1071,192.168.120.180,"Ahmedabad, IN",pm_tok_synthetic_01061,200,1,0,1,1,0,NONE
tx_legit_006347,usr_norm_0046,merch_razorpay_032,532.91,INR,2026-08-16T23:40:31+00:00,dev_fingerprint_0369,10.0.110.29,"Pune, IN",pm_tok_synthetic_01265,377,1,0,1,2,0,NONE
tx_legit_007099,usr_norm_1407,merch_razorpay_026,899.61,INR,2026-08-16T23:45:12+00:00,dev_fingerprint_1028,192.168.7.24,"Delhi, IN",pm_tok_synthetic_02275,186,2,0,2,4,0,NONE
tx_legit_002592,usr_norm_0913,merch_razorpay_042,1245.95,INR,2026-08-16T23:51:28+00:00,dev_fingerprint_1065,192.168.184.88,"Hyderabad, IN",pm_tok_synthetic_02480,747,2,0,1,1,0,NONE
tx_legit_001183,usr_norm_0526,merch_razorpay_045,4219.47,INR,2026-08-16T23:56:48+00:00,dev_fingerprint_0336,192.168.150.98,"Bengaluru, IN",pm_tok_synthetic_00999,558,1,0,1,1,0,NONE
tx_legit_008279,usr_norm_1700,merch_razorpay_025,714.99,INR,2026-08-17T00:02:06+00:00,dev_fingerprint_1335,192.168.41.19,"Pune, IN",pm_tok_synthetic_01116,373,1,0,1,1,0,NONE
tx_legit_004826,usr_norm_0860,merch_razorpay_001,574.83,INR,2026-08-17T00:06:23+00:00,dev_fingerprint_1964,192.168.120.180,"Kolkata, IN",pm_tok_synthetic_00984,88,3,1,1,2,0,NONE
tx_legit_001901,usr_norm_0430,merch_razorpay_003,703.45,INR,2026-08-17T00:10:10+00:00,dev_fingerprint_0999,192.168.57.115,"Delhi, IN",pm_tok_synthetic_00027,574,1,0,1,1,0,NONE
tx_legit_001672,usr_norm_1413,merch_razorpay_017,482.25,INR,2026-08-17T00:10:26+00:00,dev_fingerprint_0100,192.168.126.28,"Ahmedabad, IN",pm_tok_synthetic_01635,298,2,0,1,1,0,NONE
tx_legit_005081,usr_norm_1124,merch_razorpay_024,362.58,INR,2026-08-17T00:15:37+00:00,dev_fingerprint_0339,192.168.153.11,"Hyderabad, IN",pm_tok_synthetic_00315,556,2,0,1,2,0,NONE
tx_legit_003397,usr_norm_0400,merch_razorpay_030,357.66,INR,2026-08-17T00:18:02+00:00,dev_fingerprint_0149,192.168.114.207,"Bengaluru, IN",pm_tok_synthetic_02406,771,1,0,1,1,0,NONE
tx_legit_007375,usr_norm_0574,merch_razorpay_014,544.37,INR,2026-08-17T00:18:25+00:00,dev_fingerprint_1545,192.168.142.40,"Delhi, IN",pm_tok_synthetic_02107,725,1,0,1,1,0,NONE
tx_legit_004809,usr_norm_0827,merch_razorpay_035,377.42,INR,2026-08-17T00:21:28+00:00,dev_fingerprint_1322,192.168.203.175,"Chennai, IN",pm_tok_synthetic_00769,482,2,0,1,3,0,NONE
tx_fraud_000100,usr_fraud_ringA_024,merch_razorpay_020,14814.23,INR,2026-08-17T00:22:34+00:00,dev_fraud_ring_A_4,198.51.100.39,"Chennai, IN",pm_tok_ringA_007,11,11,4,18,2,1,DEVICE_SHARING_RING
tx_legit_005118,usr_norm_0326,merch_razorpay_025,1557.92,INR,2026-08-17T00:22:53+00:00,dev_fingerprint_0604,192.168.193.119,"Bengaluru, IN",pm_tok_synthetic_00791,209,1,0,1,1,0,NONE
tx_legit_007238,usr_norm_1501,merch_razorpay_006,926.8,INR,2026-08-17T00:24:45+00:00,dev_fingerprint_1459,192.168.113.9,"Ahmedabad, IN",pm_tok_synthetic_00827,495,1,0,1,1,0,NONE
tx_legit_007882,usr_norm_1556,merch_razorpay_004,1951.51,INR,2026-08-17T00:27:26+00:00,dev_fingerprint_0692,192.168.206.143,"Hyderabad, IN",pm_tok_synthetic_01962,515,2,0,1,1,0,NONE
tx_legit_005348,usr_norm_0908,merch_razorpay_042,311.39,INR,2026-08-17T00:34:06+00:00,dev_fingerprint_1412,192.168.96.196,"Hyderabad, IN",pm_tok_synthetic_01707,484,1,0,1,3,0,NONE
tx_legit_008589,usr_norm_1374,merch_razorpay_047,388.05,INR,2026-08-17T00:35:56+00:00,dev_fingerprint_1381,192.168.53.214,"Bengaluru, IN",pm_tok_synthetic_01749,136,2,0,1,1,0,NONE
tx_legit_002162,usr_norm_1835,merch_razorpay_046,1468.54,INR,2026-08-17T00:46:42+00:00,dev_fingerprint_0607,10.0.65.144,"Pune, IN",pm_tok_synthetic_01105,744,1,0,1,2,0,NONE
tx_legit_007817,usr_norm_1707,merch_razorpay_047,325.54,INR,2026-08-17T01:00:21+00:00,dev_fingerprint_0139,192.168.7.144,"Ahmedabad, IN",pm_tok_synthetic_02203,130,1,0,1,2,0,NONE
tx_legit_002352,usr_norm_1661,merch_razorpay_012,802.15,INR,2026-08-17T01:03:13+00:00,dev_fingerprint_0751,192.168.97.21,"Kolkata, IN",pm_tok_synthetic_00155,611,1,0,1,1,0,NONE
tx_legit_008111,usr_norm_0743,merch_razorpay_024,738.54,INR,2026-08-17T01:08:17+00:00,dev_fingerprint_0290,192.168.211.1,"Hyderabad, IN",pm_tok_synthetic_00454,896,2,0,1,3,0,NONE
tx_fraud_000005,usr_fraud_ringA_004,merch_razorpay_048,5199.98,INR,2026-08-17T01:10:45+00:00,dev_fraud_ring_A_4,198.51.100.44,"Pune, IN",pm_tok_ringA_008,13,7,1,10,4,1,DEVICE_SHARING_RING
tx_fraud_000033,usr_fraud_ringA_007,merch_razorpay_010,15269.87,INR,2026-08-17T01:11:38+00:00,dev_fraud_ring_A_3,198.51.100.40,"Pune, IN",pm_tok_ringA_004,2,11,2,8,3,1,DEVICE_SHARING_RING
tx_legit_000399,usr_norm_0151,merch_razorpay_048,268.07,INR,2026-08-17T01:14:53+00:00,dev_fingerprint_1489,192.168.124.71,"Chennai, IN",pm_tok_synthetic_02161,463,2,0,1,1,0,NONE
tx_legit_000292,usr_norm_1165,merch_razorpay_007,218.79,INR,2026-08-17T01:32:58+00:00,dev_fingerprint_1334,192.168.62.177,"Ahmedabad, IN",pm_tok_synthetic_01038,297,1,0,1,2,0,NONE
tx_legit_001671,usr_norm_1904,merch_razorpay_010,175.95,INR,2026-08-17T01:39:35+00:00,dev_fingerprint_1490,192.168.231.251,"Ahmedabad, IN",pm_tok_synthetic_01736,776,2,0,1,1,0,NONE
tx_legit_001068,usr_norm_1683,merch_razorpay_049,795.81,INR,2026-08-17T01:47:30+00:00,dev_fingerprint_0309,192.168.68.170,"Kolkata, IN",pm_tok_synthetic_01829,408,2,0,1,2,0,NONE
tx_legit_007252,usr_norm_1447,merch_razorpay_031,903.43,INR,2026-08-17T01:50:20+00:00,dev_fingerprint_0937,192.168.212.188,"Bengaluru, IN",pm_tok_synthetic_00088,70,1,0,1,3,0,NONE
tx_legit_009195,usr_norm_1850,merch_razorpay_013,590.13,INR,2026-08-17T01:53:09+00:00,dev_fingerprint_0995,192.168.21.121,"Mumbai, IN",pm_tok_synthetic_02157,879,1,0,1,3,0,NONE
tx_legit_007527,usr_norm_0358,merch_razorpay_031,291.78,INR,2026-08-17T01:55:54+00:00,dev_fingerprint_0149,192.168.26.98,"Delhi, IN",pm_tok_synthetic_01735,382,1,0,1,1,0,NONE
tx_legit_006514,usr_norm_0476,merch_razorpay_010,543.06,INR,2026-08-17T01:57:29+00:00,dev_fingerprint_0597,192.168.2.229,"Kolkata, IN",pm_tok_synthetic_01588,827,2,0,1,1,0,NONE
tx_legit_001658,usr_norm_1393,merch_razorpay_035,214.26,INR,2026-08-17T02:03:37+00:00,dev_fingerprint_0477,192.168.157.252,"Hyderabad, IN",pm_tok_synthetic_01230,124,1,1,1,1,0,NONE
tx_legit_007467,usr_norm_1595,merch_razorpay_016,805.2,INR,2026-08-17T02:04:58+00:00,dev_fingerprint_1255,192.168.161.25,"Ahmedabad, IN",pm_tok_synthetic_01387,583,1,0,1,1,0,NONE
tx_legit_007499,usr_norm_0225,merch_razorpay_000,1955.13,INR,2026-08-17T02:06:25+00:00,dev_fingerprint_1515,10.0.24.193,"Kolkata, IN",pm_tok_synthetic_02125,320,1,0,1,1,0,NONE
tx_legit_002472,usr_norm_0811,merch_razorpay_005,555.65,INR,2026-08-17T02:06:39+00:00,dev_fingerprint_0859,192.168.216.164,"Hyderabad, IN",pm_tok_synthetic_01697,183,1,0,1,1,0,NONE
tx_legit_002591,usr_norm_1481,merch_razorpay_028,1164.9,INR,2026-08-17T02:13:01+00:00,dev_fingerprint_0845,192.168.21.218,"Ahmedabad, IN",pm_tok_synthetic_00830,805,1,0,1,4,0,NONE
tx_legit_004887,usr_norm_1263,merch_razorpay_017,813.47,INR,2026-08-17T02:14:18+00:00,dev_fingerprint_0467,192.168.189.237,"Delhi, IN",pm_tok_synthetic_01297,698,1,0,2,1,0,NONE
tx_legit_003520,usr_norm_1767,merch_razorpay_007,430.18,INR,2026-08-17T02:16:38+00:00,dev_fingerprint_1538,192.168.170.149,"Mumbai, IN",pm_tok_synthetic_00710,373,1,1,1,1,0,NONE
tx_legit_003853,usr_norm_0998,merch_razorpay_040,395.48,INR,2026-08-17T02:22:35+00:00,dev_fingerprint_0707,192.168.248.217,"Kolkata, IN",pm_tok_synthetic_00543,757,2,0,1,1,0,NONE
tx_legit_002273,usr_norm_0947,merch_razorpay_004,146.0,INR,2026-08-17T02:35:27+00:00,dev_fingerprint_0643,192.168.7.144,"Bengaluru, IN",pm_tok_synthetic_02149,815,1,0,1,1,0,NONE
tx_fraud_000707,usr_fraud_combE_016,merch_razorpay_000,15131.57,INR,2026-08-17T02:39:38+00:00,dev_fraud_combE_1,203.0.113.201,Tor / Proxy Exit Node,pm_tok_combE_2,0,25,4,23,34,1,COMBINED_RING
tx_legit_003392,usr_norm_0724,merch_razorpay_020,2067.17,INR,2026-08-17T02:42:19+00:00,dev_fingerprint_0553,192.168.221.28,"Chennai, IN",pm_tok_synthetic_00106,356,1,0,1,2,0,NONE
tx_legit_008479,usr_norm_0179,merch_razorpay_039,536.74,INR,2026-08-17T02:46:20+00:00,dev_fingerprint_0819,192.168.125.32,"Hyderabad, IN",pm_tok_synthetic_01801,425,1,0,1,1,0,NONE
tx_legit_003864,usr_norm_1446,merch_razorpay_042,2656.91,INR,2026-08-17T02:47:30+00:00,dev_fingerprint_0180,192.168.64.224,"Ahmedabad, IN",pm_tok_synthetic_00814,542,1,0,1,2,0,NONE
tx_legit_004859,usr_norm_1022,merch_razorpay_007,276.41,INR,2026-08-17T02:52:26+00:00,dev_fingerprint_1660,192.168.133.93,"Delhi, IN",pm_tok_synthetic_02104,152,1,0,1,1,0,NONE
tx_legit_004976,usr_norm_0107,merch_razorpay_021,416.33,INR,2026-08-17T03:05:08+00:00,dev_fingerprint_0675,192.168.65.249,"Chennai, IN",pm_tok_synthetic_02285,724,1,0,1,1,0,NONE
tx_legit_008544,usr_norm_0254,merch_razorpay_017,724.94,INR,2026-08-17T03:09:49+00:00,dev_fingerprint_1194,192.168.148.49,"Delhi, IN",pm_tok_synthetic_00199,81,1,0,1,1,0,NONE
tx_legit_006631,usr_norm_0809,merch_razorpay_035,723.41,INR,2026-08-17T03:11:57+00:00,dev_fingerprint_0938,192.168.248.58,"Ahmedabad, IN",pm_tok_synthetic_00050,835,1,1,1,3,0,NONE
tx_legit_008978,usr_norm_1468,merch_razorpay_038,742.84,INR,2026-08-17T03:14:41+00:00,dev_fingerprint_0298,192.168.30.249,"Ahmedabad, IN",pm_tok_synthetic_00120,813,1,0,2,2,0,NONE
tx_legit_006537,usr_norm_0357,merch_razorpay_033,411.62,INR,2026-08-17T03:15:02+00:00,dev_fingerprint_0006,10.0.248.210,"Ahmedabad, IN",pm_tok_synthetic_00892,622,2,0,3,1,0,NONE
tx_legit_001827,usr_norm_0870,merch_razorpay_022,2076.56,INR,2026-08-17T03:17:38+00:00,dev_fingerprint_0601,192.168.175.185,"Mumbai, IN",pm_tok_synthetic_01928,161,2,1,1,2,0,NONE
tx_legit_008441,usr_norm_1047,merch_razorpay_023,1440.76,INR,2026-08-17T03:23:06+00:00,dev_fingerprint_0015,192.168.224.4,"Hyderabad, IN",pm_tok_synthetic_00268,245,1,0,2,1,0,NONE
tx_legit_005848,usr_norm_1050,merch_razorpay_048,275.27,INR,2026-08-17T03:41:44+00:00,dev_fingerprint_1101,192.168.192.24,"Chennai, IN",pm_tok_synthetic_01782,692,2,0,1,4,0,NONE
tx_fraud_000054,usr_fraud_ringA_003,merch_razorpay_015,8960.41,INR,2026-08-17T03:44:28+00:00,dev_fraud_ring_A_1,198.51.100.19,"Pune, IN",pm_tok_ringA_007,10,5,3,18,6,1,DEVICE_SHARING_RING
tx_legit_000538,usr_norm_1539,merch_razorpay_027,1428.81,INR,2026-08-17T03:44:41+00:00,dev_fingerprint_0648,192.168.3.171,"Bengaluru, IN",pm_tok_synthetic_02152,618,2,0,1,1,0,NONE
tx_legit_007258,usr_norm_0214,merch_razorpay_024,688.68,INR,2026-08-17T03:46:23+00:00,dev_fingerprint_1641,192.168.77.130,"Bengaluru, IN",pm_tok_synthetic_01914,852,1,0,1,2,0,NONE
tx_legit_006941,usr_norm_0038,merch_razorpay_005,514.72,INR,2026-08-17T03:46:47+00:00,dev_fingerprint_1229,192.168.226.106,"Hyderabad, IN",pm_tok_synthetic_01440,136,1,0,1,2,0,NONE
tx_legit_008769,usr_norm_1121,merch_razorpay_044,264.53,INR,2026-08-17T03:49:55+00:00,dev_fingerprint_0831,10.0.109.4,"Mumbai, IN",pm_tok_synthetic_01413,528,1,0,1,2,0,NONE
tx_legit_006350,usr_norm_1736,merch_razorpay_027,699.59,INR,2026-08-17T03:57:07+00:00,dev_fingerprint_0987,192.168.126.5,"Hyderabad, IN",pm_tok_synthetic_02323,578,2,0,1,1,0,NONE
tx_legit_007910,usr_norm_1141,merch_razorpay_012,260.8,INR,2026-08-17T04:08:21+00:00,dev_fingerprint_1193,192.168.161.184,"Kolkata, IN",pm_tok_synthetic_00744,668,1,0,1,2,0,NONE
tx_legit_001138,usr_norm_0503,merch_razorpay_026,1237.06,INR,2026-08-17T04:12:45+00:00,dev_fingerprint_0772,192.168.102.227,"Bengaluru, IN",pm_tok_synthetic_01839,642,3,0,1,3,0,NONE
tx_legit_007619,usr_norm_1903,merch_razorpay_045,897.68,INR,2026-08-17T04:15:05+00:00,dev_fingerprint_0906,10.0.160.120,"Delhi, IN",pm_tok_synthetic_00097,855,2,0,1,1,0,NONE
tx_legit_005722,usr_norm_1299,merch_razorpay_028,265.12,INR,2026-08-17T04:16:58+00:00,dev_fingerprint_1328,192.168.226.179,"Hyderabad, IN",pm_tok_synthetic_02178,858,1,0,1,1,0,NONE
tx_fraud_000047,usr_fraud_ringA_021,merch_razorpay_031,17934.4,INR,2026-08-17T04:17:33+00:00,dev_fraud_ring_A_4,198.51.100.25,"Hyderabad, IN",pm_tok_ringA_006,3,9,3,10,6,1,DEVICE_SHARING_RING
tx_legit_008490,usr_norm_1387,merch_razorpay_018,960.21,INR,2026-08-17T04:20:48+00:00,dev_fingerprint_0439,192.168.231.74,"Ahmedabad, IN",pm_tok_synthetic_02215,52,1,1,1,1,0,NONE
tx_legit_004607,usr_norm_0920,merch_razorpay_000,1537.4,INR,2026-08-17T04:22:21+00:00,dev_fingerprint_0328,10.0.90.205,"Pune, IN",pm_tok_synthetic_02245,538,2,0,1,2,0,NONE
tx_legit_008144,usr_norm_0979,merch_razorpay_015,1203.06,INR,2026-08-17T04:31:15+00:00,dev_fingerprint_0247,192.168.150.98,"Kolkata, IN",pm_tok_synthetic_01609,250,1,0,1,1,0,NONE
tx_legit_004979,usr_norm_1601,merch_razorpay_001,424.86,INR,2026-08-17T04:33:10+00:00,dev_fingerprint_0728,192.168.226.106,"Pune, IN",pm_tok_synthetic_01361,867,1,0,1,1,0,NONE
tx_fraud_000468,usr_fraud_reuseC_007,merch_razorpay_018,21425.26,INR,2026-08-17T04:33:24+00:00,dev_reuseC_012,198.51.100.185,"Hyderabad, IN",pm_tok_stolen_C_003,1,8,0,3,5,1,PAYMENT_REF_REUSE
tx_fraud_000149,usr_fraud_ringA_023,merch_razorpay_027,11571.67,INR,2026-08-17T04:36:56+00:00,dev_fraud_ring_A_1,198.51.100.10,"Hyderabad, IN",pm_tok_ringA_009,11,10,4,7,4,1,DEVICE_SHARING_RING
tx_legit_003442,usr_norm_0342,merch_razorpay_010,879.79,INR,2026-08-17T04:45:06+00:00,dev_fingerprint_1124,192.168.192.223,"Delhi, IN",pm_tok_synthetic_01928,805,2,0,1,2,0,NONE
tx_legit_006073,usr_norm_0365,merch_razorpay_014,308.51,INR,2026-08-17T04:45:26+00:00,dev_fingerprint_1338,192.168.89.253,"Kolkata, IN",pm_tok_synthetic_01424,151,1,0,1,1,0,NONE
tx_legit_000261,usr_norm_0543,merch_razorpay_013,396.44,INR,2026-08-17T04:50:04+00:00,dev_fingerprint_0241,192.168.102.34,"Delhi, IN",pm_tok_synthetic_01250,149,1,0,1,2,0,NONE
tx_legit_001209,usr_norm_1403,merch_razorpay_025,1170.7,INR,2026-08-17T04:50:05+00:00,dev_fingerprint_1336,192.168.234.150,"Bengaluru, IN",pm_tok_synthetic_02467,41,1,0,1,1,0,NONE
tx_fraud_000113,usr_fraud_ringA_012,merch_razorpay_041,9264.61,INR,2026-08-17T04:55:46+00:00,dev_fraud_ring_A_0,198.51.100.41,"Kolkata, IN",pm_tok_ringA_005,9,5,1,8,6,1,DEVICE_SHARING_RING
tx_legit_008713,usr_norm_1339,merch_razorpay_049,284.77,INR,2026-08-17T04:59:05+00:00,dev_fingerprint_0275,192.168.226.18,"Bengaluru, IN",pm_tok_synthetic_01962,526,1,0,2,3,0,NONE
tx_fraud_000225,usr_fraud_burstB_004,merch_razorpay_033,11414.58,INR,2026-08-17T05:01:04+00:00,dev_fraud_burstB_002,203.0.113.104,"Delhi, IN",pm_tok_burstB_001,18,15,2,4,32,1,SHARED_IP_BURST
tx_legit_005831,usr_norm_1830,merch_razorpay_040,619.86,INR,2026-08-17T05:02:31+00:00,dev_fingerprint_1195,192.168.246.196,"Pune, IN",pm_tok_synthetic_01863,504,1,0,1,3,0,NONE
tx_legit_007897,usr_norm_0902,merch_razorpay_016,98.49,INR,2026-08-17T05:03:11+00:00,dev_fingerprint_1489,192.168.209.18,"Mumbai, IN",pm_tok_synthetic_00865,781,1,0,1,4,0,NONE
tx_legit_002738,usr_norm_0155,merch_razorpay_045,2146.82,INR,2026-08-17T05:04:31+00:00,dev_fingerprint_0227,10.0.193.132,"Bengaluru, IN",pm_tok_synthetic_02047,641,4,0,1,1,0,NONE
tx_legit_008930,usr_norm_1433,merch_razorpay_044,767.04,INR,2026-08-17T05:09:18+00:00,dev_fingerprint_1101,192.168.76.56,"Hyderabad, IN",pm_tok_synthetic_00834,589,1,0,1,1,0,NONE
tx_legit_000265,usr_norm_1408,merch_razorpay_011,161.79,INR,2026-08-17T05:12:04+00:00,dev_fingerprint_0103,192.168.203.161,"Pune, IN",pm_tok_synthetic_01609,486,1,1,2,1,0,NONE
tx_legit_007956,usr_norm_1169,merch_razorpay_031,1860.89,INR,2026-08-17T05:16:09+00:00,dev_fingerprint_1141,192.168.120.236,"Pune, IN",pm_tok_synthetic_00732,409,1,0,1,1,0,NONE
tx_legit_007692,usr_norm_1769,merch_razorpay_032,592.73,INR,2026-08-17T05:19:03+00:00,dev_fingerprint_0850,192.168.207.105,"Chennai, IN",pm_tok_synthetic_01515,596,1,0,1,1,0,NONE
tx_legit_002107,usr_norm_1297,merch_razorpay_043,300.71,INR,2026-08-17T05:22:07+00:00,dev_fingerprint_0864,192.168.126.27,"Pune, IN",pm_tok_synthetic_00981,559,2,0,1,2,0,NONE
tx_legit_002296,usr_norm_0685,merch_razorpay_012,753.96,INR,2026-08-17T05:24:25+00:00,dev_fingerprint_1356,192.168.56.114,"Chennai, IN",pm_tok_synthetic_00535,272,1,0,1,5,0,NONE
tx_legit_001968,usr_norm_1316,merch_razorpay_043,403.86,INR,2026-08-17T05:30:52+00:00,dev_fingerprint_1463,10.0.106.74,"Delhi, IN",pm_tok_synthetic_01576,819,2,0,3,1,0,NONE
tx_legit_001997,usr_norm_1672,merch_razorpay_013,191.86,INR,2026-08-17T05:31:18+00:00,dev_fingerprint_0722,192.168.158.105,"Hyderabad, IN",pm_tok_synthetic_01206,326,2,0,1,2,0,NONE
tx_legit_004461,usr_norm_0980,merch_razorpay_039,1222.46,INR,2026-08-17T05:33:27+00:00,dev_fingerprint_0936,192.168.159.18,"Hyderabad, IN",pm_tok_synthetic_00780,763,1,0,1,1,0,NONE
tx_legit_008819,usr_norm_1911,merch_razorpay_025,783.92,INR,2026-08-17T05:35:12+00:00,dev_fingerprint_0358,192.168.167.70,"Kolkata, IN",pm_tok_synthetic_01892,757,1,0,3,5,0,NONE
tx_legit_002557,usr_norm_1484,merch_razorpay_033,2035.21,INR,2026-08-17T05:38:13+00:00,dev_fingerprint_0505,192.168.253.144,"Delhi, IN",pm_tok_synthetic_01658,824,1,0,1,1,0,NONE
tx_legit_001246,usr_norm_1126,merch_razorpay_014,296.8,INR,2026-08-17T05:50:49+00:00,dev_fingerprint_0382,192.168.232.9,"Pune, IN",pm_tok_synthetic_01483,646,1,2,3,1,0,NONE
tx_legit_005438,usr_norm_1575,merch_razorpay_019,194.35,INR,2026-08-17T05:57:04+00:00,dev_fingerprint_1036,192.168.87.27,"Delhi, IN",pm_tok_synthetic_01976,542,1,0,1,1,0,NONE
tx_legit_006867,usr_norm_0167,merch_razorpay_001,1065.49,INR,2026-08-17T06:00:45+00:00,dev_fingerprint_1191,192.168.133.93,"Mumbai, IN",pm_tok_synthetic_01361,166,1,0,1,1,0,NONE
tx_fraud_000023,usr_fraud_ringA_022,merch_razorpay_046,16281.76,INR,2026-08-17T06:04:06+00:00,dev_fraud_ring_A_4,198.51.100.72,"Chennai, IN",pm_tok_ringA_006,10,4,2,14,2,1,DEVICE_SHARING_RING
tx_legit_001231,usr_norm_0262,merch_razorpay_048,1086.12,INR,2026-08-17T06:08:04+00:00,dev_fingerprint_0591,192.168.102.227,"Pune, IN",pm_tok_synthetic_01582,546,1,0,1,1,0,NONE
tx_legit_006717,usr_norm_1497,merch_razorpay_000,364.53,INR,2026-08-17T06:09:56+00:00,dev_fingerprint_1025,10.0.196.48,"Hyderabad, IN",pm_tok_synthetic_00736,827,1,0,1,1,0,NONE
tx_legit_005742,usr_norm_0597,merch_razorpay_012,213.72,INR,2026-08-17T06:13:42+00:00,dev_fingerprint_0618,192.168.221.85,"Kolkata, IN",pm_tok_synthetic_01122,125,1,0,1,4,0,NONE
tx_legit_002290,usr_norm_1300,merch_razorpay_044,1090.36,INR,2026-08-17T06:14:00+00:00,dev_fingerprint_0550,192.168.168.177,"Kolkata, IN",pm_tok_synthetic_00466,100,1,0,2,2,0,NONE
tx_legit_006516,usr_norm_1002,merch_razorpay_007,138.32,INR,2026-08-17T06:16:01+00:00,dev_fingerprint_0983,10.0.178.66,"Mumbai, IN",pm_tok_synthetic_02337,713,1,0,2,1,0,NONE
tx_legit_004415,usr_norm_0956,merch_razorpay_005,277.49,INR,2026-08-17T06:17:25+00:00,dev_fingerprint_0153,192.168.58.216,"Delhi, IN",pm_tok_synthetic_02013,358,1,0,1,2,0,NONE
tx_fraud_000342,usr_fraud_reuseC_001,merch_razorpay_036,11572.67,INR,2026-08-17T06:24:42+00:00,dev_reuseC_009,198.51.100.177,"Bengaluru, IN",pm_tok_stolen_C_003,2,5,2,5,4,1,PAYMENT_REF_REUSE
tx_legit_008878,usr_norm_1007,merch_razorpay_030,660.43,INR,2026-08-17T06:27:31+00:00,dev_fingerprint_0546,10.0.211.222,"Kolkata, IN",pm_tok_synthetic_00659,323,1,0,1,1,0,NONE
tx_legit_005299,usr_norm_1618,merch_razorpay_006,407.78,INR,2026-08-17T06:28:36+00:00,dev_fingerprint_0499,192.168.126.28,"Pune, IN",pm_tok_synthetic_00651,523,1,0,1,1,0,NONE
tx_legit_000667,usr_norm_0398,merch_razorpay_038,193.75,INR,2026-08-17T06:31:34+00:00,dev_fingerprint_0390,192.168.69.180,"Delhi, IN",pm_tok_synthetic_01099,416,1,0,1,1,0,NONE
tx_fraud_000727,usr_fraud_combE_011,merch_razorpay_016,53927.49,INR,2026-08-17T06:34:08+00:00,dev_fraud_combE_1,203.0.113.201,Tor / Proxy Exit Node,pm_tok_combE_0,4,10,4,16,40,1,COMBINED_RING
tx_legit_005618,usr_norm_1842,merch_razorpay_045,1084.69,INR,2026-08-17T06:35:09+00:00,dev_fingerprint_1327,192.168.199.124,"Hyderabad, IN",pm_tok_synthetic_00274,604,1,0,1,2,0,NONE
tx_legit_004915,usr_norm_0212,merch_razorpay_024,262.89,INR,2026-08-17T06:38:15+00:00,dev_fingerprint_0411,192.168.122.181,"Ahmedabad, IN",pm_tok_synthetic_00568,272,1,2,1,4,0,NONE
tx_legit_003867,usr_norm_0806,merch_razorpay_011,188.06,INR,2026-08-17T06:42:31+00:00,dev_fingerprint_0654,192.168.124.248,"Chennai, IN",pm_tok_synthetic_00274,119,1,0,2,1,0,NONE
tx_fraud_000709,usr_fraud_combE_018,merch_razorpay_046,57431.6,INR,2026-08-17T06:52:16+00:00,dev_fraud_combE_2,203.0.113.203,Tor / Proxy Exit Node,pm_tok_combE_0,7,19,4,22,36,1,COMBINED_RING
tx_fraud_000771,usr_fraud_combE_005,merch_razorpay_014,23571.49,INR,2026-08-17T07:02:50+00:00,dev_fraud_combE_2,203.0.113.202,Tor / Proxy Exit Node,pm_tok_combE_0,2,19,8,23,40,1,COMBINED_RING
tx_fraud_000685,usr_fraud_combE_019,merch_razorpay_030,59104.09,INR,2026-08-17T07:06:54+00:00,dev_fraud_combE_0,203.0.113.201,Tor / Proxy Exit Node,pm_tok_combE_1,3,25,10,13,40,1,COMBINED_RING
tx_fraud_000111,usr_fraud_ringA_010,merch_razorpay_015,10515.4,INR,2026-08-17T07:08:36+00:00,dev_fraud_ring_A_3,198.51.100.30,"Delhi, IN",pm_tok_ringA_006,12,7,1,12,4,1,DEVICE_SHARING_RING
tx_legit_003761,usr_norm_0572,merch_razorpay_023,1052.31,INR,2026-08-17T07:25:38+00:00,dev_fingerprint_0575,192.168.191.141,"Hyderabad, IN",pm_tok_synthetic_02206,202,2,0,1,1,0,NONE
tx_legit_000007,usr_norm_0045,merch_razorpay_006,112.36,INR,2026-08-17T07:25:49+00:00,dev_fingerprint_1693,192.168.173.68,"Ahmedabad, IN",pm_tok_synthetic_01095,59,1,0,1,1,0,NONE
tx_fraud_000323,usr_fraud_reuseC_002,merch_razorpay_014,13952.3,INR,2026-08-17T07:28:17+00:00,dev_reuseC_012,198.51.100.106,"Pune, IN",pm_tok_stolen_C_005,0,3,1,3,5,1,PAYMENT_REF_REUSE
tx_fraud_000633,usr_fraud_anomD_152,merch_razorpay_005,49909.82,INR,2026-08-17T07:29:00+00:00,dev_anomD_152,192.0.2.21,Unknown / VPN Node,pm_tok_anomD_152,5,11,6,2,4,1,BEHAVIORAL_ANOMALY
tx_legit_008934,usr_norm_0342,merch_razorpay_018,85.3,INR,2026-08-17T07:29:24+00:00,dev_fingerprint_1124,10.0.194.182,"Bengaluru, IN",pm_tok_synthetic_01928,805,1,0,1,1,0,NONE
tx_fraud_000711,usr_fraud_combE_020,merch_razorpay_034,32751.7,INR,2026-08-17T07:30:35+00:00,dev_fraud_combE_2,203.0.113.203,Tor / Proxy Exit Node,pm_tok_combE_0,0,30,9,25,32,1,COMBINED_RING
tx_legit_004001,usr_norm_0717,merch_razorpay_042,367.51,INR,2026-08-17T07:35:26+00:00,dev_fingerprint_0981,192.168.143.57,"Pune, IN",pm_tok_synthetic_00359,316,3,0,1,1,0,NONE
tx_legit_007464,usr_norm_1548,merch_razorpay_009,336.03,INR,2026-08-17T07:41:36+00:00,dev_fingerprint_0683,192.168.156.252,"Kolkata, IN",pm_tok_synthetic_02295,855,1,0,1,2,0,NONE
tx_legit_008841,usr_norm_0886,merch_razorpay_024,1136.5,INR,2026-08-17T07:44:42+00:00,dev_fingerprint_0560,192.168.184.125,"Chennai, IN",pm_tok_synthetic_00690,620,1,0,1,1,0,NONE
tx_legit_001337,usr_norm_1032,merch_razorpay_045,1826.31,INR,2026-08-17T07:46:33+00:00,dev_fingerprint_1034,192.168.19.132,"Hyderabad, IN",pm_tok_synthetic_01703,586,1,0,2,1,0,NONE
tx_legit_005975,usr_norm_1819,merch_razorpay_014,398.26,INR,2026-08-17T07:51:53+00:00,dev_fingerprint_1211,192.168.243.10,"Bengaluru, IN",pm_tok_synthetic_00610,617,1,0,1,1,0,NONE
tx_legit_008438,usr_norm_0967,merch_razorpay_031,551.41,INR,2026-08-17T07:59:43+00:00,dev_fingerprint_1151,192.168.179.246,"Delhi, IN",pm_tok_synthetic_01868,379,1,0,1,4,0,NONE
tx_legit_005541,usr_norm_0402,merch_razorpay_044,424.86,INR,2026-08-17T08:01:03+00:00,dev_fingerprint_0427,192.168.92.148,"Hyderabad, IN",pm_tok_synthetic_01363,340,1,0,1,2,0,NONE
tx_legit_008864,usr_norm_0526,merch_razorpay_037,946.49,INR,2026-08-17T08:02:19+00:00,dev_fingerprint_0336,192.168.150.98,"Delhi, IN",pm_tok_synthetic_00999,558,1,0,3,1,0,NONE
tx_legit_004595,usr_norm_1210,merch_razorpay_037,405.7,INR,2026-08-17T08:09:38+00:00,dev_fingerprint_0723,10.0.72.171,"Ahmedabad, IN",pm_tok_synthetic_02194,39,1,0,1,1,0,NONE
tx_legit_001302,usr_norm_0752,merch_razorpay_009,990.33,INR,2026-08-17T08:13:41+00:00,dev_fingerprint_0628,10.0.22.22,"Chennai, IN",pm_tok_synthetic_01206,160,2,0,1,1,0,NONE
tx_legit_007587,usr_norm_0171,merch_razorpay_002,564.42,INR,2026-08-17T08:17:26+00:00,dev_fingerprint_0276,192.168.216.197,"Chennai, IN",pm_tok_synthetic_01874,67,1,0,1,2,0,NONE
tx_legit_007077,usr_norm_1151,merch_razorpay_039,295.2,INR,2026-08-17T08:21:02+00:00,dev_fingerprint_0266,192.168.45.52,"Pune, IN",pm_tok_synthetic_02471,582,2,0,1,3,0,NONE
tx_legit_000907,usr_norm_0096,merch_razorpay_017,419.86,INR,2026-08-17T08:22:12+00:00,dev_fingerprint_1188,192.168.46.188,"Kolkata, IN",pm_tok_synthetic_00168,490,1,0,1,1,0,NONE
tx_legit_004908,usr_norm_0809,merch_razorpay_000,363.26,INR,2026-08-17T08:24:03+00:00,dev_fingerprint_1993,192.168.248.58,"Pune, IN",pm_tok_synthetic_02034,835,1,0,1,1,0,NONE
tx_fraud_000135,usr_fraud_ringA_009,merch_razorpay_035,3186.03,INR,2026-08-17T08:26:09+00:00,dev_fraud_ring_A_4,198.51.100.79,"Kolkata, IN",pm_tok_ringA_003,4,12,4,15,4,1,DEVICE_SHARING_RING
tx_legit_002339,usr_norm_1429,merch_razorpay_002,130.69,INR,2026-08-17T08:30:38+00:00,dev_fingerprint_0111,192.168.193.240,"Pune, IN",pm_tok_synthetic_00604,882,1,2,1,1,0,NONE
tx_legit_001048,usr_norm_0318,merch_razorpay_027,369.86,INR,2026-08-17T08:35:12+00:00,dev_fingerprint_0592,192.168.176.200,"Bengaluru, IN",pm_tok_synthetic_00153,39,1,0,2,1,0,NONE
tx_legit_006451,usr_norm_0264,merch_razorpay_018,1413.91,INR,2026-08-17T08:42:59+00:00,dev_fingerprint_1276,192.168.69.212,"Hyderabad, IN",pm_tok_synthetic_00486,161,1,0,1,1,0,NONE
tx_legit_001679,usr_norm_1941,merch_razorpay_011,191.32,INR,2026-08-17T08:49:06+00:00,dev_fingerprint_1955,10.0.5.48,"Delhi, IN",pm_tok_synthetic_02061,256,1,0,1,2,0,NONE
tx_legit_006220,usr_norm_0966,merch_razorpay_001,890.81,INR,2026-08-17T08:51:39+00:00,dev_fingerprint_1237,192.168.177.95,"Pune, IN",pm_tok_synthetic_01247,550,1,1,1,1,0,NONE
tx_legit_007742,usr_norm_1610,merch_razorpay_019,969.04,INR,2026-08-17T08:52:22+00:00,dev_fingerprint_0133,192.168.57.125,"Kolkata, IN",pm_tok_synthetic_00462,389,1,0,1,2,0,NONE
tx_legit_004548,usr_norm_1657,merch_razorpay_044,451.41,INR,2026-08-17T08:55:01+00:00,dev_fingerprint_0727,192.168.61.104,"Ahmedabad, IN",pm_tok_synthetic_00761,464,1,0,1,1,0,NONE
tx_legit_000562,usr_norm_1634,merch_razorpay_046,607.62,INR,2026-08-17T09:04:01+00:00,dev_fingerprint_1183,192.168.74.61,"Chennai, IN",pm_tok_synthetic_00801,240,1,0,1,1,0,NONE
tx_legit_001700,usr_norm_1260,merch_razorpay_017,504.52,INR,2026-08-17T09:06:36+00:00,dev_fingerprint_1311,192.168.37.105,"Mumbai, IN",pm_tok_synthetic_01381,461,1,0,1,2,0,NONE
tx_fraud_000267,usr_fraud_burstB_016,merch_razorpay_029,3180.72,INR,2026-08-17T09:07:41+00:00,dev_fraud_burstB_003,203.0.113.104,"Delhi, IN",pm_tok_burstB_006,16,12,3,1,28,1,SHARED_IP_BURST
tx_legit_001972,usr_norm_0000,merch_razorpay_021,168.97,INR,2026-08-17T09:08:24+00:00,dev_fingerprint_1584,192.168.41.1,"Kolkata, IN",pm_tok_synthetic_00868,687,1,0,1,2,0,NONE
tx_legit_002632,usr_norm_0920,merch_razorpay_006,1266.5,INR,2026-08-17T09:10:43+00:00,dev_fingerprint_0328,10.0.56.214,"Chennai, IN",pm_tok_synthetic_02245,538,2,0,1,2,0,NONE
tx_legit_000668,usr_norm_1527,merch_razorpay_026,1438.1,INR,2026-08-17T09:12:23+00:00,dev_fingerprint_1376,192.168.142.181,"Mumbai, IN",pm_tok_synthetic_02436,616,1,1,1,4,0,NONE
tx_legit_000879,usr_norm_1469,merch_razorpay_046,410.32,INR,2026-08-17T09:15:19+00:00,dev_fingerprint_0652,10.0.162.221,"Pune, IN",pm_tok_synthetic_01695,451,1,0,2,1,0,NONE
tx_legit_001564,usr_norm_0404,merch_razorpay_029,371.08,INR,2026-08-17T09:17:02+00:00,dev_fingerprint_0240,192.168.205.62,"Ahmedabad, IN",pm_tok_synthetic_01961,278,2,0,2,1,0,NONE
tx_legit_001752,usr_norm_1499,merch_razorpay_033,247.7,INR,2026-08-17T09:24:29+00:00,dev_fingerprint_0805,192.168.2.229,"Pune, IN",pm_tok_synthetic_01324,491,1,0,3,1,0,NONE
tx_legit_005840,usr_norm_0259,merch_razorpay_010,362.36,INR,2026-08-17T09:33:17+00:00,dev_fingerprint_0749,192.168.99.49,"Ahmedabad, IN",pm_tok_synthetic_01651,404,1,0,1,3,0,NONE
tx_legit_007164,usr_norm_0027,merch_razorpay_009,538.36,INR,2026-08-17T09:35:30+00:00,dev_fingerprint_0440,10.0.2.201,"Mumbai, IN",pm_tok_synthetic_01849,263,2,0,1,1,0,NONE
tx_legit_003335,usr_norm_1875,merch_razorpay_008,818.45,INR,2026-08-17T09:37:15+00:00,dev_fingerprint_1176,10.0.25.74,"Hyderabad, IN",pm_tok_synthetic_01805,296,1,0,1,1,0,NONE
tx_legit_000342,usr_norm_1071,merch_razorpay_049,319.74,INR,2026-08-17T09:38:43+00:00,dev_fingerprint_1221,192.168.132.170,"Ahmedabad, IN",pm_tok_synthetic_02200,590,2,0,1,1,0,NONE
tx_legit_002652,usr_norm_0639,merch_razorpay_007,412.59,INR,2026-08-17T09:42:46+00:00,dev_fingerprint_0318,192.168.78.218,"Ahmedabad, IN",pm_tok_synthetic_01338,430,1,0,1,1,0,NONE
tx_legit_001149,usr_norm_1401,merch_razorpay_034,265.9,INR,2026-08-17T09:44:08+00:00,dev_fingerprint_1821,10.0.191.6,"Mumbai, IN",pm_tok_synthetic_01778,456,1,1,1,1,0,NONE
tx_legit_007568,usr_norm_0818,merch_razorpay_007,736.3,INR,2026-08-17T09:45:54+00:00,dev_fingerprint_0564,192.168.63.252,"Delhi, IN",pm_tok_synthetic_00589,663,1,0,3,2,0,NONE
tx_legit_001811,usr_norm_1871,merch_razorpay_027,321.79,INR,2026-08-17T09:49:57+00:00,dev_fingerprint_1266,192.168.203.102,"Bengaluru, IN",pm_tok_synthetic_00658,758,1,0,1,2,0,NONE
tx_fraud_000588,usr_fraud_anomD_107,merch_razorpay_008,80284.17,INR,2026-08-17T09:50:48+00:00,dev_anomD_107,192.0.2.249,Unknown / VPN Node,pm_tok_anomD_107,6,7,4,3,3,1,BEHAVIORAL_ANOMALY
tx_legit_005362,usr_norm_1811,merch_razorpay_049,104.75,INR,2026-08-17T09:55:16+00:00,dev_fingerprint_0604,192.168.31.191,"Mumbai, IN",pm_tok_synthetic_01998,838,1,0,1,1,0,NONE
tx_legit_001518,usr_norm_1853,merch_razorpay_028,499.55,INR,2026-08-17T09:56:49+00:00,dev_fingerprint_1271,192.168.185.231,"Hyderabad, IN",pm_tok_synthetic_00268,222,1,0,1,2,0,NONE
tx_legit_003282,usr_norm_0157,merch_razorpay_011,683.89,INR,2026-08-17T10:05:27+00:00,dev_fingerprint_0495,192.168.42.85,"Bengaluru, IN",pm_tok_synthetic_00588,328,3,0,1,2,0,NONE
tx_legit_003943,usr_norm_0626,merch_razorpay_016,294.68,INR,2026-08-17T10:05:33+00:00,dev_fingerprint_1699,10.0.207.169,"Ahmedabad, IN",pm_tok_synthetic_02432,102,1,0,1,1,0,NONE
tx_legit_006157,usr_norm_0169,merch_razorpay_027,1140.23,INR,2026-08-17T10:07:59+00:00,dev_fingerprint_1316,192.168.173.168,"Chennai, IN",pm_tok_synthetic_01903,742,1,0,1,1,0,NONE
tx_legit_007007,usr_norm_0561,merch_razorpay_027,333.8,INR,2026-08-17T10:08:00+00:00,dev_fingerprint_0548,192.168.73.186,"Ahmedabad, IN",pm_tok_synthetic_02224,873,1,0,1,1,0,NONE
tx_legit_004652,usr_norm_0459,merch_razorpay_020,505.92,INR,2026-08-17T10:08:34+00:00,dev_fingerprint_1239,192.168.71.198,"Ahmedabad, IN",pm_tok_synthetic_02439,436,1,0,1,1,0,NONE
tx_legit_007573,usr_norm_1206,merch_razorpay_020,439.58,INR,2026-08-17T10:11:23+00:00,dev_fingerprint_0943,192.168.149.94,"Chennai, IN",pm_tok_synthetic_02403,58,1,0,1,1,0,NONE
tx_legit_006258,usr_norm_1694,merch_razorpay_002,1045.34,INR,2026-08-17T10:11:37+00:00,dev_fingerprint_0777,192.168.203.79,"Mumbai, IN",pm_tok_synthetic_01597,515,1,0,1,2,0,NONE
tx_legit_003117,usr_norm_0952,merch_razorpay_026,532.08,INR,2026-08-17T10:16:03+00:00,dev_fingerprint_0708,192.168.105.116,"Mumbai, IN",pm_tok_synthetic_01576,182,1,0,2,4,0,NONE
tx_legit_002350,usr_norm_1118,merch_razorpay_047,1616.86,INR,2026-08-17T10:17:09+00:00,dev_fingerprint_1338,192.168.158.146,"Chennai, IN",pm_tok_synthetic_01496,631,1,0,1,1,0,NONE
tx_legit_003416,usr_norm_1432,merch_razorpay_041,495.93,INR,2026-08-17T10:20:31+00:00,dev_fingerprint_0046,192.168.50.103,"Mumbai, IN",pm_tok_synthetic_00856,787,1,0,1,1,0,NONE
tx_legit_004485,usr_norm_0224,merch_razorpay_010,367.85,INR,2026-08-17T10:29:38+00:00,dev_fingerprint_1590,192.168.172.125,"Ahmedabad, IN",pm_tok_synthetic_01321,756,1,0,1,1,0,NONE
tx_legit_007148,usr_norm_0361,merch_razorpay_020,579.55,INR,2026-08-17T10:33:54+00:00,dev_fingerprint_0587,10.0.95.232,"Chennai, IN",pm_tok_synthetic_00737,817,2,0,1,1,0,NONE
tx_legit_004837,usr_norm_1249,merch_razorpay_035,723.64,INR,2026-08-17T10:34:25+00:00,dev_fingerprint_0441,10.0.14.15,"Chennai, IN",pm_tok_synthetic_01041,517,2,0,1,1,0,NONE
tx_legit_002370,usr_norm_0014,merch_razorpay_044,262.56,INR,2026-08-17T10:39:03+00:00,dev_fingerprint_1215,192.168.196.46,"Mumbai, IN",pm_tok_synthetic_01851,545,1,0,1,1,0,NONE
tx_legit_004820,usr_norm_0656,merch_razorpay_037,87.21,INR,2026-08-17T10:45:11+00:00,dev_fingerprint_1633,192.168.96.196,"Hyderabad, IN",pm_tok_synthetic_00935,788,1,0,1,2,0,NONE
tx_legit_000857,usr_norm_0637,merch_razorpay_043,345.43,INR,2026-08-17T10:46:18+00:00,dev_fingerprint_1864,192.168.109.213,"Kolkata, IN",pm_tok_synthetic_00342,347,2,0,1,4,0,NONE
tx_legit_004507,usr_norm_0476,merch_razorpay_022,285.11,INR,2026-08-17T10:47:03+00:00,dev_fingerprint_0597,10.0.92.35,"Pune, IN",pm_tok_synthetic_01588,827,3,0,1,1,0,NONE
tx_legit_006072,usr_norm_0074,merch_razorpay_041,317.14,INR,2026-08-17T10:47:57+00:00,dev_fingerprint_1412,192.168.186.173,"Pune, IN",pm_tok_synthetic_01482,120,2,0,1,1,0,NONE
tx_legit_007578,usr_norm_1205,merch_razorpay_004,853.32,INR,2026-08-17T10:52:08+00:00,dev_fingerprint_0695,10.0.243.242,"Bengaluru, IN",pm_tok_synthetic_01879,727,2,0,1,4,0,NONE
tx_fraud_000393,usr_fraud_reuseC_012,merch_razorpay_042,19408.34,INR,2026-08-17T10:54:46+00:00,dev_reuseC_008,198.51.100.121,"Hyderabad, IN",pm_tok_stolen_C_003,1,3,3,3,4,1,PAYMENT_REF_REUSE
tx_fraud_000635,usr_fraud_anomD_154,merch_razorpay_005,77227.62,INR,2026-08-17T10:57:05+00:00,dev_anomD_154,192.0.2.163,Unknown / VPN Node,pm_tok_anomD_154,7,8,5,2,1,1,BEHAVIORAL_ANOMALY
tx_legit_000070,usr_norm_0919,merch_razorpay_039,126.79,INR,2026-08-17T10:57:40+00:00,dev_fingerprint_0733,192.168.173.211,"Kolkata, IN",pm_tok_synthetic_01678,332,1,1,2,2,0,NONE
tx_legit_002233,usr_norm_1183,merch_razorpay_008,889.11,INR,2026-08-17T10:57:56+00:00,dev_fingerprint_1257,192.168.26.243,"Chennai, IN",pm_tok_synthetic_01472,323,1,0,2,2,0,NONE
tx_legit_005179,usr_norm_0062,merch_razorpay_001,493.26,INR,2026-08-17T11:02:48+00:00,dev_fingerprint_0015,192.168.201.117,"Bengaluru, IN",pm_tok_synthetic_01234,246,1,0,1,4,0,NONE
tx_fraud_000232,usr_fraud_burstB_011,merch_razorpay_008,3887.03,INR,2026-08-17T11:06:53+00:00,dev_fraud_burstB_003,203.0.113.104,"Chennai, IN",pm_tok_burstB_010,5,12,7,2,33,1,SHARED_IP_BURST
tx_legit_007503,usr_norm_0083,merch_razorpay_041,366.53,INR,2026-08-17T11:15:28+00:00,dev_fingerprint_0355,192.168.31.185,"Ahmedabad, IN",pm_tok_synthetic_00626,808,1,0,1,1,0,NONE
tx_legit_004157,usr_norm_0808,merch_razorpay_008,1863.66,INR,2026-08-17T11:22:31+00:00,dev_fingerprint_0667,192.168.174.140,"Hyderabad, IN",pm_tok_synthetic_01131,562,1,0,1,1,0,NONE
tx_legit_006517,usr_norm_1220,merch_razorpay_044,520.04,INR,2026-08-17T11:28:41+00:00,dev_fingerprint_0218,192.168.236.1,"Delhi, IN",pm_tok_synthetic_00321,722,2,0,2,1,0,NONE
tx_legit_004123,usr_norm_1917,merch_razorpay_003,1078.46,INR,2026-08-17T11:30:04+00:00,dev_fingerprint_0054,192.168.82.191,"Bengaluru, IN",pm_tok_synthetic_00010,187,1,0,1,1,0,NONE
tx_fraud_000006,usr_fraud_ringA_005,merch_razorpay_019,13871.34,INR,2026-08-17T11:39:10+00:00,dev_fraud_ring_A_0,198.51.100.42,"Mumbai, IN",pm_tok_ringA_002,7,9,3,16,2,1,DEVICE_SHARING_RING
tx_legit_001722,usr_norm_1331,merch_razorpay_031,222.16,INR,2026-08-17T11:43:44+00:00,dev_fingerprint_0183,192.168.68.34,"Mumbai, IN",pm_tok_synthetic_00645,541,1,0,1,1,0,NONE
tx_legit_000496,usr_norm_1906,merch_razorpay_001,1699.31,INR,2026-08-17T11:52:06+00:00,dev_fingerprint_0176,192.168.183.80,"Ahmedabad, IN",pm_tok_synthetic_00851,340,4,0,1,1,0,NONE
tx_legit_008558,usr_norm_1165,merch_razorpay_001,270.33,INR,2026-08-17T11:55:51+00:00,dev_fingerprint_1334,192.168.62.177,"Delhi, IN",pm_tok_synthetic_01038,297,1,0,2,1,0,NONE
tx_legit_000073,usr_norm_1186,merch_razorpay_025,422.08,INR,2026-08-17T12:04:41+00:00,dev_fingerprint_0021,192.168.1.253,"Mumbai, IN",pm_tok_synthetic_02122,322,1,0,2,1,0,NONE
tx_legit_001676,usr_norm_0054,merch_razorpay_044,309.94,INR,2026-08-17T12:15:22+00:00,dev_fingerprint_0318,192.168.232.9,"Pune, IN",pm_tok_synthetic_00203,720,1,0,2,1,0,NONE
tx_legit_006558,usr_norm_1082,merch_razorpay_034,1587.06,INR,2026-08-17T12:18:29+00:00,dev_fingerprint_1342,192.168.240.67,"Delhi, IN",pm_tok_synthetic_00585,321,1,0,1,1,0,NONE
tx_legit_004158,usr_norm_0178,merch_razorpay_011,582.92,INR,2026-08-17T12:21:29+00:00,dev_fingerprint_0254,192.168.247.10,"Kolkata, IN",pm_tok_synthetic_01507,477,2,0,1,4,0,NONE
tx_legit_008011,usr_norm_1890,merch_razorpay_048,557.07,INR,2026-08-17T12:22:04+00:00,dev_fingerprint_0731,10.0.254.7,"Bengaluru, IN",pm_tok_synthetic_01336,86,3,0,1,1,0,NONE
tx_legit_007216,usr_norm_0402,merch_razorpay_048,216.51,INR,2026-08-17T12:42:53+00:00,dev_fingerprint_0427,192.168.92.148,"Hyderabad, IN",pm_tok_synthetic_01363,340,1,0,1,1,0,NONE
tx_legit_004877,usr_norm_0878,merch_razorpay_005,636.82,INR,2026-08-17T12:56:27+00:00,dev_fingerprint_0398,192.168.65.214,"Pune, IN",pm_tok_synthetic_01520,727,1,0,1,1,0,NONE
tx_legit_000290,usr_norm_0896,merch_razorpay_027,902.55,INR,2026-08-17T12:57:26+00:00,dev_fingerprint_1205,192.168.159.192,"Hyderabad, IN",pm_tok_synthetic_00684,96,1,0,2,2,0,NONE
tx_legit_008788,usr_norm_0590,merch_razorpay_015,376.45,INR,2026-08-17T12:58:16+00:00,dev_fingerprint_0580,192.168.103.174,"Chennai, IN",pm_tok_synthetic_02241,621,1,0,1,1,0,NONE
tx_fraud_000209,usr_fraud_burstB_018,merch_razorpay_027,13976.6,INR,2026-08-17T12:59:57+00:00,dev_fraud_burstB_002,203.0.113.102,"Chennai, IN",pm_tok_burstB_008,10,16,2,4,27,1,SHARED_IP_BURST
tx_legit_003334,usr_norm_1589,merch_razorpay_006,591.42,INR,2026-08-17T13:13:29+00:00,dev_fingerprint_0305,192.168.232.9,"Pune, IN",pm_tok_synthetic_01120,147,1,0,1,1,0,NONE
tx_legit_009155,usr_norm_0248,merch_razorpay_017,276.52,INR,2026-08-17T13:25:08+00:00,dev_fingerprint_1260,192.168.46.206,"Bengaluru, IN",pm_tok_synthetic_01016,193,1,0,1,2,0,NONE
tx_legit_003252,usr_norm_0234,merch_razorpay_007,310.12,INR,2026-08-17T13:26:22+00:00,dev_fingerprint_1333,192.168.40.49,"Chennai, IN",pm_tok_synthetic_02343,456,1,0,1,3,0,NONE
tx_legit_008311,usr_norm_1545,merch_razorpay_049,868.15,INR,2026-08-17T13:29:36+00:00,dev_fingerprint_0242,192.168.246.196,"Bengaluru, IN",pm_tok_synthetic_01904,670,1,0,1,2,0,NONE
tx_legit_004808,usr_norm_1678,merch_razorpay_040,355.81,INR,2026-08-17T13:34:22+00:00,dev_fingerprint_0992,192.168.103.93,"Chennai, IN",pm_tok_synthetic_00519,547,1,0,1,1,0,NONE
tx_legit_007801,usr_norm_1266,merch_razorpay_029,278.38,INR,2026-08-17T13:36:33+00:00,dev_fingerprint_0743,192.168.182.41,"Ahmedabad, IN",pm_tok_synthetic_02404,563,1,0,1,1,0,NONE
tx_legit_008360,usr_norm_0384,merch_razorpay_029,571.56,INR,2026-08-17T13:36:44+00:00,dev_fingerprint_0563,192.168.143.57,"Kolkata, IN",pm_tok_synthetic_02280,635,1,0,1,1,0,NONE
tx_legit_004346,usr_norm_0863,merch_razorpay_019,609.69,INR,2026-08-17T13:37:25+00:00,dev_fingerprint_1018,192.168.79.94,"Kolkata, IN",pm_tok_synthetic_01062,458,1,0,1,1,0,NONE
tx_legit_007520,usr_norm_1366,merch_razorpay_033,368.33,INR,2026-08-17T13:37:36+00:00,dev_fingerprint_1853,192.168.98.70,"Bengaluru, IN",pm_tok_synthetic_00156,571,2,0,2,4,0,NONE
tx_legit_008988,usr_norm_1853,merch_razorpay_039,71.5,INR,2026-08-17T13:39:06+00:00,dev_fingerprint_1271,192.168.185.231,"Hyderabad, IN",pm_tok_synthetic_00268,222,1,0,1,1,0,NONE
tx_legit_006636,usr_norm_1967,merch_razorpay_038,707.53,INR,2026-08-17T13:41:23+00:00,dev_fingerprint_1167,192.168.69.17,"Kolkata, IN",pm_tok_synthetic_00405,869,1,0,1,1,0,NONE
tx_legit_006775,usr_norm_0377,merch_razorpay_020,556.05,INR,2026-08-17T13:43:44+00:00,dev_fingerprint_0090,192.168.7.12,"Hyderabad, IN",pm_tok_synthetic_01797,269,1,2,1,3,0,NONE
tx_legit_001882,usr_norm_0539,merch_razorpay_017,514.27,INR,2026-08-17T13:45:08+00:00,dev_fingerprint_1251,10.0.115.221,"Ahmedabad, IN",pm_tok_synthetic_02404,146,1,0,1,2,0,NONE
tx_legit_003260,usr_norm_0924,merch_razorpay_026,774.55,INR,2026-08-17T13:55:59+00:00,dev_fingerprint_1175,192.168.221.117,"Bengaluru, IN",pm_tok_synthetic_02023,182,1,0,1,1,0,NONE
tx_legit_000317,usr_norm_0256,merch_razorpay_037,916.78,INR,2026-08-17T13:57:35+00:00,dev_fingerprint_1625,192.168.68.202,"Delhi, IN",pm_tok_synthetic_01927,322,1,0,1,4,0,NONE
tx_legit_006301,usr_norm_1376,merch_razorpay_025,669.51,INR,2026-08-17T13:58:32+00:00,dev_fingerprint_0822,192.168.244.90,"Hyderabad, IN",pm_tok_synthetic_01382,703,2,0,3,2,0,NONE
tx_legit_005298,usr_norm_0230,merch_razorpay_013,321.71,INR,2026-08-17T14:00:06+00:00,dev_fingerprint_1189,192.168.57.2,"Pune, IN",pm_tok_synthetic_00701,704,1,0,1,3,0,NONE
tx_legit_005440,usr_norm_1214,merch_razorpay_025,347.12,INR,2026-08-17T14:03:57+00:00,dev_fingerprint_0975,192.168.189.237,"Pune, IN",pm_tok_synthetic_01448,253,1,0,1,1,0,NONE
tx_legit_006573,usr_norm_1447,merch_razorpay_010,1315.22,INR,2026-08-17T14:15:03+00:00,dev_fingerprint_0937,192.168.212.188,"Chennai, IN",pm_tok_synthetic_00088,70,1,0,2,2,0,NONE
tx_legit_005947,usr_norm_0671,merch_razorpay_009,514.72,INR,2026-08-17T14:16:32+00:00,dev_fingerprint_1211,192.168.16.102,"Delhi, IN",pm_tok_synthetic_02020,821,2,0,1,2,0,NONE
tx_legit_005577,usr_norm_0486,merch_razorpay_035,439.09,INR,2026-08-17T14:21:37+00:00,dev_fingerprint_0277,192.168.227.224,"Bengaluru, IN",pm_tok_synthetic_00027,435,1,0,1,2,0,NONE
tx_fraud_000782,usr_fraud_combE_016,merch_razorpay_030,32967.71,INR,2026-08-17T14:25:56+00:00,dev_fraud_combE_2,203.0.113.202,Tor / Proxy Exit Node,pm_tok_combE_0,6,19,8,14,15,1,COMBINED_RING
tx_legit_007491,usr_norm_1032,merch_razorpay_010,639.41,INR,2026-08-17T14:27:58+00:00,dev_fingerprint_1034,192.168.19.132,"Delhi, IN",pm_tok_synthetic_01703,586,1,0,1,1,0,NONE
tx_legit_002172,usr_norm_1904,merch_razorpay_026,340.68,INR,2026-08-17T14:32:17+00:00,dev_fingerprint_1490,192.168.231.251,"Ahmedabad, IN",pm_tok_synthetic_01736,776,2,0,1,1,0,NONE
tx_legit_001595,usr_norm_0537,merch_razorpay_018,262.96,INR,2026-08-17T14:34:37+00:00,dev_fingerprint_0233,192.168.170.27,"Pune, IN",pm_tok_synthetic_02004,570,1,2,1,2,0,NONE
tx_fraud_000767,usr_fraud_combE_001,merch_razorpay_018,22702.81,INR,2026-08-17T14:36:42+00:00,dev_fraud_combE_2,203.0.113.201,Tor / Proxy Exit Node,pm_tok_combE_2,2,29,4,23,36,1,COMBINED_RING
tx_legit_008535,usr_norm_1814,merch_razorpay_003,134.71,INR,2026-08-17T14:37:09+00:00,dev_fingerprint_0843,192.168.174.140,"Chennai, IN",pm_tok_synthetic_02137,530,1,0,3,3,0,NONE
tx_legit_000813,usr_norm_0289,merch_razorpay_036,603.83,INR,2026-08-17T14:39:29+00:00,dev_fingerprint_0424,10.0.128.213,"Mumbai, IN",pm_tok_synthetic_01331,708,1,1,1,1,0,NONE
tx_legit_002057,usr_norm_0102,merch_razorpay_014,470.56,INR,2026-08-17T14:47:46+00:00,dev_fingerprint_1449,192.168.122.116,"Delhi, IN",pm_tok_synthetic_01799,566,2,0,1,3,0,NONE
tx_legit_000438,usr_norm_0381,merch_razorpay_035,889.36,INR,2026-08-17T14:53:44+00:00,dev_fingerprint_1224,192.168.130.69,"Ahmedabad, IN",pm_tok_synthetic_01313,272,2,0,1,1,0,NONE
tx_legit_008113,usr_norm_0608,merch_razorpay_033,496.01,INR,2026-08-17T14:54:10+00:00,dev_fingerprint_0468,192.168.111.202,"Ahmedabad, IN",pm_tok_synthetic_00365,778,1,0,2,1,0,NONE
tx_legit_009042,usr_norm_1633,merch_razorpay_013,723.13,INR,2026-08-17T15:01:20+00:00,dev_fingerprint_1088,192.168.214.95,"Kolkata, IN",pm_tok_synthetic_01597,660,1,0,1,1,0,NONE
tx_legit_001304,usr_norm_1546,merch_razorpay_035,1011.9,INR,2026-08-17T15:02:22+00:00,dev_fingerprint_1865,192.168.114.195,"Hyderabad, IN",pm_tok_synthetic_00849,848,1,0,1,1,0,NONE
tx_legit_000130,usr_norm_1557,merch_razorpay_018,145.73,INR,2026-08-17T15:18:27+00:00,dev_fingerprint_0072,192.168.159.58,"Mumbai, IN",pm_tok_synthetic_00556,523,1,0,2,2,0,NONE
tx_legit_000588,usr_norm_0988,merch_razorpay_010,121.35,INR,2026-08-17T15:19:03+00:00,dev_fingerprint_1184,192.168.120.222,"Ahmedabad, IN",pm_tok_synthetic_00525,136,1,1,2,4,0,NONE
tx_legit_004432,usr_norm_1174,merch_razorpay_003,208.9,INR,2026-08-17T15:19:06+00:00,dev_fingerprint_1432,192.168.138.35,"Mumbai, IN",pm_tok_synthetic_00662,132,2,1,1,3,0,NONE
tx_legit_003395,usr_norm_0724,merch_razorpay_030,215.09,INR,2026-08-17T15:27:15+00:00,dev_fingerprint_0553,192.168.221.28,"Hyderabad, IN",pm_tok_synthetic_00106,356,1,0,1,2,0,NONE
tx_fraud_000478,usr_fraud_reuseC_017,merch_razorpay_022,13796.6,INR,2026-08-17T15:31:12+00:00,dev_reuseC_014,198.51.100.124,"Hyderabad, IN",pm_tok_stolen_C_004,5,9,2,2,4,1,PAYMENT_REF_REUSE
tx_fraud_000602,usr_fraud_anomD_121,merch_razorpay_020,58589.21,INR,2026-08-17T15:37:44+00:00,dev_anomD_121,192.0.2.95,Unknown / VPN Node,pm_tok_anomD_121,8,13,6,1,4,1,BEHAVIORAL_ANOMALY
tx_legit_005465,usr_norm_0126,merch_razorpay_031,440.62,INR,2026-08-17T15:38:51+00:00,dev_fingerprint_0896,10.0.212.146,"Chennai, IN",pm_tok_synthetic_01682,403,2,0,1,1,0,NONE
tx_legit_009159,usr_norm_1541,merch_razorpay_046,872.15,INR,2026-08-17T15:53:14+00:00,dev_fingerprint_1152,192.168.195.226,"Delhi, IN",pm_tok_synthetic_02128,776,1,0,2,2,0,NONE
tx_legit_000465,usr_norm_0679,merch_razorpay_024,375.69,INR,2026-08-17T15:58:05+00:00,dev_fingerprint_0122,10.0.147.180,"Kolkata, IN",pm_tok_synthetic_00583,758,1,0,1,1,0,NONE
tx_legit_005281,usr_norm_1307,merch_razorpay_027,1227.98,INR,2026-08-17T16:02:54+00:00,dev_fingerprint_0897,192.168.30.249,"Delhi, IN",pm_tok_synthetic_00033,268,1,0,1,2,0,NONE
tx_legit_008765,usr_norm_1957,merch_razorpay_014,294.61,INR,2026-08-17T16:06:14+00:00,dev_fingerprint_0067,192.168.234.208,"Bengaluru, IN",pm_tok_synthetic_02103,637,1,0,2,1,0,NONE
tx_legit_007791,usr_norm_0900,merch_razorpay_041,357.35,INR,2026-08-17T16:11:59+00:00,dev_fingerprint_1732,192.168.185.241,"Hyderabad, IN",pm_tok_synthetic_00771,198,1,0,1,1,0,NONE
tx_legit_003398,usr_norm_1020,merch_razorpay_046,885.56,INR,2026-08-17T16:15:35+00:00,dev_fingerprint_1484,192.168.56.114,"Delhi, IN",pm_tok_synthetic_00792,331,1,0,1,2,0,NONE
tx_legit_004511,usr_norm_0412,merch_razorpay_027,558.8,INR,2026-08-17T16:16:08+00:00,dev_fingerprint_0640,10.0.177.207,"Hyderabad, IN",pm_tok_synthetic_02234,606,2,0,1,3,0,NONE
tx_legit_000001,usr_norm_1064,merch_razorpay_042,485.0,INR,2026-08-17T16:20:28+00:00,dev_fingerprint_0809,192.168.228.195,"Ahmedabad, IN",pm_tok_synthetic_00126,515,2,0,1,2,0,NONE
tx_legit_003530,usr_norm_0493,merch_razorpay_025,118.4,INR,2026-08-17T16:23:39+00:00,dev_fingerprint_1423,192.168.123.30,"Kolkata, IN",pm_tok_synthetic_02011,619,3,1,1,2,0,NONE
tx_fraud_000715,usr_fraud_combE_024,merch_razorpay_000,36175.44,INR,2026-08-17T16:25:57+00:00,dev_fraud_combE_0,203.0.113.202,Tor / Proxy Exit Node,pm_tok_combE_1,0,16,10,20,28,1,COMBINED_RING
tx_legit_002182,usr_norm_1829,merch_razorpay_047,442.66,INR,2026-08-17T16:27:13+00:00,dev_fingerprint_0940,192.168.41.19,"Hyderabad, IN",pm_tok_synthetic_02336,795,2,0,2,2,0,NONE
tx_legit_006762,usr_norm_1608,merch_razorpay_001,330.87,INR,2026-08-17T16:33:08+00:00,dev_fingerprint_1718,10.0.139.168,"Mumbai, IN",pm_tok_synthetic_01353,837,1,0,1,1,0,NONE
tx_legit_004348,usr_norm_0366,merch_razorpay_031,376.1,INR,2026-08-17T16:34:41+00:00,dev_fingerprint_1916,192.168.176.154,"Chennai, IN",pm_tok_synthetic_01197,571,2,0,2,1,0,NONE
tx_legit_000048,usr_norm_1820,merch_razorpay_022,359.55,INR,2026-08-17T16:36:40+00:00,dev_fingerprint_0010,192.168.109.57,"Ahmedabad, IN",pm_tok_synthetic_00181,71,1,0,1,2,0,NONE
tx_legit_003479,usr_norm_1193,merch_razorpay_032,348.61,INR,2026-08-17T16:41:21+00:00,dev_fingerprint_0410,192.168.66.197,"Ahmedabad, IN",pm_tok_synthetic_00062,784,1,0,1,2,0,NONE
tx_legit_002445,usr_norm_0494,merch_razorpay_008,1132.43,INR,2026-08-17T16:49:43+00:00,dev_fingerprint_1594,192.168.210.236,"Pune, IN",pm_tok_synthetic_01540,317,3,0,1,1,0,NONE
tx_legit_004370,usr_norm_1479,merch_razorpay_014,94.21,INR,2026-08-17T16:51:47+00:00,dev_fingerprint_0335,192.168.4.249,"Kolkata, IN",pm_tok_synthetic_00926,63,1,0,1,1,0,NONE
tx_legit_002232,usr_norm_0888,merch_razorpay_020,191.01,INR,2026-08-17T16:54:30+00:00,dev_fingerprint_1258,192.168.213.233,"Kolkata, IN",pm_tok_synthetic_01758,443,1,0,2,2,0,NONE
tx_legit_007338,usr_norm_1865,merch_razorpay_025,659.66,INR,2026-08-17T16:57:10+00:00,dev_fingerprint_1215,192.168.121.75,"Ahmedabad, IN",pm_tok_synthetic_02171,892,1,0,1,1,0,NONE
tx_legit_005604,usr_norm_0027,merch_razorpay_008,159.75,INR,2026-08-17T16:58:00+00:00,dev_fingerprint_0440,192.168.229.114,"Delhi, IN",pm_tok_synthetic_01849,263,1,0,1,3,0,NONE
tx_fraud_000319,usr_fraud_burstB_008,merch_razorpay_012,2456.59,INR,2026-08-17T16:59:55+00:00,dev_fraud_burstB_023,203.0.113.102,"Delhi, IN",pm_tok_burstB_003,29,15,6,3,35,1,SHARED_IP_BURST
tx_legit_006553,usr_norm_1830,merch_razorpay_015,182.45,INR,2026-08-17T17:01:39+00:00,dev_fingerprint_1195,192.168.246.196,"Hyderabad, IN",pm_tok_synthetic_01863,504,1,0,1,1,0,NONE
tx_fraud_000257,usr_fraud_burstB_006,merch_razorpay_003,11900.83,INR,2026-08-17T17:04:58+00:00,dev_fraud_burstB_027,203.0.113.105,"Chennai, IN",pm_tok_burstB_006,9,12,7,4,26,1,SHARED_IP_BURST
tx_legit_007082,usr_norm_0991,merch_razorpay_047,662.29,INR,2026-08-17T17:05:56+00:00,dev_fingerprint_1247,192.168.247.20,"Chennai, IN",pm_tok_synthetic_01016,310,1,0,1,1,0,NONE
tx_legit_000687,usr_norm_0119,merch_razorpay_025,820.45,INR,2026-08-17T17:25:49+00:00,dev_fingerprint_0995,192.168.139.215,"Kolkata, IN",pm_tok_synthetic_00927,170,1,0,1,1,0,NONE
tx_legit_002774,usr_norm_0309,merch_razorpay_005,784.94,INR,2026-08-17T17:27:09+00:00,dev_fingerprint_1395,192.168.107.88,"Pune, IN",pm_tok_synthetic_00563,35,1,0,1,2,0,NONE
tx_legit_002619,usr_norm_1247,merch_razorpay_003,332.4,INR,2026-08-17T17:32:02+00:00,dev_fingerprint_0513,10.0.105.228,"Mumbai, IN",pm_tok_synthetic_02325,78,1,0,1,1,0,NONE
tx_legit_007382,usr_norm_1079,merch_razorpay_015,529.52,INR,2026-08-17T17:35:17+00:00,dev_fingerprint_0595,192.168.60.237,"Pune, IN",pm_tok_synthetic_00275,286,1,0,1,1,0,NONE
tx_legit_000689,usr_norm_0406,merch_razorpay_020,672.78,INR,2026-08-17T17:39:09+00:00,dev_fingerprint_0490,192.168.118.182,"Pune, IN",pm_tok_synthetic_01317,824,2,0,1,3,0,NONE
tx_legit_005051,usr_norm_1518,merch_razorpay_011,764.41,INR,2026-08-17T17:47:36+00:00,dev_fingerprint_0839,192.168.197.200,"Hyderabad, IN",pm_tok_synthetic_02042,645,1,0,1,1,0,NONE
tx_legit_002200,usr_norm_0020,merch_razorpay_011,293.79,INR,2026-08-17T17:59:46+00:00,dev_fingerprint_0908,10.0.126.157,"Chennai, IN",pm_tok_synthetic_00330,359,1,0,1,2,0,NONE
tx_fraud_000766,usr_fraud_combE_000,merch_razorpay_045,42874.21,INR,2026-08-17T18:01:02+00:00,dev_fraud_combE_1,203.0.113.203,Tor / Proxy Exit Node,pm_tok_combE_2,6,15,7,24,15,1,COMBINED_RING
tx_fraud_000647,usr_fraud_combE_006,merch_razorpay_020,37132.86,INR,2026-08-17T18:06:40+00:00,dev_fraud_combE_1,203.0.113.202,Tor / Proxy Exit Node,pm_tok_combE_1,6,11,7,11,28,1,COMBINED_RING
tx_legit_000739,usr_norm_1719,merch_razorpay_000,898.51,INR,2026-08-17T18:13:56+00:00,dev_fingerprint_0874,192.168.139.127,"Hyderabad, IN",pm_tok_synthetic_01324,293,1,0,1,1,0,NONE
tx_fraud_000447,usr_fraud_reuseC_006,merch_razorpay_014,9282.15,INR,2026-08-17T18:16:23+00:00,dev_reuseC_024,198.51.100.100,"Ahmedabad, IN",pm_tok_stolen_C_002,1,6,1,3,4,1,PAYMENT_REF_REUSE
tx_legit_003135,usr_norm_1729,merch_razorpay_016,337.06,INR,2026-08-17T18:17:33+00:00,dev_fingerprint_0513,10.0.37.235,"Mumbai, IN",pm_tok_synthetic_01826,49,1,1,1,3,0,NONE
tx_fraud_000436,usr_fraud_reuseC_015,merch_razorpay_012,20653.48,INR,2026-08-17T18:21:45+00:00,dev_reuseC_019,198.51.100.174,"Mumbai, IN",pm_tok_stolen_C_004,2,3,0,5,2,1,PAYMENT_REF_REUSE
tx_legit_004990,usr_norm_0739,merch_razorpay_012,652.21,INR,2026-08-17T18:24:23+00:00,dev_fingerprint_1078,192.168.8.100,"Mumbai, IN",pm_tok_synthetic_00002,369,1,0,1,2,0,NONE
tx_legit_004472,usr_norm_0951,merch_razorpay_000,881.37,INR,2026-08-17T18:24:31+00:00,dev_fingerprint_1533,192.168.30.249,"Kolkata, IN",pm_tok_synthetic_01018,523,1,1,1,1,0,NONE
tx_legit_008322,usr_norm_1595,merch_razorpay_020,438.53,INR,2026-08-17T18:25:15+00:00,dev_fingerprint_1255,192.168.161.25,"Ahmedabad, IN",pm_tok_synthetic_01387,583,1,0,2,1,0,NONE
tx_legit_005935,usr_norm_1216,merch_razorpay_030,566.82,INR,2026-08-17T18:30:44+00:00,dev_fingerprint_1399,192.168.150.98,"Chennai, IN",pm_tok_synthetic_00778,540,1,0,1,1,0,NONE
tx_legit_005927,usr_norm_0796,merch_razorpay_002,651.4,INR,2026-08-17T18:41:03+00:00,dev_fingerprint_0792,192.168.137.98,"Pune, IN",pm_tok_synthetic_02140,458,1,0,1,3,0,NONE
tx_legit_005808,usr_norm_0148,merch_razorpay_034,403.77,INR,2026-08-17T18:41:09+00:00,dev_fingerprint_1444,192.168.219.229,"Chennai, IN",pm_tok_synthetic_01837,660,1,0,1,1,0,NONE
tx_legit_004138,usr_norm_0733,merch_razorpay_005,1319.0,INR,2026-08-17T18:44:44+00:00,dev_fingerprint_1428,192.168.185.241,"Ahmedabad, IN",pm_tok_synthetic_02423,58,3,0,2,2,0,NONE
tx_fraud_000213,usr_fraud_burstB_022,merch_razorpay_048,4258.84,INR,2026-08-17T18:45:41+00:00,dev_fraud_burstB_017,203.0.113.104,"Hyderabad, IN",pm_tok_burstB_018,13,13,3,1,27,1,SHARED_IP_BURST
tx_fraud_000050,usr_fraud_ringA_024,merch_razorpay_044,15667.01,INR,2026-08-17T18:47:53+00:00,dev_fraud_ring_A_1,198.51.100.88,"Chennai, IN",pm_tok_ringA_005,6,6,3,10,3,1,DEVICE_SHARING_RING
tx_legit_000665,usr_norm_0540,merch_razorpay_046,703.18,INR,2026-08-17T18:52:39+00:00,dev_fingerprint_0712,192.168.99.231,"Kolkata, IN",pm_tok_synthetic_01875,662,1,0,1,1,0,NONE
tx_legit_004508,usr_norm_0333,merch_razorpay_022,1809.86,INR,2026-08-17T19:02:51+00:00,dev_fingerprint_0618,192.168.62.185,"Kolkata, IN",pm_tok_synthetic_02346,41,3,0,1,1,0,NONE
tx_legit_002251,usr_norm_0950,merch_razorpay_010,601.05,INR,2026-08-17T19:11:07+00:00,dev_fingerprint_1071,192.168.120.177,"Hyderabad, IN",pm_tok_synthetic_00390,473,1,0,1,1,0,NONE
tx_fraud_000004,usr_fraud_ringA_003,merch_razorpay_004,4066.92,INR,2026-08-17T19:14:17+00:00,dev_fraud_ring_A_1,198.51.100.76,"Hyderabad, IN",pm_tok_ringA_009,9,9,2,8,4,1,DEVICE_SHARING_RING
tx_legit_006416,usr_norm_1097,merch_razorpay_040,213.78,INR,2026-08-17T19:24:44+00:00,dev_fingerprint_1038,192.168.14.65,"Mumbai, IN",pm_tok_synthetic_00127,862,1,0,1,3,0,NONE
tx_legit_004299,usr_norm_1845,merch_razorpay_007,1038.51,INR,2026-08-17T19:31:21+00:00,dev_fingerprint_1329,10.0.250.100,"Delhi, IN",pm_tok_synthetic_02376,749,3,0,1,1,0,NONE
tx_legit_002009,usr_norm_1973,merch_razorpay_035,147.79,INR,2026-08-17T19:32:41+00:00,dev_fingerprint_1207,192.168.72.119,"Chennai, IN",pm_tok_synthetic_01800,719,1,0,1,2,0,NONE
tx_legit_002665,usr_norm_0414,merch_razorpay_005,895.1,INR,2026-08-17T19:37:04+00:00,dev_fingerprint_0534,192.168.40.112,"Ahmedabad, IN",pm_tok_synthetic_02392,623,1,0,1,2,0,NONE
tx_legit_003854,usr_norm_1423,merch_razorpay_039,192.46,INR,2026-08-17T19:39:28+00:00,dev_fingerprint_0705,10.0.137.221,"Delhi, IN",pm_tok_synthetic_00099,818,1,0,1,1,0,NONE
tx_legit_006458,usr_norm_0516,merch_razorpay_007,673.13,INR,2026-08-17T19:41:15+00:00,dev_fingerprint_1391,10.0.246.153,"Delhi, IN",pm_tok_synthetic_02049,184,2,0,3,4,0,NONE
tx_legit_005912,usr_norm_1569,merch_razorpay_028,526.56,INR,2026-08-17T19:43:38+00:00,dev_fingerprint_0064,10.0.103.122,"Kolkata, IN",pm_tok_synthetic_01695,118,2,0,1,2,0,NONE
tx_legit_000108,usr_norm_1237,merch_razorpay_016,774.03,INR,2026-08-17T19:51:21+00:00,dev_fingerprint_1937,192.168.40.49,"Mumbai, IN",pm_tok_synthetic_01716,747,2,0,1,1,0,NONE
tx_legit_008750,usr_norm_0156,merch_razorpay_049,194.77,INR,2026-08-17T19:53:29+00:00,dev_fingerprint_1097,10.0.140.102,"Hyderabad, IN",pm_tok_synthetic_02110,618,1,0,2,2,0,NONE
tx_legit_002304,usr_norm_0917,merch_razorpay_007,1206.01,INR,2026-08-17T19:57:13+00:00,dev_fingerprint_0406,192.168.124.71,"Delhi, IN",pm_tok_synthetic_00818,826,1,0,1,1,0,NONE
tx_legit_001577,usr_norm_0366,merch_razorpay_001,286.36,INR,2026-08-17T20:05:55+00:00,dev_fingerprint_0365,192.168.176.154,"Pune, IN",pm_tok_synthetic_01609,571,1,1,1,1,0,NONE
tx_legit_001057,usr_norm_1211,merch_razorpay_049,772.8,INR,2026-08-17T20:06:47+00:00,dev_fingerprint_1435,192.168.224.26,"Pune, IN",pm_tok_synthetic_01078,284,2,0,2,2,0,NONE
tx_legit_007353,usr_norm_0155,merch_razorpay_047,404.38,INR,2026-08-17T20:10:40+00:00,dev_fingerprint_0227,10.0.201.137,"Chennai, IN",pm_tok_synthetic_02047,641,1,0,1,2,0,NONE
tx_legit_008130,usr_norm_1659,merch_razorpay_042,300.49,INR,2026-08-17T20:13:19+00:00,dev_fingerprint_1496,192.168.184.81,"Kolkata, IN",pm_tok_synthetic_02055,305,1,0,1,1,0,NONE
tx_legit_004532,usr_norm_1694,merch_razorpay_000,341.79,INR,2026-08-17T20:16:02+00:00,dev_fingerprint_0777,192.168.203.79,"Mumbai, IN",pm_tok_synthetic_01597,515,1,0,1,1,0,NONE
tx_legit_006393,usr_norm_0580,merch_razorpay_014,131.76,INR,2026-08-17T20:22:17+00:00,dev_fingerprint_1182,192.168.241.221,"Mumbai, IN",pm_tok_synthetic_00448,672,1,1,1,1,0,NONE
tx_legit_005633,usr_norm_0911,merch_razorpay_011,281.31,INR,2026-08-17T20:22:51+00:00,dev_fingerprint_1423,192.168.236.74,"Pune, IN",pm_tok_synthetic_00038,338,4,1,1,1,0,NONE
tx_legit_006144,usr_norm_1762,merch_razorpay_012,106.82,INR,2026-08-17T20:28:14+00:00,dev_fingerprint_1018,192.168.142.136,"Pune, IN",pm_tok_synthetic_00903,94,1,0,1,1,0,NONE
tx_fraud_000166,usr_fraud_burstB_005,merch_razorpay_036,12622.64,INR,2026-08-17T20:30:26+00:00,dev_fraud_burstB_013,203.0.113.105,"Mumbai, IN",pm_tok_burstB_012,28,9,8,2,34,1,SHARED_IP_BURST
tx_legit_003843,usr_norm_1367,merch_razorpay_019,447.88,INR,2026-08-17T20:35:23+00:00,dev_fingerprint_0083,192.168.14.49,"Pune, IN",pm_tok_synthetic_00288,884,3,0,1,2,0,NONE
tx_fraud_000092,usr_fraud_ringA_016,merch_razorpay_036,12282.4,INR,2026-08-17T20:35:51+00:00,dev_fraud_ring_A_0,198.51.100.89,"Hyderabad, IN",pm_tok_ringA_008,13,8,3,16,5,1,DEVICE_SHARING_RING
tx_legit_002629,usr_norm_1601,merch_razorpay_030,507.07,INR,2026-08-17T20:37:57+00:00,dev_fingerprint_0728,192.168.226.106,"Delhi, IN",pm_tok_synthetic_01361,867,1,0,1,3,0,NONE
tx_legit_003083,usr_norm_1719,merch_razorpay_021,491.24,INR,2026-08-17T20:46:41+00:00,dev_fingerprint_0874,192.168.139.127,"Bengaluru, IN",pm_tok_synthetic_01324,293,1,0,1,2,0,NONE
tx_legit_006687,usr_norm_1654,merch_razorpay_045,386.45,INR,2026-08-17T20:48:52+00:00,dev_fingerprint_1424,192.168.31.191,"Pune, IN",pm_tok_synthetic_01743,668,3,0,1,2,0,NONE
tx_legit_007722,usr_norm_1148,merch_razorpay_039,228.34,INR,2026-08-17T20:50:32+00:00,dev_fingerprint_1513,192.168.26.16,"Mumbai, IN",pm_tok_synthetic_01949,659,2,0,1,1,0,NONE
tx_legit_003054,usr_norm_0336,merch_razorpay_013,281.55,INR,2026-08-17T21:00:24+00:00,dev_fingerprint_0628,192.168.19.132,"Hyderabad, IN",pm_tok_synthetic_01660,732,1,0,2,4,0,NONE
tx_legit_002993,usr_norm_1378,merch_razorpay_004,498.58,INR,2026-08-17T21:01:50+00:00,dev_fingerprint_0721,192.168.34.202,"Ahmedabad, IN",pm_tok_synthetic_01290,593,1,0,1,2,0,NONE
tx_legit_002116,usr_norm_0500,merch_razorpay_011,804.74,INR,2026-08-17T21:04:51+00:00,dev_fingerprint_0837,192.168.203.161,"Mumbai, IN",pm_tok_synthetic_02045,172,1,0,2,1,0,NONE
tx_fraud_000746,usr_fraud_combE_005,merch_razorpay_005,15259.96,INR,2026-08-17T21:06:06+00:00,dev_fraud_combE_1,203.0.113.203,Tor / Proxy Exit Node,pm_tok_combE_2,2,10,9,11,22,1,COMBINED_RING
tx_legit_002292,usr_norm_1142,merch_razorpay_021,217.59,INR,2026-08-17T21:11:37+00:00,dev_fingerprint_1350,10.0.144.99,"Pune, IN",pm_tok_synthetic_01083,201,1,2,1,4,0,NONE
tx_legit_007304,usr_norm_1616,merch_razorpay_042,535.15,INR,2026-08-17T21:12:40+00:00,dev_fingerprint_0618,192.168.152.177,"Hyderabad, IN",pm_tok_synthetic_01888,440,1,0,1,1,0,NONE
tx_fraud_000014,usr_fraud_ringA_013,merch_razorpay_016,17858.58,INR,2026-08-17T21:15:46+00:00,dev_fraud_ring_A_3,198.51.100.23,"Kolkata, IN",pm_tok_ringA_006,13,7,1,15,4,1,DEVICE_SHARING_RING
tx_legit_005946,usr_norm_0731,merch_razorpay_033,944.41,INR,2026-08-17T21:17:42+00:00,dev_fingerprint_0795,192.168.182.112,"Kolkata, IN",pm_tok_synthetic_00711,210,1,0,1,1,0,NONE
tx_fraud_000159,usr_fraud_ringA_008,merch_razorpay_027,6571.97,INR,2026-08-17T21:22:27+00:00,dev_fraud_ring_A_4,198.51.100.12,"Ahmedabad, IN",pm_tok_ringA_001,7,5,1,17,5,1,DEVICE_SHARING_RING
tx_legit_008602,usr_norm_1839,merch_razorpay_018,693.87,INR,2026-08-17T21:26:55+00:00,dev_fingerprint_1381,192.168.171.236,"Delhi, IN",pm_tok_synthetic_00211,143,1,0,1,2,0,NONE
tx_fraud_000226,usr_fraud_burstB_005,merch_razorpay_045,4202.51,INR,2026-08-17T21:27:43+00:00,dev_fraud_burstB_006,203.0.113.104,"Bengaluru, IN",pm_tok_burstB_016,13,22,8,3,18,1,SHARED_IP_BURST
tx_legit_003635,usr_norm_0034,merch_razorpay_036,203.95,INR,2026-08-17T21:28:02+00:00,dev_fingerprint_0266,192.168.167.70,"Bengaluru, IN",pm_tok_synthetic_00245,630,1,0,2,1,0,NONE
tx_legit_004989,usr_norm_0348,merch_razorpay_034,366.97,INR,2026-08-17T21:29:30+00:00,dev_fingerprint_0414,192.168.84.47,"Delhi, IN",pm_tok_synthetic_02198,183,1,0,1,1,0,NONE
tx_legit_002657,usr_norm_1028,merch_razorpay_008,317.69,INR,2026-08-17T21:30:57+00:00,dev_fingerprint_0104,192.168.211.1,"Hyderabad, IN",pm_tok_synthetic_01233,532,1,0,2,1,0,NONE
tx_legit_008812,usr_norm_0618,merch_razorpay_031,173.0,INR,2026-08-17T21:39:04+00:00,dev_fingerprint_0879,192.168.86.201,"Pune, IN",pm_tok_synthetic_00572,283,1,0,1,1,0,NONE
tx_fraud_000025,usr_fraud_ringA_024,merch_razorpay_005,7513.87,INR,2026-08-17T21:39:47+00:00,dev_fraud_ring_A_2,198.51.100.19,"Hyderabad, IN",pm_tok_ringA_005,13,9,1,15,2,1,DEVICE_SHARING_RING
tx_fraud_000221,usr_fraud_burstB_000,merch_razorpay_035,4920.79,INR,2026-08-17T21:42:50+00:00,dev_fraud_burstB_017,203.0.113.101,"Pune, IN",pm_tok_burstB_010,2,13,5,3,12,1,SHARED_IP_BURST
tx_legit_002449,usr_norm_1012,merch_razorpay_042,480.37,INR,2026-08-17T21:43:26+00:00,dev_fingerprint_1325,10.0.156.58,"Delhi, IN",pm_tok_synthetic_01592,273,1,0,1,1,0,NONE
tx_legit_000733,usr_norm_0136,merch_razorpay_036,749.83,INR,2026-08-17T21:44:16+00:00,dev_fingerprint_1313,10.0.245.54,"Bengaluru, IN",pm_tok_synthetic_01520,597,1,0,1,1,0,NONE
tx_legit_005066,usr_norm_1610,merch_razorpay_038,456.29,INR,2026-08-17T21:51:47+00:00,dev_fingerprint_0133,192.168.57.125,"Kolkata, IN",pm_tok_synthetic_00462,389,1,0,1,2,0,NONE
tx_legit_003408,usr_norm_0879,merch_razorpay_012,437.58,INR,2026-08-17T21:53:54+00:00,dev_fingerprint_0781,192.168.97.102,"Bengaluru, IN",pm_tok_synthetic_01222,453,1,0,2,1,0,NONE
tx_legit_001828,usr_norm_1417,merch_razorpay_035,907.5,INR,2026-08-17T21:54:01+00:00,dev_fingerprint_1634,192.168.127.218,"Hyderabad, IN",pm_tok_synthetic_00803,604,1,0,1,2,0,NONE
tx_legit_002847,usr_norm_0317,merch_razorpay_001,553.86,INR,2026-08-17T21:58:36+00:00,dev_fingerprint_0813,192.168.62.147,"Hyderabad, IN",pm_tok_synthetic_02029,220,1,0,1,4,0,NONE
tx_legit_000560,usr_norm_1288,merch_razorpay_032,1520.51,INR,2026-08-17T22:02:50+00:00,dev_fingerprint_0279,192.168.247.252,"Hyderabad, IN",pm_tok_synthetic_01174,510,3,0,1,2,0,NONE
tx_legit_008805,usr_norm_1725,merch_razorpay_007,762.24,INR,2026-08-17T22:03:18+00:00,dev_fingerprint_1007,192.168.196.46,"Bengaluru, IN",pm_tok_synthetic_00589,583,2,0,1,1,0,NONE
tx_legit_000136,usr_norm_1312,merch_razorpay_007,1828.62,INR,2026-08-17T22:07:24+00:00,dev_fingerprint_1536,192.168.187.63,"Kolkata, IN",pm_tok_synthetic_01091,824,1,0,1,2,0,NONE
tx_legit_008708,usr_norm_1088,merch_razorpay_017,443.48,INR,2026-08-17T22:19:43+00:00,dev_fingerprint_0009,192.168.7.46,"Kolkata, IN",pm_tok_synthetic_01008,834,1,0,1,1,0,NONE
tx_legit_002742,usr_norm_0822,merch_razorpay_006,977.67,INR,2026-08-17T22:21:21+00:00,dev_fingerprint_0762,192.168.207.41,"Bengaluru, IN",pm_tok_synthetic_01383,867,2,0,1,1,0,NONE
tx_legit_006122,usr_norm_1643,merch_razorpay_029,816.12,INR,2026-08-17T22:23:42+00:00,dev_fingerprint_0481,192.168.185.229,"Ahmedabad, IN",pm_tok_synthetic_02417,433,2,0,2,2,0,NONE
tx_legit_007488,usr_norm_0750,merch_razorpay_022,220.5,INR,2026-08-17T22:25:47+00:00,dev_fingerprint_1256,192.168.252.179,"Ahmedabad, IN",pm_tok_synthetic_01461,258,1,0,1,1,0,NONE
tx_legit_002058,usr_norm_0378,merch_razorpay_021,1988.75,INR,2026-08-17T22:31:43+00:00,dev_fingerprint_1579,10.0.2.7,"Ahmedabad, IN",pm_tok_synthetic_00231,173,2,0,1,2,0,NONE
tx_fraud_000725,usr_fraud_combE_009,merch_razorpay_004,46056.16,INR,2026-08-17T22:33:41+00:00,dev_fraud_combE_1,203.0.113.201,Tor / Proxy Exit Node,pm_tok_combE_2,4,15,4,23,17,1,COMBINED_RING
tx_legit_001492,usr_norm_1534,merch_razorpay_036,2024.22,INR,2026-08-17T22:38:33+00:00,dev_fingerprint_1079,10.0.219.204,"Bengaluru, IN",pm_tok_synthetic_02148,244,1,0,2,1,0,NONE
tx_legit_002160,usr_norm_1873,merch_razorpay_017,547.52,INR,2026-08-17T22:39:39+00:00,dev_fingerprint_1450,192.168.113.21,"Pune, IN",pm_tok_synthetic_00628,195,4,0,1,1,0,NONE
tx_fraud_000733,usr_fraud_combE_017,merch_razorpay_040,61403.79,INR,2026-08-17T22:52:29+00:00,dev_fraud_combE_0,203.0.113.201,Tor / Proxy Exit Node,pm_tok_combE_1,4,27,7,15,35,1,COMBINED_RING
tx_legit_006415,usr_norm_0058,merch_razorpay_009,593.72,INR,2026-08-17T22:53:28+00:00,dev_fingerprint_1049,192.168.130.156,"Hyderabad, IN",pm_tok_synthetic_01413,470,1,1,1,3,0,NONE
tx_legit_007011,usr_norm_0038,merch_razorpay_038,907.16,INR,2026-08-17T23:00:40+00:00,dev_fingerprint_1229,192.168.226.106,"Ahmedabad, IN",pm_tok_synthetic_01440,136,1,0,1,2,0,NONE
tx_legit_007264,usr_norm_1242,merch_razorpay_037,262.22,INR,2026-08-17T23:02:48+00:00,dev_fingerprint_0482,192.168.134.248,"Mumbai, IN",pm_tok_synthetic_01770,420,1,0,1,1,0,NONE
tx_legit_007278,usr_norm_1924,merch_razorpay_016,199.14,INR,2026-08-17T23:04:09+00:00,dev_fingerprint_1286,10.0.55.26,"Delhi, IN",pm_tok_synthetic_01949,740,4,0,1,4,0,NONE
tx_legit_003351,usr_norm_1655,merch_razorpay_021,357.42,INR,2026-08-17T23:07:34+00:00,dev_fingerprint_0368,10.0.105.47,"Delhi, IN",pm_tok_synthetic_02086,464,1,0,1,3,0,NONE
tx_legit_004296,usr_norm_1615,merch_razorpay_028,852.11,INR,2026-08-17T23:14:06+00:00,dev_fingerprint_1138,192.168.77.221,"Pune, IN",pm_tok_synthetic_00290,841,1,0,1,1,0,NONE
tx_legit_008344,usr_norm_1614,merch_razorpay_000,213.33,INR,2026-08-17T23:15:29+00:00,dev_fingerprint_1462,10.0.205.94,"Hyderabad, IN",pm_tok_synthetic_00438,363,2,0,1,1,0,NONE
tx_legit_008948,usr_norm_1642,merch_razorpay_034,331.45,INR,2026-08-17T23:16:24+00:00,dev_fingerprint_0735,192.168.130.234,"Pune, IN",pm_tok_synthetic_01155,61,1,0,2,2,0,NONE
tx_legit_008083,usr_norm_1324,merch_razorpay_030,1641.58,INR,2026-08-17T23:16:56+00:00,dev_fingerprint_1668,192.168.159.65,"Mumbai, IN",pm_tok_synthetic_00213,712,1,0,1,1,0,NONE
tx_legit_001356,usr_norm_1235,merch_razorpay_011,955.11,INR,2026-08-17T23:17:28+00:00,dev_fingerprint_0485,192.168.155.54,"Ahmedabad, IN",pm_tok_synthetic_01930,657,1,2,1,2,0,NONE
tx_legit_001859,usr_norm_0461,merch_razorpay_006,1131.72,INR,2026-08-17T23:19:42+00:00,dev_fingerprint_0922,192.168.35.222,"Bengaluru, IN",pm_tok_synthetic_00934,394,2,0,1,2,0,NONE
tx_legit_008496,usr_norm_1293,merch_razorpay_030,70.02,INR,2026-08-17T23:20:22+00:00,dev_fingerprint_0765,192.168.221.220,"Pune, IN",pm_tok_synthetic_01686,604,1,0,3,1,0,NONE
tx_legit_000893,usr_norm_0778,merch_razorpay_037,678.88,INR,2026-08-17T23:30:18+00:00,dev_fingerprint_1427,192.168.46.188,"Ahmedabad, IN",pm_tok_synthetic_02212,301,1,0,1,2,0,NONE
tx_legit_002135,usr_norm_1940,merch_razorpay_009,538.31,INR,2026-08-17T23:47:14+00:00,dev_fingerprint_0696,192.168.248.217,"Hyderabad, IN",pm_tok_synthetic_00667,134,3,0,1,1,0,NONE
tx_legit_003596,usr_norm_1380,merch_razorpay_041,907.36,INR,2026-08-17T23:47:50+00:00,dev_fingerprint_1296,192.168.229.114,"Chennai, IN",pm_tok_synthetic_01324,653,1,0,1,1,0,NONE
tx_legit_002851,usr_norm_1141,merch_razorpay_019,668.15,INR,2026-08-17T23:52:28+00:00,dev_fingerprint_1193,192.168.161.184,"Kolkata, IN",pm_tok_synthetic_00744,668,1,0,1,1,0,NONE
tx_legit_003838,usr_norm_1120,merch_razorpay_025,244.7,INR,2026-08-17T23:55:40+00:00,dev_fingerprint_0515,192.168.174.192,"Kolkata, IN",pm_tok_synthetic_00912,558,1,0,2,3,0,NONE
tx_legit_003696,usr_norm_1061,merch_razorpay_009,322.95,INR,2026-08-17T23:58:36+00:00,dev_fingerprint_1029,192.168.185.225,"Hyderabad, IN",pm_tok_synthetic_00329,835,1,0,1,1,0,NONE
tx_legit_004089,usr_norm_0868,merch_razorpay_037,531.2,INR,2026-08-18T00:13:18+00:00,dev_fingerprint_0734,192.168.246.167,"Mumbai, IN",pm_tok_synthetic_01229,895,1,0,1,1,0,NONE
tx_legit_006229,usr_norm_1312,merch_razorpay_046,136.42,INR,2026-08-18T00:22:42+00:00,dev_fingerprint_0299,192.168.187.63,"Delhi, IN",pm_tok_synthetic_00374,824,1,0,1,5,0,NONE
tx_legit_007881,usr_norm_0303,merch_razorpay_001,1863.54,INR,2026-08-18T00:25:46+00:00,dev_fingerprint_0413,192.168.74.59,"Mumbai, IN",pm_tok_synthetic_02206,307,1,0,1,1,0,NONE
tx_legit_004159,usr_norm_0500,merch_razorpay_000,925.98,INR,2026-08-18T00:36:49+00:00,dev_fingerprint_0837,192.168.203.161,"Hyderabad, IN",pm_tok_synthetic_02045,172,1,0,1,1,0,NONE
tx_legit_004090,usr_norm_0525,merch_razorpay_040,420.54,INR,2026-08-18T00:39:49+00:00,dev_fingerprint_0702,10.0.43.169,"Pune, IN",pm_tok_synthetic_00447,723,1,0,1,3,0,NONE
tx_legit_009079,usr_norm_1347,merch_razorpay_010,712.97,INR,2026-08-18T00:43:21+00:00,dev_fingerprint_0751,192.168.181.55,"Bengaluru, IN",pm_tok_synthetic_00002,824,1,0,1,1,0,NONE
tx_legit_007110,usr_norm_1799,merch_razorpay_002,503.27,INR,2026-08-18T00:43:50+00:00,dev_fingerprint_1959,192.168.210.236,"Pune, IN",pm_tok_synthetic_00932,130,2,0,1,1,0,NONE
tx_legit_003534,usr_norm_0471,merch_razorpay_017,264.31,INR,2026-08-18T00:50:11+00:00,dev_fingerprint_0383,192.168.157.209,"Pune, IN",pm_tok_synthetic_01249,600,1,0,1,2,0,NONE
tx_legit_005833,usr_norm_0009,merch_razorpay_031,544.65,INR,2026-08-18T00:53:17+00:00,dev_fingerprint_1957,192.168.138.176,"Ahmedabad, IN",pm_tok_synthetic_00430,632,2,0,1,2,0,NONE
tx_legit_006670,usr_norm_1826,merch_razorpay_040,206.52,INR,2026-08-18T00:54:51+00:00,dev_fingerprint_0271,192.168.185.241,"Mumbai, IN",pm_tok_synthetic_01211,274,1,0,1,1,0,NONE
tx_legit_001992,usr_norm_1843,merch_razorpay_012,1044.38,INR,2026-08-18T00:57:59+00:00,dev_fingerprint_1452,192.168.211.1,"Mumbai, IN",pm_tok_synthetic_00838,171,1,0,1,2,0,NONE
tx_legit_000545,usr_norm_1023,merch_razorpay_024,393.54,INR,2026-08-18T01:00:31+00:00,dev_fingerprint_0772,192.168.12.170,"Bengaluru, IN",pm_tok_synthetic_01755,315,3,0,3,1,0,NONE
tx_legit_008101,usr_norm_0593,merch_razorpay_027,977.92,INR,2026-08-18T01:04:23+00:00,dev_fingerprint_0203,192.168.224.4,"Delhi, IN",pm_tok_synthetic_01882,46,1,0,1,2,0,NONE
tx_legit_008893,usr_norm_0350,merch_razorpay_044,505.07,INR,2026-08-18T01:12:22+00:00,dev_fingerprint_0238,192.168.69.212,"Delhi, IN",pm_tok_synthetic_00841,764,1,0,1,3,0,NONE
tx_legit_003159,usr_norm_0361,merch_razorpay_015,1942.19,INR,2026-08-18T01:13:56+00:00,dev_fingerprint_0587,192.168.50.184,"Mumbai, IN",pm_tok_synthetic_00737,817,3,0,2,1,0,NONE
tx_legit_007277,usr_norm_0261,merch_razorpay_012,1927.27,INR,2026-08-18T01:18:30+00:00,dev_fingerprint_1582,192.168.193.218,"Hyderabad, IN",pm_tok_synthetic_01484,596,1,0,1,1,0,NONE
tx_legit_005121,usr_norm_0882,merch_razorpay_044,681.37,INR,2026-08-18T01:20:30+00:00,dev_fingerprint_1504,192.168.177.52,"Ahmedabad, IN",pm_tok_synthetic_01295,762,1,0,1,1,0,NONE
tx_legit_008506,usr_norm_0835,merch_razorpay_002,466.55,INR,2026-08-18T01:24:12+00:00,dev_fingerprint_0067,192.168.139.120,"Ahmedabad, IN",pm_tok_synthetic_00207,399,1,0,1,1,0,NONE
tx_legit_002975,usr_norm_1310,merch_razorpay_031,200.78,INR,2026-08-18T01:27:33+00:00,dev_fingerprint_1020,10.0.7.254,"Hyderabad, IN",pm_tok_synthetic_01899,743,1,0,1,2,0,NONE
tx_legit_002879,usr_norm_0109,merch_razorpay_011,3109.49,INR,2026-08-18T01:30:33+00:00,dev_fingerprint_1344,192.168.56.114,"Pune, IN",pm_tok_synthetic_02468,183,4,1,2,3,0,NONE
tx_legit_006135,usr_norm_1367,merch_razorpay_026,408.0,INR,2026-08-18T01:34:08+00:00,dev_fingerprint_0083,192.168.14.49,"Delhi, IN",pm_tok_synthetic_00288,884,1,0,1,1,0,NONE
tx_legit_006375,usr_norm_1020,merch_razorpay_013,704.86,INR,2026-08-18T01:39:26+00:00,dev_fingerprint_1484,192.168.56.114,"Mumbai, IN",pm_tok_synthetic_00792,331,1,0,1,1,0,NONE
tx_legit_004562,usr_norm_1410,merch_razorpay_029,467.99,INR,2026-08-18T01:40:21+00:00,dev_fingerprint_0454,192.168.185.229,"Bengaluru, IN",pm_tok_synthetic_01186,835,1,0,1,1,0,NONE
tx_legit_002131,usr_norm_1703,merch_razorpay_029,650.29,INR,2026-08-18T01:41:40+00:00,dev_fingerprint_1382,10.0.206.20,"Mumbai, IN",pm_tok_synthetic_00990,781,3,0,1,3,0,NONE
tx_legit_006988,usr_norm_1287,merch_razorpay_003,1123.69,INR,2026-08-18T01:49:47+00:00,dev_fingerprint_0021,192.168.164.29,"Pune, IN",pm_tok_synthetic_02143,864,1,0,1,2,0,NONE
tx_legit_004927,usr_norm_1247,merch_razorpay_007,541.78,INR,2026-08-18T01:52:03+00:00,dev_fingerprint_1623,192.168.152.69,"Mumbai, IN",pm_tok_synthetic_02325,78,2,0,1,3,0,NONE
tx_legit_008545,usr_norm_0696,merch_razorpay_027,903.56,INR,2026-08-18T02:04:54+00:00,dev_fingerprint_0440,192.168.232.8,"Chennai, IN",pm_tok_synthetic_01342,181,1,0,2,1,0,NONE
tx_legit_006081,usr_norm_1601,merch_razorpay_016,351.05,INR,2026-08-18T02:19:39+00:00,dev_fingerprint_0728,192.168.226.106,"Chennai, IN",pm_tok_synthetic_01361,867,1,0,1,1,0,NONE
tx_legit_007100,usr_norm_0140,merch_razorpay_030,94.86,INR,2026-08-18T02:23:03+00:00,dev_fingerprint_0895,10.0.82.209,"Chennai, IN",pm_tok_synthetic_00909,866,1,0,1,1,0,NONE
tx_legit_008555,usr_norm_1590,merch_razorpay_002,233.61,INR,2026-08-18T02:29:01+00:00,dev_fingerprint_0031,192.168.168.26,"Ahmedabad, IN",pm_tok_synthetic_02292,556,2,0,1,1,0,NONE
tx_legit_002495,usr_norm_0885,merch_razorpay_017,1014.14,INR,2026-08-18T02:38:36+00:00,dev_fingerprint_1299,192.168.98.70,"Chennai, IN",pm_tok_synthetic_00019,492,2,0,1,2,0,NONE
tx_legit_001847,usr_norm_0249,merch_razorpay_018,2713.95,INR,2026-08-18T02:43:26+00:00,dev_fingerprint_0670,192.168.60.121,"Pune, IN",pm_tok_synthetic_02366,768,1,0,2,1,0,NONE
tx_fraud_000482,usr_fraud_anomD_001,merch_razorpay_003,53088.87,INR,2026-08-18T02:43:35+00:00,dev_anomD_001,192.0.2.39,Unknown / VPN Node,pm_tok_anomD_001,4,11,7,3,4,1,BEHAVIORAL_ANOMALY
tx_legit_008505,usr_norm_1892,merch_razorpay_013,378.04,INR,2026-08-18T02:46:18+00:00,dev_fingerprint_1078,192.168.21.218,"Hyderabad, IN",pm_tok_synthetic_01138,230,1,0,1,3,0,NONE
tx_legit_005922,usr_norm_1352,merch_razorpay_010,617.21,INR,2026-08-18T02:54:26+00:00,dev_fingerprint_0793,192.168.141.26,"Kolkata, IN",pm_tok_synthetic_02146,729,1,0,2,1,0,NONE
tx_legit_003731,usr_norm_1584,merch_razorpay_039,722.38,INR,2026-08-18T03:05:54+00:00,dev_fingerprint_1066,10.0.61.55,"Hyderabad, IN",pm_tok_synthetic_01279,53,1,0,1,2,0,NONE
tx_legit_001191,usr_norm_1657,merch_razorpay_043,367.76,INR,2026-08-18T03:09:30+00:00,dev_fingerprint_0727,192.168.61.104,"Mumbai, IN",pm_tok_synthetic_00761,464,1,0,1,1,0,NONE
tx_legit_002772,usr_norm_0790,merch_razorpay_042,176.95,INR,2026-08-18T03:12:09+00:00,dev_fingerprint_0382,192.168.20.183,"Ahmedabad, IN",pm_tok_synthetic_01020,299,1,1,1,2,0,NONE
tx_legit_005829,usr_norm_0563,merch_razorpay_002,669.96,INR,2026-08-18T03:19:15+00:00,dev_fingerprint_1472,192.168.164.71,"Hyderabad, IN",pm_tok_synthetic_02237,253,2,0,1,1,0,NONE
tx_legit_008408,usr_norm_0551,merch_razorpay_027,902.94,INR,2026-08-18T03:20:33+00:00,dev_fingerprint_0109,192.168.51.99,"Ahmedabad, IN",pm_tok_synthetic_01470,39,1,0,1,4,0,NONE
tx_legit_002101,usr_norm_0286,merch_razorpay_008,253.11,INR,2026-08-18T03:25:20+00:00,dev_fingerprint_0845,192.168.70.129,"Pune, IN",pm_tok_synthetic_00835,450,1,0,1,2,0,NONE
tx_legit_008001,usr_norm_1376,merch_razorpay_036,465.82,INR,2026-08-18T03:25:54+00:00,dev_fingerprint_0822,192.168.244.90,"Kolkata, IN",pm_tok_synthetic_01382,703,1,0,1,1,0,NONE
tx_legit_005555,usr_norm_1238,merch_razorpay_040,451.51,INR,2026-08-18T03:28:00+00:00,dev_fingerprint_0762,10.0.148.232,"Pune, IN",pm_tok_synthetic_01640,316,1,0,1,4,0,NONE
tx_legit_001892,usr_norm_0338,merch_razorpay_016,656.57,INR,2026-08-18T03:31:50+00:00,dev_fingerprint_1683,192.168.39.208,"Mumbai, IN",pm_tok_synthetic_01208,406,1,0,1,1,0,NONE
tx_legit_000203,usr_norm_1689,merch_razorpay_026,288.87,INR,2026-08-18T03:38:09+00:00,dev_fingerprint_1353,192.168.64.216,"Delhi, IN",pm_tok_synthetic_00685,245,1,0,2,1,0,NONE
tx_legit_005178,usr_norm_1708,merch_razorpay_003,968.75,INR,2026-08-18T03:40:47+00:00,dev_fingerprint_1970,192.168.41.117,"Bengaluru, IN",pm_tok_synthetic_01826,389,2,0,1,1,0,NONE
tx_legit_005897,usr_norm_0400,merch_razorpay_043,1354.84,INR,2026-08-18T03:45:23+00:00,dev_fingerprint_1537,192.168.114.207,"Delhi, IN",pm_tok_synthetic_02406,771,1,0,2,1,0,NONE
tx_legit_000326,usr_norm_1882,merch_razorpay_016,675.08,INR,2026-08-18T04:06:54+00:00,dev_fingerprint_0319,192.168.189.27,"Bengaluru, IN",pm_tok_synthetic_02237,549,2,0,1,1,0,NONE
tx_legit_001765,usr_norm_1255,merch_razorpay_008,448.24,INR,2026-08-18T04:07:24+00:00,dev_fingerprint_1181,192.168.67.88,"Bengaluru, IN",pm_tok_synthetic_02205,208,2,0,1,1,0,NONE
tx_legit_008612,usr_norm_0267,merch_razorpay_015,436.67,INR,2026-08-18T04:11:43+00:00,dev_fingerprint_0295,192.168.222.103,"Pune, IN",pm_tok_synthetic_02467,551,1,0,2,1,0,NONE
tx_legit_001814,usr_norm_0986,merch_razorpay_001,287.98,INR,2026-08-18T04:13:51+00:00,dev_fingerprint_0886,192.168.76.92,"Bengaluru, IN",pm_tok_synthetic_02396,524,2,0,1,3,0,NONE
tx_legit_004023,usr_norm_0877,merch_razorpay_040,410.48,INR,2026-08-18T04:15:46+00:00,dev_fingerprint_1195,192.168.133.243,"Bengaluru, IN",pm_tok_synthetic_00291,513,3,0,1,2,0,NONE
tx_legit_000413,usr_norm_0551,merch_razorpay_019,259.86,INR,2026-08-18T04:21:44+00:00,dev_fingerprint_0109,192.168.51.99,"Pune, IN",pm_tok_synthetic_01470,39,2,0,1,1,0,NONE
tx_legit_002667,usr_norm_0831,merch_razorpay_048,922.88,INR,2026-08-18T04:22:52+00:00,dev_fingerprint_0637,10.0.7.195,"Delhi, IN",pm_tok_synthetic_02075,443,1,0,1,2,0,NONE
tx_legit_002674,usr_norm_1324,merch_razorpay_031,543.41,INR,2026-08-18T04:26:04+00:00,dev_fingerprint_0738,192.168.159.65,"Bengaluru, IN",pm_tok_synthetic_00213,712,3,0,2,1,0,NONE
tx_legit_007420,usr_norm_1112,merch_razorpay_021,891.21,INR,2026-08-18T04:27:08+00:00,dev_fingerprint_0087,192.168.73.180,"Kolkata, IN",pm_tok_synthetic_00846,560,1,0,2,1,0,NONE
tx_legit_006644,usr_norm_1026,merch_razorpay_039,1149.39,INR,2026-08-18T04:28:57+00:00,dev_fingerprint_1525,10.0.43.208,"Mumbai, IN",pm_tok_synthetic_00634,70,2,0,1,2,0,NONE
tx_legit_008141,usr_norm_1868,merch_razorpay_007,416.76,INR,2026-08-18T04:31:19+00:00,dev_fingerprint_1784,192.168.31.242,"Kolkata, IN",pm_tok_synthetic_01983,410,1,0,1,4,0,NONE
tx_legit_006886,usr_norm_1958,merch_razorpay_029,371.91,INR,2026-08-18T04:42:48+00:00,dev_fingerprint_0121,10.0.112.108,"Delhi, IN",pm_tok_synthetic_00487,289,2,0,1,1,0,NONE
tx_legit_007932,usr_norm_0300,merch_razorpay_018,175.48,INR,2026-08-18T04:42:56+00:00,dev_fingerprint_0299,192.168.140.10,"Kolkata, IN",pm_tok_synthetic_00172,324,1,0,1,1,0,NONE
tx_legit_001367,usr_norm_1003,merch_razorpay_022,549.7,INR,2026-08-18T04:50:40+00:00,dev_fingerprint_1932,10.0.81.70,"Mumbai, IN",pm_tok_synthetic_02186,322,1,0,1,1,0,NONE
tx_legit_003195,usr_norm_1776,merch_razorpay_011,726.39,INR,2026-08-18T04:50:54+00:00,dev_fingerprint_0852,10.0.151.182,"Hyderabad, IN",pm_tok_synthetic_01949,738,1,0,1,3,0,NONE
tx_legit_005778,usr_norm_1222,merch_razorpay_006,2149.78,INR,2026-08-18T04:52:40+00:00,dev_fingerprint_1108,192.168.227.107,"Ahmedabad, IN",pm_tok_synthetic_00173,898,2,0,3,1,0,NONE
tx_legit_007592,usr_norm_0787,merch_razorpay_000,1339.62,INR,2026-08-18T04:53:19+00:00,dev_fingerprint_0814,192.168.108.138,"Mumbai, IN",pm_tok_synthetic_02003,706,1,0,1,2,0,NONE
tx_fraud_000122,usr_fraud_ringA_021,merch_razorpay_005,10014.55,INR,2026-08-18T05:06:51+00:00,dev_fraud_ring_A_3,198.51.100.49,"Delhi, IN",pm_tok_ringA_005,10,10,2,9,3,1,DEVICE_SHARING_RING
tx_legit_007642,usr_norm_1366,merch_razorpay_018,624.2,INR,2026-08-18T05:07:57+00:00,dev_fingerprint_1450,192.168.98.70,"Bengaluru, IN",pm_tok_synthetic_01088,571,1,0,1,1,0,NONE
tx_legit_006731,usr_norm_1220,merch_razorpay_019,625.23,INR,2026-08-18T05:11:21+00:00,dev_fingerprint_0218,192.168.236.1,"Pune, IN",pm_tok_synthetic_00321,722,1,0,1,1,0,NONE
tx_fraud_000374,usr_fraud_reuseC_013,merch_razorpay_031,21708.27,INR,2026-08-18T05:13:17+00:00,dev_reuseC_020,198.51.100.117,"Hyderabad, IN",pm_tok_stolen_C_002,1,9,1,2,6,1,PAYMENT_REF_REUSE
tx_fraud_000687,usr_fraud_combE_021,merch_razorpay_041,18489.51,INR,2026-08-18T05:23:14+00:00,dev_fraud_combE_1,203.0.113.201,Tor / Proxy Exit Node,pm_tok_combE_0,6,21,4,21,19,1,COMBINED_RING
tx_legit_002491,usr_norm_1687,merch_razorpay_002,429.94,INR,2026-08-18T05:28:24+00:00,dev_fingerprint_0315,192.168.204.15,"Mumbai, IN",pm_tok_synthetic_02031,800,1,0,1,2,0,NONE
tx_legit_003226,usr_norm_1567,merch_razorpay_020,1139.79,INR,2026-08-18T05:29:56+00:00,dev_fingerprint_0383,192.168.142.136,"Mumbai, IN",pm_tok_synthetic_00478,831,1,0,1,1,0,NONE
tx_legit_004467,usr_norm_0040,merch_razorpay_033,471.04,INR,2026-08-18T05:31:14+00:00,dev_fingerprint_1344,192.168.43.216,"Bengaluru, IN",pm_tok_synthetic_00918,897,3,0,1,1,0,NONE
tx_legit_009043,usr_norm_0619,merch_razorpay_041,332.91,INR,2026-08-18T05:32:30+00:00,dev_fingerprint_0567,192.168.153.203,"Kolkata, IN",pm_tok_synthetic_00345,284,1,0,1,2,0,NONE
tx_legit_007825,usr_norm_1391,merch_razorpay_021,128.96,INR,2026-08-18T05:33:27+00:00,dev_fingerprint_0728,10.0.67.134,"Chennai, IN",pm_tok_synthetic_00566,301,1,0,1,1,0,NONE
tx_legit_007002,usr_norm_1657,merch_razorpay_049,2384.86,INR,2026-08-18T05:33:50+00:00,dev_fingerprint_0727,192.168.61.104,"Mumbai, IN",pm_tok_synthetic_00761,464,1,0,1,1,0,NONE
tx_fraud_000182,usr_fraud_burstB_021,merch_razorpay_027,2109.95,INR,2026-08-18T05:49:16+00:00,dev_fraud_burstB_036,203.0.113.103,"Hyderabad, IN",pm_tok_burstB_014,9,22,5,4,27,1,SHARED_IP_BURST
tx_legit_000052,usr_norm_0691,merch_razorpay_014,317.08,INR,2026-08-18T05:53:08+00:00,dev_fingerprint_0954,192.168.189.237,"Ahmedabad, IN",pm_tok_synthetic_01665,153,2,0,1,3,0,NONE
tx_legit_004781,usr_norm_0841,merch_razorpay_040,736.94,INR,2026-08-18T06:01:22+00:00,dev_fingerprint_1129,192.168.156.252,"Chennai, IN",pm_tok_synthetic_01410,197,2,0,1,1,0,NONE
tx_legit_007035,usr_norm_0064,merch_razorpay_031,614.72,INR,2026-08-18T06:02:52+00:00,dev_fingerprint_0671,192.168.236.1,"Chennai, IN",pm_tok_synthetic_00031,539,1,0,1,2,0,NONE
tx_legit_003944,usr_norm_1592,merch_razorpay_040,237.13,INR,2026-08-18T06:04:21+00:00,dev_fingerprint_1125,192.168.208.64,"Bengaluru, IN",pm_tok_synthetic_01110,174,3,0,1,1,0,NONE
tx_legit_006697,usr_norm_1226,merch_razorpay_035,803.57,INR,2026-08-18T06:08:39+00:00,dev_fingerprint_0814,192.168.21.218,"Ahmedabad, IN",pm_tok_synthetic_02362,161,1,0,1,1,0,NONE
tx_legit_002874,usr_norm_1248,merch_razorpay_044,103.65,INR,2026-08-18T06:08:48+00:00,dev_fingerprint_0815,192.168.227.138,"Hyderabad, IN",pm_tok_synthetic_00669,91,1,0,1,2,0,NONE
tx_legit_005590,usr_norm_0647,merch_razorpay_012,1203.0,INR,2026-08-18T06:16:09+00:00,dev_fingerprint_1071,192.168.120.180,"Chennai, IN",pm_tok_synthetic_01061,200,3,0,1,1,0,NONE
tx_legit_002668,usr_norm_1930,merch_razorpay_030,257.64,INR,2026-08-18T06:18:25+00:00,dev_fingerprint_0859,192.168.19.148,"Kolkata, IN",pm_tok_synthetic_01458,79,1,0,1,1,0,NONE
tx_fraud_000395,usr_fraud_reuseC_014,merch_razorpay_005,9165.35,INR,2026-08-18T06:18:45+00:00,dev_reuseC_024,198.51.100.121,"Ahmedabad, IN",pm_tok_stolen_C_004,0,3,2,3,6,1,PAYMENT_REF_REUSE
tx_legit_003396,usr_norm_1560,merch_razorpay_017,611.4,INR,2026-08-18T06:26:09+00:00,dev_fingerprint_0114,10.0.108.140,"Hyderabad, IN",pm_tok_synthetic_02134,336,3,0,1,2,0,NONE
tx_legit_005167,usr_norm_1041,merch_razorpay_005,573.73,INR,2026-08-18T06:27:55+00:00,dev_fingerprint_0232,192.168.120.114,"Ahmedabad, IN",pm_tok_synthetic_01050,583,2,0,1,2,0,NONE
tx_fraud_000011,usr_fraud_ringA_010,merch_razorpay_011,8410.11,INR,2026-08-18T06:34:29+00:00,dev_fraud_ring_A_3,198.51.100.63,"Ahmedabad, IN",pm_tok_ringA_006,3,7,2,17,4,1,DEVICE_SHARING_RING
tx_legit_000218,usr_norm_0644,merch_razorpay_025,341.85,INR,2026-08-18T06:34:49+00:00,dev_fingerprint_0633,192.168.9.60,"Hyderabad, IN",pm_tok_synthetic_01156,152,3,0,1,1,0,NONE
tx_legit_008274,usr_norm_1018,merch_razorpay_008,468.95,INR,2026-08-18T06:37:39+00:00,dev_fingerprint_0461,10.0.22.50,"Kolkata, IN",pm_tok_synthetic_01506,803,1,0,2,1,0,NONE
tx_legit_003043,usr_norm_1643,merch_razorpay_034,718.89,INR,2026-08-18T06:37:41+00:00,dev_fingerprint_1531,192.168.185.229,"Hyderabad, IN",pm_tok_synthetic_02417,433,1,0,1,1,0,NONE
tx_legit_008997,usr_norm_1517,merch_razorpay_031,1185.43,INR,2026-08-18T06:38:41+00:00,dev_fingerprint_0444,192.168.115.203,"Delhi, IN",pm_tok_synthetic_01948,494,1,0,1,1,0,NONE
tx_legit_006811,usr_norm_0887,merch_razorpay_018,1633.14,INR,2026-08-18T06:46:51+00:00,dev_fingerprint_0324,10.0.100.99,"Kolkata, IN",pm_tok_synthetic_00360,162,1,0,1,2,0,NONE
tx_legit_008958,usr_norm_0760,merch_razorpay_030,135.86,INR,2026-08-18T06:48:37+00:00,dev_fingerprint_1451,192.168.19.176,"Mumbai, IN",pm_tok_synthetic_01375,487,2,0,1,3,0,NONE
tx_legit_004245,usr_norm_1352,merch_razorpay_049,1411.23,INR,2026-08-18T06:49:43+00:00,dev_fingerprint_0793,192.168.141.26,"Bengaluru, IN",pm_tok_synthetic_02146,729,1,0,1,3,0,NONE
tx_legit_003658,usr_norm_1213,merch_razorpay_011,504.47,INR,2026-08-18T06:54:48+00:00,dev_fingerprint_0700,192.168.118.37,"Kolkata, IN",pm_tok_synthetic_02271,212,2,0,2,1,0,NONE
tx_legit_006321,usr_norm_1915,merch_razorpay_034,560.33,INR,2026-08-18T06:58:40+00:00,dev_fingerprint_0618,192.168.178.77,"Chennai, IN",pm_tok_synthetic_02397,341,1,0,1,1,0,NONE
tx_legit_002669,usr_norm_0722,merch_razorpay_019,603.69,INR,2026-08-18T06:58:56+00:00,dev_fingerprint_1115,192.168.86.142,"Hyderabad, IN",pm_tok_synthetic_01985,382,1,0,1,3,0,NONE
tx_legit_001029,usr_norm_0774,merch_razorpay_040,1398.53,INR,2026-08-18T07:05:48+00:00,dev_fingerprint_0988,10.0.39.23,"Kolkata, IN",pm_tok_synthetic_00126,471,1,0,1,1,0,NONE
tx_legit_007391,usr_norm_0745,merch_razorpay_039,1182.61,INR,2026-08-18T07:07:46+00:00,dev_fingerprint_0765,192.168.69.148,"Mumbai, IN",pm_tok_synthetic_01620,630,1,0,1,1,0,NONE
tx_legit_001462,usr_norm_0604,merch_razorpay_005,313.99,INR,2026-08-18T07:11:15+00:00,dev_fingerprint_1215,192.168.61.104,"Hyderabad, IN",pm_tok_synthetic_02127,726,1,0,2,1,0,NONE
tx_legit_003095,usr_norm_0463,merch_razorpay_021,1394.21,INR,2026-08-18T07:12:37+00:00,dev_fingerprint_1581,192.168.69.212,"Hyderabad, IN",pm_tok_synthetic_02399,706,1,0,1,1,0,NONE
tx_fraud_000110,usr_fraud_ringA_009,merch_razorpay_004,15938.57,INR,2026-08-18T07:23:49+00:00,dev_fraud_ring_A_0,198.51.100.29,"Kolkata, IN",pm_tok_ringA_003,8,7,1,8,5,1,DEVICE_SHARING_RING
tx_fraud_000772,usr_fraud_combE_006,merch_razorpay_028,21218.24,INR,2026-08-18T07:29:00+00:00,dev_fraud_combE_2,203.0.113.203,Tor / Proxy Exit Node,pm_tok_combE_2,5,24,7,18,16,1,COMBINED_RING
tx_legit_003503,usr_norm_1663,merch_razorpay_029,395.34,INR,2026-08-18T07:29:52+00:00,dev_fingerprint_1188,192.168.43.216,"Kolkata, IN",pm_tok_synthetic_00197,175,1,0,1,1,0,NONE
tx_legit_004777,usr_norm_0147,merch_razorpay_016,540.93,INR,2026-08-18T07:37:42+00:00,dev_fingerprint_0967,192.168.189.83,"Delhi, IN",pm_tok_synthetic_00568,807,2,0,1,3,0,NONE
tx_legit_006277,usr_norm_0169,merch_razorpay_027,286.64,INR,2026-08-18T07:39:40+00:00,dev_fingerprint_1316,10.0.210.206,"Hyderabad, IN",pm_tok_synthetic_01903,742,1,0,1,3,0,NONE
tx_legit_003852,usr_norm_0959,merch_razorpay_034,735.39,INR,2026-08-18T07:39:58+00:00,dev_fingerprint_0775,192.168.63.252,"Hyderabad, IN",pm_tok_synthetic_00962,110,1,0,1,1,0,NONE
tx_legit_000379,usr_norm_1405,merch_razorpay_049,524.53,INR,2026-08-18T07:48:05+00:00,dev_fingerprint_0624,192.168.42.247,"Mumbai, IN",pm_tok_synthetic_00168,356,1,0,1,1,0,NONE
tx_legit_005770,usr_norm_0630,merch_razorpay_041,690.21,INR,2026-08-18T07:51:49+00:00,dev_fingerprint_1398,192.168.109.106,"Bengaluru, IN",pm_tok_synthetic_01929,818,2,0,1,1,0,NONE
tx_legit_007963,usr_norm_1499,merch_razorpay_037,505.54,INR,2026-08-18T08:00:08+00:00,dev_fingerprint_1775,192.168.2.229,"Ahmedabad, IN",pm_tok_synthetic_01324,491,1,0,1,2,0,NONE
tx_legit_003059,usr_norm_1030,merch_razorpay_016,1476.7,INR,2026-08-18T08:03:47+00:00,dev_fingerprint_1449,192.168.222.189,"Kolkata, IN",pm_tok_synthetic_02152,255,1,0,1,2,0,NONE
tx_legit_003173,usr_norm_1774,merch_razorpay_027,1693.58,INR,2026-08-18T08:04:45+00:00,dev_fingerprint_0013,192.168.23.152,"Mumbai, IN",pm_tok_synthetic_01751,121,1,1,1,1,0,NONE
tx_legit_001822,usr_norm_1368,merch_razorpay_039,315.19,INR,2026-08-18T08:08:29+00:00,dev_fingerprint_0622,192.168.64.191,"Hyderabad, IN",pm_tok_synthetic_00884,561,1,0,1,1,0,NONE
tx_legit_007362,usr_norm_1038,merch_razorpay_040,562.15,INR,2026-08-18T08:11:05+00:00,dev_fingerprint_1369,192.168.28.153,"Ahmedabad, IN",pm_tok_synthetic_01825,276,1,0,1,1,0,NONE
tx_legit_002496,usr_norm_1172,merch_razorpay_015,954.48,INR,2026-08-18T08:12:01+00:00,dev_fingerprint_1444,192.168.193.61,"Bengaluru, IN",pm_tok_synthetic_00565,705,1,0,1,1,0,NONE
tx_legit_001409,usr_norm_0075,merch_razorpay_003,476.22,INR,2026-08-18T08:14:05+00:00,dev_fingerprint_0894,192.168.44.45,"Hyderabad, IN",pm_tok_synthetic_00433,279,1,0,1,1,0,NONE
tx_legit_009092,usr_norm_0044,merch_razorpay_016,277.39,INR,2026-08-18T08:14:17+00:00,dev_fingerprint_1148,192.168.248.32,"Bengaluru, IN",pm_tok_synthetic_02280,56,1,0,1,3,0,NONE
tx_legit_006019,usr_norm_1658,merch_razorpay_048,129.85,INR,2026-08-18T08:16:18+00:00,dev_fingerprint_1238,192.168.23.152,"Delhi, IN",pm_tok_synthetic_01017,540,1,0,1,2,0,NONE
tx_legit_005937,usr_norm_0310,merch_razorpay_009,104.94,INR,2026-08-18T08:18:27+00:00,dev_fingerprint_1127,192.168.173.68,"Bengaluru, IN",pm_tok_synthetic_00646,446,1,0,1,1,0,NONE
tx_fraud_000648,usr_fraud_combE_007,merch_razorpay_018,32328.58,INR,2026-08-18T08:23:06+00:00,dev_fraud_combE_1,203.0.113.201,Tor / Proxy Exit Node,pm_tok_combE_2,0,22,8,20,21,1,COMBINED_RING
tx_legit_001483,usr_norm_0448,merch_razorpay_020,397.19,INR,2026-08-18T08:25:03+00:00,dev_fingerprint_0555,192.168.72.117,"Ahmedabad, IN",pm_tok_synthetic_00304,730,1,0,1,3,0,NONE
tx_legit_005729,usr_norm_1366,merch_razorpay_044,275.07,INR,2026-08-18T08:26:32+00:00,dev_fingerprint_1450,192.168.98.70,"Kolkata, IN",pm_tok_synthetic_01088,571,1,0,1,1,0,NONE
tx_fraud_000375,usr_fraud_reuseC_014,merch_razorpay_015,9034.87,INR,2026-08-18T08:27:11+00:00,dev_reuseC_025,198.51.100.186,"Delhi, IN",pm_tok_stolen_C_003,3,6,0,2,5,1,PAYMENT_REF_REUSE
tx_legit_007141,usr_norm_0641,merch_razorpay_013,306.87,INR,2026-08-18T08:27:30+00:00,dev_fingerprint_1430,192.168.191.221,"Chennai, IN",pm_tok_synthetic_00977,89,1,0,1,2,0,NONE
tx_legit_003358,usr_norm_1224,merch_razorpay_043,899.18,INR,2026-08-18T08:32:08+00:00,dev_fingerprint_1176,10.0.147.181,"Delhi, IN",pm_tok_synthetic_01125,532,2,0,1,1,0,NONE
tx_legit_006342,usr_norm_1224,merch_razorpay_047,298.29,INR,2026-08-18T08:39:17+00:00,dev_fingerprint_1176,192.168.98.147,"Chennai, IN",pm_tok_synthetic_01125,532,2,0,1,2,0,NONE
tx_legit_002430,usr_norm_1755,merch_razorpay_029,290.14,INR,2026-08-18T08:41:58+00:00,dev_fingerprint_1186,10.0.162.213,"Delhi, IN",pm_tok_synthetic_00295,67,3,0,1,1,0,NONE
tx_legit_000094,usr_norm_1271,merch_razorpay_003,330.01,INR,2026-08-18T08:48:05+00:00,dev_fingerprint_0130,192.168.144.84,"Delhi, IN",pm_tok_synthetic_01938,591,1,0,1,1,0,NONE
tx_legit_008613,usr_norm_1772,merch_razorpay_014,496.95,INR,2026-08-18T08:48:44+00:00,dev_fingerprint_1294,192.168.73.252,"Kolkata, IN",pm_tok_synthetic_01540,826,1,0,1,4,0,NONE
tx_legit_002063,usr_norm_1352,merch_razorpay_015,268.16,INR,2026-08-18T08:51:09+00:00,dev_fingerprint_0793,192.168.141.26,"Ahmedabad, IN",pm_tok_synthetic_02146,729,2,0,1,2,0,NONE
tx_legit_005212,usr_norm_0658,merch_razorpay_042,559.71,INR,2026-08-18T08:51:21+00:00,dev_fingerprint_1653,10.0.32.234,"Kolkata, IN",pm_tok_synthetic_01932,402,1,0,1,3,0,NONE
tx_legit_003303,usr_norm_0330,merch_razorpay_045,731.94,INR,2026-08-18T09:02:24+00:00,dev_fingerprint_0287,192.168.112.125,"Mumbai, IN",pm_tok_synthetic_01325,284,2,0,1,1,0,NONE
tx_legit_000082,usr_norm_0158,merch_razorpay_007,1222.89,INR,2026-08-18T09:03:37+00:00,dev_fingerprint_0879,10.0.209.172,"Pune, IN",pm_tok_synthetic_01445,276,1,0,1,4,0,NONE
tx_legit_002911,usr_norm_1595,merch_razorpay_036,600.35,INR,2026-08-18T09:08:10+00:00,dev_fingerprint_1255,192.168.161.25,"Hyderabad, IN",pm_tok_synthetic_01387,583,1,0,1,3,0,NONE
tx_fraud_000500,usr_fraud_anomD_019,merch_razorpay_017,35901.49,INR,2026-08-18T09:09:49+00:00,dev_anomD_019,192.0.2.173,Unknown / VPN Node,pm_tok_anomD_019,2,12,6,3,3,1,BEHAVIORAL_ANOMALY
tx_legit_003477,usr_norm_1824,merch_razorpay_010,521.26,INR,2026-08-18T09:16:04+00:00,dev_fingerprint_1907,192.168.77.118,"Mumbai, IN",pm_tok_synthetic_00340,601,1,0,1,1,0,NONE
tx_legit_006420,usr_norm_0788,merch_razorpay_020,252.33,INR,2026-08-18T09:24:41+00:00,dev_fingerprint_0542,192.168.17.99,"Mumbai, IN",pm_tok_synthetic_02228,426,1,0,1,1,0,NONE
tx_legit_001293,usr_norm_1988,merch_razorpay_032,167.08,INR,2026-08-18T09:26:24+00:00,dev_fingerprint_1348,192.168.51.109,"Mumbai, IN",pm_tok_synthetic_00348,152,1,0,1,2,0,NONE
tx_legit_006530,usr_norm_1618,merch_razorpay_010,609.59,INR,2026-08-18T09:29:10+00:00,dev_fingerprint_0499,192.168.126.28,"Kolkata, IN",pm_tok_synthetic_00651,523,1,0,1,1,0,NONE
tx_legit_004962,usr_norm_0089,merch_razorpay_013,240.13,INR,2026-08-18T09:38:29+00:00,dev_fingerprint_0647,192.168.87.6,"Delhi, IN",pm_tok_synthetic_01017,99,1,0,1,3,0,NONE
tx_legit_006035,usr_norm_1182,merch_razorpay_045,177.26,INR,2026-08-18T09:38:37+00:00,dev_fingerprint_1247,192.168.221.93,"Chennai, IN",pm_tok_synthetic_01574,440,1,1,1,2,0,NONE
tx_fraud_000603,usr_fraud_anomD_122,merch_razorpay_019,89698.1,INR,2026-08-18T09:39:00+00:00,dev_anomD_122,192.0.2.144,Unknown / VPN Node,pm_tok_anomD_122,3,15,6,3,3,1,BEHAVIORAL_ANOMALY
tx_legit_004161,usr_norm_1265,merch_razorpay_036,1189.22,INR,2026-08-18T09:39:21+00:00,dev_fingerprint_1320,192.168.163.159,"Bengaluru, IN",pm_tok_synthetic_01111,485,1,0,1,2,0,NONE
tx_legit_001472,usr_norm_0032,merch_razorpay_011,301.51,INR,2026-08-18T09:48:48+00:00,dev_fingerprint_0186,192.168.163.181,"Delhi, IN",pm_tok_synthetic_00349,125,2,0,1,4,0,NONE
tx_legit_009166,usr_norm_1108,merch_razorpay_020,1244.75,INR,2026-08-18T09:53:22+00:00,dev_fingerprint_0366,192.168.72.226,"Delhi, IN",pm_tok_synthetic_02317,705,1,0,1,2,0,NONE
tx_legit_004167,usr_norm_1060,merch_razorpay_025,325.31,INR,2026-08-18T09:55:58+00:00,dev_fingerprint_1199,192.168.26.98,"Kolkata, IN",pm_tok_synthetic_00297,396,1,0,1,1,0,NONE
tx_legit_006638,usr_norm_0007,merch_razorpay_042,265.11,INR,2026-08-18T10:11:49+00:00,dev_fingerprint_0266,192.168.145.201,"Mumbai, IN",pm_tok_synthetic_01026,847,1,0,1,1,0,NONE
tx_legit_004387,usr_norm_1635,merch_razorpay_010,461.77,INR,2026-08-18T10:12:07+00:00,dev_fingerprint_1395,192.168.191.250,"Ahmedabad, IN",pm_tok_synthetic_01296,336,1,0,1,1,0,NONE
tx_legit_004448,usr_norm_1459,merch_razorpay_009,164.15,INR,2026-08-18T10:15:41+00:00,dev_fingerprint_0639,192.168.212.242,"Ahmedabad, IN",pm_tok_synthetic_00907,367,2,0,1,1,0,NONE
tx_legit_001004,usr_norm_0267,merch_razorpay_019,323.43,INR,2026-08-18T10:22:13+00:00,dev_fingerprint_0295,192.168.222.103,"Mumbai, IN",pm_tok_synthetic_02467,551,1,0,1,1,0,NONE
tx_legit_003266,usr_norm_1960,merch_razorpay_022,77.37,INR,2026-08-18T10:25:51+00:00,dev_fingerprint_0021,192.168.31.166,"Bengaluru, IN",pm_tok_synthetic_00395,831,1,0,1,3,0,NONE
tx_fraud_000236,usr_fraud_burstB_015,merch_razorpay_016,12497.74,INR,2026-08-18T10:48:55+00:00,dev_fraud_burstB_027,203.0.113.104,"Delhi, IN",pm_tok_burstB_013,25,19,2,3,20,1,SHARED_IP_BURST
tx_legit_007249,usr_norm_0401,merch_razorpay_000,493.87,INR,2026-08-18T10:53:00+00:00,dev_fingerprint_1375,192.168.199.124,"Hyderabad, IN",pm_tok_synthetic_00888,520,2,0,1,1,0,NONE
tx_legit_007719,usr_norm_0441,merch_razorpay_018,445.55,INR,2026-08-18T10:56:11+00:00,dev_fingerprint_1330,192.168.70.107,"Delhi, IN",pm_tok_synthetic_00129,125,1,0,1,5,0,NONE
tx_fraud_000676,usr_fraud_combE_010,merch_razorpay_046,36196.58,INR,2026-08-18T10:58:12+00:00,dev_fraud_combE_1,203.0.113.202,Tor / Proxy Exit Node,pm_tok_combE_2,3,26,9,21,24,1,COMBINED_RING
tx_legit_001169,usr_norm_1641,merch_razorpay_000,539.93,INR,2026-08-18T11:17:29+00:00,dev_fingerprint_0001,192.168.173.211,"Bengaluru, IN",pm_tok_synthetic_02293,870,1,0,1,2,0,NONE
tx_legit_003562,usr_norm_1417,merch_razorpay_046,320.56,INR,2026-08-18T11:18:50+00:00,dev_fingerprint_1335,192.168.127.218,"Chennai, IN",pm_tok_synthetic_00803,604,2,0,1,3,0,NONE
tx_fraud_000502,usr_fraud_anomD_021,merch_razorpay_045,48144.26,INR,2026-08-18T11:23:57+00:00,dev_anomD_021,192.0.2.205,Unknown / VPN Node,pm_tok_anomD_021,2,11,7,1,1,1,BEHAVIORAL_ANOMALY
tx_legit_003243,usr_norm_1594,merch_razorpay_023,452.39,INR,2026-08-18T11:31:26+00:00,dev_fingerprint_0501,10.0.14.107,"Kolkata, IN",pm_tok_synthetic_00291,348,1,0,1,1,0,NONE
tx_legit_006306,usr_norm_1132,merch_razorpay_002,2722.61,INR,2026-08-18T11:37:37+00:00,dev_fingerprint_1952,10.0.17.135,"Ahmedabad, IN",pm_tok_synthetic_02426,194,1,2,1,1,0,NONE
tx_legit_007886,usr_norm_0594,merch_razorpay_010,469.85,INR,2026-08-18T11:39:13+00:00,dev_fingerprint_0254,192.168.173.68,"Ahmedabad, IN",pm_tok_synthetic_00647,481,1,0,1,3,0,NONE
tx_legit_001619,usr_norm_1436,merch_razorpay_049,1999.51,INR,2026-08-18T11:39:19+00:00,dev_fingerprint_1691,10.0.59.146,"Mumbai, IN",pm_tok_synthetic_01966,415,1,0,2,1,0,NONE
tx_legit_007151,usr_norm_0362,merch_razorpay_047,652.69,INR,2026-08-18T11:41:28+00:00,dev_fingerprint_1876,192.168.131.192,"Ahmedabad, IN",pm_tok_synthetic_01721,413,1,0,1,2,0,NONE
tx_legit_002111,usr_norm_1028,merch_razorpay_033,1425.52,INR,2026-08-18T11:41:39+00:00,dev_fingerprint_0104,192.168.211.1,"Ahmedabad, IN",pm_tok_synthetic_01233,532,1,1,1,1,0,NONE
tx_legit_002439,usr_norm_1246,merch_razorpay_002,733.26,INR,2026-08-18T11:43:21+00:00,dev_fingerprint_1475,192.168.239.106,"Bengaluru, IN",pm_tok_synthetic_01993,337,1,1,1,1,0,NONE
tx_legit_002942,usr_norm_1589,merch_razorpay_025,457.94,INR,2026-08-18T11:44:44+00:00,dev_fingerprint_0305,192.168.232.9,"Ahmedabad, IN",pm_tok_synthetic_01120,147,1,2,2,1,0,NONE
tx_fraud_000333,usr_fraud_reuseC_012,merch_razorpay_028,11337.76,INR,2026-08-18T11:54:35+00:00,dev_reuseC_020,198.51.100.179,"Delhi, IN",pm_tok_stolen_C_002,4,3,3,2,5,1,PAYMENT_REF_REUSE
tx_legit_007970,usr_norm_1720,merch_razorpay_002,346.72,INR,2026-08-18T11:58:58+00:00,dev_fingerprint_0331,192.168.124.89,"Hyderabad, IN",pm_tok_synthetic_00303,313,1,0,1,1,0,NONE
tx_fraud_000048,usr_fraud_ringA_022,merch_razorpay_029,2567.49,INR,2026-08-18T12:00:09+00:00,dev_fraud_ring_A_2,198.51.100.86,"Bengaluru, IN",pm_tok_ringA_001,12,6,4,8,3,1,DEVICE_SHARING_RING
tx_legit_008704,usr_norm_1290,merch_razorpay_021,586.19,INR,2026-08-18T12:05:51+00:00,dev_fingerprint_0977,192.168.231.92,"Chennai, IN",pm_tok_synthetic_00037,814,1,0,1,1,0,NONE
tx_fraud_000106,usr_fraud_ringA_005,merch_razorpay_002,5821.01,INR,2026-08-18T12:07:55+00:00,dev_fraud_ring_A_4,198.51.100.42,"Pune, IN",pm_tok_ringA_005,13,5,4,11,3,1,DEVICE_SHARING_RING
tx_legit_008919,usr_norm_1773,merch_razorpay_017,849.84,INR,2026-08-18T12:08:48+00:00,dev_fingerprint_1694,192.168.57.115,"Bengaluru, IN",pm_tok_synthetic_01994,112,3,0,1,1,0,NONE
tx_fraud_000455,usr_fraud_reuseC_014,merch_razorpay_012,13365.9,INR,2026-08-18T12:09:07+00:00,dev_reuseC_005,198.51.100.119,"Hyderabad, IN",pm_tok_stolen_C_004,3,5,0,3,6,1,PAYMENT_REF_REUSE
tx_legit_002416,usr_norm_0979,merch_razorpay_023,552.9,INR,2026-08-18T12:26:39+00:00,dev_fingerprint_0247,192.168.150.98,"Mumbai, IN",pm_tok_synthetic_01609,250,1,0,1,1,0,NONE
tx_legit_002125,usr_norm_0350,merch_razorpay_043,221.64,INR,2026-08-18T12:36:42+00:00,dev_fingerprint_0238,192.168.69.212,"Pune, IN",pm_tok_synthetic_00841,764,2,0,1,2,0,NONE
tx_legit_001900,usr_norm_0833,merch_razorpay_001,1194.31,INR,2026-08-18T12:43:32+00:00,dev_fingerprint_0059,192.168.120.222,"Ahmedabad, IN",pm_tok_synthetic_00789,882,1,0,1,2,0,NONE
tx_fraud_000522,usr_fraud_anomD_041,merch_razorpay_012,76185.3,INR,2026-08-18T12:44:40+00:00,dev_anomD_041,192.0.2.234,Unknown / VPN Node,pm_tok_anomD_041,3,9,5,2,4,1,BEHAVIORAL_ANOMALY
tx_legit_004914,usr_norm_0362,merch_razorpay_015,446.49,INR,2026-08-18T12:55:20+00:00,dev_fingerprint_0277,192.168.131.192,"Ahmedabad, IN",pm_tok_synthetic_01721,413,1,0,2,2,0,NONE
tx_legit_008420,usr_norm_0706,merch_razorpay_047,359.33,INR,2026-08-18T13:08:37+00:00,dev_fingerprint_1200,192.168.3.171,"Kolkata, IN",pm_tok_synthetic_00307,52,2,1,1,1,0,NONE
tx_legit_006395,usr_norm_1514,merch_razorpay_021,877.5,INR,2026-08-18T13:09:09+00:00,dev_fingerprint_0415,192.168.58.36,"Ahmedabad, IN",pm_tok_synthetic_01036,42,1,0,2,1,0,NONE
tx_legit_000507,usr_norm_1674,merch_razorpay_028,189.82,INR,2026-08-18T13:09:16+00:00,dev_fingerprint_0622,192.168.30.249,"Mumbai, IN",pm_tok_synthetic_02308,296,1,0,2,1,0,NONE
tx_legit_007269,usr_norm_0343,merch_razorpay_027,750.37,INR,2026-08-18T13:09:46+00:00,dev_fingerprint_1100,192.168.85.223,"Mumbai, IN",pm_tok_synthetic_00894,810,1,1,1,2,0,NONE
tx_legit_002242,usr_norm_0642,merch_razorpay_003,217.02,INR,2026-08-18T13:10:43+00:00,dev_fingerprint_0500,10.0.54.77,"Delhi, IN",pm_tok_synthetic_01779,148,1,0,1,2,0,NONE
tx_legit_003628,usr_norm_1912,merch_razorpay_009,1190.43,INR,2026-08-18T13:14:23+00:00,dev_fingerprint_1163,192.168.214.40,"Delhi, IN",pm_tok_synthetic_00560,234,3,0,1,4,0,NONE
tx_legit_005728,usr_norm_1105,merch_razorpay_040,213.72,INR,2026-08-18T13:18:20+00:00,dev_fingerprint_1028,192.168.56.60,"Bengaluru, IN",pm_tok_synthetic_00978,898,3,0,1,1,0,NONE
tx_legit_001273,usr_norm_1744,merch_razorpay_009,304.86,INR,2026-08-18T13:19:26+00:00,dev_fingerprint_1729,192.168.185.241,"Kolkata, IN",pm_tok_synthetic_01992,116,1,0,1,1,0,NONE
tx_legit_000054,usr_norm_1248,merch_razorpay_006,1649.57,INR,2026-08-18T13:20:21+00:00,dev_fingerprint_0815,10.0.211.144,"Delhi, IN",pm_tok_synthetic_00669,91,1,0,1,1,0,NONE
tx_legit_001448,usr_norm_1561,merch_razorpay_036,1225.52,INR,2026-08-18T13:22:46+00:00,dev_fingerprint_1157,10.0.67.120,"Bengaluru, IN",pm_tok_synthetic_01292,598,2,0,1,2,0,NONE
tx_fraud_000089,usr_fraud_ringA_013,merch_razorpay_033,7216.5,INR,2026-08-18T13:25:00+00:00,dev_fraud_ring_A_2,198.51.100.72,"Ahmedabad, IN",pm_tok_ringA_010,7,6,4,16,2,1,DEVICE_SHARING_RING
tx_legit_008942,usr_norm_1940,merch_razorpay_035,284.93,INR,2026-08-18T13:30:29+00:00,dev_fingerprint_0696,192.168.248.217,"Pune, IN",pm_tok_synthetic_00667,134,1,0,1,1,0,NONE
tx_legit_002079,usr_norm_0344,merch_razorpay_034,196.93,INR,2026-08-18T13:37:46+00:00,dev_fingerprint_0506,192.168.69.212,"Chennai, IN",pm_tok_synthetic_02440,836,2,0,1,1,0,NONE
tx_legit_002654,usr_norm_0849,merch_razorpay_024,735.48,INR,2026-08-18T13:38:53+00:00,dev_fingerprint_0017,192.168.153.18,"Hyderabad, IN",pm_tok_synthetic_01033,652,1,0,1,1,0,NONE
tx_legit_007501,usr_norm_0516,merch_razorpay_036,1019.91,INR,2026-08-18T13:40:37+00:00,dev_fingerprint_1391,192.168.115.203,"Hyderabad, IN",pm_tok_synthetic_02049,184,1,0,2,1,0,NONE
tx_legit_000315,usr_norm_1074,merch_razorpay_036,1027.96,INR,2026-08-18T13:43:11+00:00,dev_fingerprint_1322,192.168.119.164,"Chennai, IN",pm_tok_synthetic_02099,175,1,0,3,2,0,NONE
tx_legit_006047,usr_norm_0014,merch_razorpay_047,286.17,INR,2026-08-18T13:43:24+00:00,dev_fingerprint_1215,10.0.91.92,"Mumbai, IN",pm_tok_synthetic_01851,545,1,0,1,1,0,NONE
tx_legit_005812,usr_norm_0604,merch_razorpay_011,701.7,INR,2026-08-18T13:43:56+00:00,dev_fingerprint_1215,192.168.61.104,"Kolkata, IN",pm_tok_synthetic_02127,726,1,0,1,1,0,NONE
tx_legit_003612,usr_norm_1091,merch_razorpay_042,940.16,INR,2026-08-18T13:50:17+00:00,dev_fingerprint_0947,192.168.20.183,"Pune, IN",pm_tok_synthetic_01469,823,1,0,1,2,0,NONE
tx_legit_005570,usr_norm_0159,merch_razorpay_030,161.99,INR,2026-08-18T13:50:36+00:00,dev_fingerprint_1168,192.168.28.200,"Mumbai, IN",pm_tok_synthetic_00767,710,1,0,1,1,0,NONE
tx_legit_006200,usr_norm_0058,merch_razorpay_023,922.9,INR,2026-08-18T13:52:39+00:00,dev_fingerprint_1049,192.168.130.156,"Pune, IN",pm_tok_synthetic_01413,470,1,0,1,1,0,NONE
tx_legit_009151,usr_norm_1409,merch_razorpay_010,1333.06,INR,2026-08-18T13:56:33+00:00,dev_fingerprint_1218,10.0.151.172,"Hyderabad, IN",pm_tok_synthetic_02067,122,1,0,1,1,0,NONE
tx_legit_001897,usr_norm_0282,merch_razorpay_022,495.98,INR,2026-08-18T14:09:09+00:00,dev_fingerprint_1476,192.168.71.12,"Bengaluru, IN",pm_tok_synthetic_01557,181,1,0,1,1,0,NONE
tx_legit_005267,usr_norm_1309,merch_razorpay_036,374.79,INR,2026-08-18T14:21:24+00:00,dev_fingerprint_0444,192.168.249.67,"Chennai, IN",pm_tok_synthetic_01721,349,1,1,1,4,0,NONE
tx_fraud_000424,usr_fraud_reuseC_003,merch_razorpay_035,5598.06,INR,2026-08-18T14:24:31+00:00,dev_reuseC_015,198.51.100.127,"Chennai, IN",pm_tok_stolen_C_005,0,5,3,2,2,1,PAYMENT_REF_REUSE
tx_fraud_000010,usr_fraud_ringA_009,merch_razorpay_034,12422.4,INR,2026-08-18T14:32:21+00:00,dev_fraud_ring_A_0,198.51.100.46,"Mumbai, IN",pm_tok_ringA_005,9,11,2,12,6,1,DEVICE_SHARING_RING
tx_legit_008664,usr_norm_1489,merch_razorpay_047,797.31,INR,2026-08-18T14:37:42+00:00,dev_fingerprint_0086,192.168.191.250,"Mumbai, IN",pm_tok_synthetic_01006,561,1,0,1,1,0,NONE
tx_legit_005345,usr_norm_0167,merch_razorpay_012,1007.52,INR,2026-08-18T14:38:25+00:00,dev_fingerprint_1191,192.168.133.93,"Mumbai, IN",pm_tok_synthetic_01361,166,1,0,1,1,0,NONE
tx_legit_005150,usr_norm_1866,merch_razorpay_040,624.05,INR,2026-08-18T14:47:29+00:00,dev_fingerprint_1123,192.168.71.113,"Hyderabad, IN",pm_tok_synthetic_01875,341,1,0,1,1,0,NONE
tx_fraud_000597,usr_fraud_anomD_116,merch_razorpay_008,52296.39,INR,2026-08-18T14:48:26+00:00,dev_anomD_116,192.0.2.33,Unknown / VPN Node,pm_tok_anomD_116,7,6,7,1,3,1,BEHAVIORAL_ANOMALY
tx_legit_008800,usr_norm_1975,merch_razorpay_030,288.42,INR,2026-08-18T14:53:04+00:00,dev_fingerprint_0868,192.168.139.16,"Delhi, IN",pm_tok_synthetic_02106,263,1,0,1,3,0,NONE
tx_fraud_000655,usr_fraud_combE_014,merch_razorpay_035,35955.29,INR,2026-08-18T14:55:03+00:00,dev_fraud_combE_0,203.0.113.202,Tor / Proxy Exit Node,pm_tok_combE_1,3,24,7,12,30,1,COMBINED_RING
tx_legit_003347,usr_norm_1642,merch_razorpay_028,171.17,INR,2026-08-18T14:56:47+00:00,dev_fingerprint_0735,10.0.135.236,"Delhi, IN",pm_tok_synthetic_01155,61,2,0,1,1,0,NONE
tx_legit_000723,usr_norm_1362,merch_razorpay_030,210.66,INR,2026-08-18T15:08:38+00:00,dev_fingerprint_1470,192.168.225.184,"Ahmedabad, IN",pm_tok_synthetic_00053,243,1,0,1,1,0,NONE
tx_fraud_000131,usr_fraud_ringA_005,merch_razorpay_006,5544.44,INR,2026-08-18T15:11:25+00:00,dev_fraud_ring_A_1,198.51.100.81,"Mumbai, IN",pm_tok_ringA_008,3,11,2,18,4,1,DEVICE_SHARING_RING
tx_legit_000222,usr_norm_1776,merch_razorpay_010,280.14,INR,2026-08-18T15:18:29+00:00,dev_fingerprint_1900,10.0.128.25,"Chennai, IN",pm_tok_synthetic_01949,738,1,0,1,1,0,NONE
tx_legit_005630,usr_norm_0228,merch_razorpay_025,704.33,INR,2026-08-18T15:26:04+00:00,dev_fingerprint_0620,192.168.50.76,"Pune, IN",pm_tok_synthetic_02185,125,1,0,1,1,0,NONE
tx_legit_008835,usr_norm_0914,merch_razorpay_027,103.87,INR,2026-08-18T15:26:40+00:00,dev_fingerprint_0280,192.168.46.206,"Mumbai, IN",pm_tok_synthetic_00429,553,2,0,1,2,0,NONE
tx_legit_005472,usr_norm_0434,merch_razorpay_022,466.99,INR,2026-08-18T15:31:41+00:00,dev_fingerprint_1429,192.168.151.170,"Ahmedabad, IN",pm_tok_synthetic_01763,855,1,0,1,1,0,NONE
tx_legit_001907,usr_norm_0579,merch_razorpay_022,614.98,INR,2026-08-18T15:32:37+00:00,dev_fingerprint_1672,192.168.22.73,"Pune, IN",pm_tok_synthetic_02004,175,2,0,2,1,0,NONE
tx_legit_004391,usr_norm_1073,merch_razorpay_006,153.51,INR,2026-08-18T15:36:14+00:00,dev_fingerprint_1486,192.168.247.252,"Chennai, IN",pm_tok_synthetic_00867,452,1,0,1,3,0,NONE
tx_legit_008924,usr_norm_0216,merch_razorpay_019,286.31,INR,2026-08-18T15:37:05+00:00,dev_fingerprint_0633,192.168.193.61,"Ahmedabad, IN",pm_tok_synthetic_01960,568,1,0,1,1,0,NONE
tx_legit_000259,usr_norm_1934,merch_razorpay_032,931.3,INR,2026-08-18T15:40:32+00:00,dev_fingerprint_0342,192.168.170.95,"Bengaluru, IN",pm_tok_synthetic_01321,353,1,0,1,1,0,NONE
tx_legit_007263,usr_norm_0337,merch_razorpay_019,845.66,INR,2026-08-18T15:40:42+00:00,dev_fingerprint_1029,192.168.94.24,"Bengaluru, IN",pm_tok_synthetic_01273,736,1,0,1,2,0,NONE
tx_legit_002634,usr_norm_1442,merch_razorpay_042,845.28,INR,2026-08-18T15:49:10+00:00,dev_fingerprint_1351,192.168.190.189,"Kolkata, IN",pm_tok_synthetic_00441,49,2,0,1,2,0,NONE
tx_legit_007292,usr_norm_0095,merch_razorpay_028,292.58,INR,2026-08-18T16:01:55+00:00,dev_fingerprint_1216,192.168.246.167,"Chennai, IN",pm_tok_synthetic_01574,503,1,0,2,1,0,NONE
tx_legit_005731,usr_norm_1034,merch_razorpay_009,866.01,INR,2026-08-18T16:02:30+00:00,dev_fingerprint_0453,192.168.205.59,"Ahmedabad, IN",pm_tok_synthetic_00873,709,1,0,1,1,0,NONE
tx_legit_000458,usr_norm_1163,merch_razorpay_025,1353.72,INR,2026-08-18T16:03:16+00:00,dev_fingerprint_0420,192.168.120.177,"Kolkata, IN",pm_tok_synthetic_01293,448,2,0,1,3,0,NONE
tx_legit_002814,usr_norm_0685,merch_razorpay_041,177.33,INR,2026-08-18T16:03:28+00:00,dev_fingerprint_1356,10.0.134.27,"Bengaluru, IN",pm_tok_synthetic_00535,272,1,0,1,1,0,NONE
tx_legit_004994,usr_norm_1626,merch_razorpay_017,208.5,INR,2026-08-18T16:07:40+00:00,dev_fingerprint_0911,10.0.226.234,"Ahmedabad, IN",pm_tok_synthetic_01261,445,2,0,1,1,0,NONE
tx_legit_002995,usr_norm_1979,merch_razorpay_031,284.09,INR,2026-08-18T16:08:15+00:00,dev_fingerprint_1544,192.168.158.207,"Delhi, IN",pm_tok_synthetic_00166,114,2,0,1,3,0,NONE
tx_legit_002986,usr_norm_0130,merch_razorpay_043,1534.64,INR,2026-08-18T16:13:07+00:00,dev_fingerprint_0960,192.168.139.225,"Delhi, IN",pm_tok_synthetic_00794,406,2,0,1,1,0,NONE
tx_fraud_000202,usr_fraud_burstB_011,merch_razorpay_022,13881.38,INR,2026-08-18T16:15:02+00:00,dev_fraud_burstB_031,203.0.113.101,"Ahmedabad, IN",pm_tok_burstB_020,12,8,8,1,35,1,SHARED_IP_BURST
tx_legit_006589,usr_norm_0957,merch_razorpay_004,3262.91,INR,2026-08-18T16:17:32+00:00,dev_fingerprint_0493,10.0.99.95,"Chennai, IN",pm_tok_synthetic_01139,81,1,0,1,1,0,NONE
tx_legit_000600,usr_norm_1319,merch_razorpay_019,1961.95,INR,2026-08-18T16:20:04+00:00,dev_fingerprint_1363,192.168.143.170,"Hyderabad, IN",pm_tok_synthetic_01936,428,1,0,1,1,0,NONE
tx_legit_000730,usr_norm_0283,merch_razorpay_015,690.01,INR,2026-08-18T16:26:55+00:00,dev_fingerprint_1394,192.168.193.240,"Delhi, IN",pm_tok_synthetic_00129,616,1,0,2,1,0,NONE
tx_legit_006152,usr_norm_0571,merch_razorpay_012,286.52,INR,2026-08-18T16:27:49+00:00,dev_fingerprint_0121,192.168.172.98,"Pune, IN",pm_tok_synthetic_01436,575,1,0,1,2,0,NONE
tx_legit_005433,usr_norm_1798,merch_razorpay_009,506.12,INR,2026-08-18T16:30:46+00:00,dev_fingerprint_1386,192.168.188.34,"Bengaluru, IN",pm_tok_synthetic_01334,265,1,0,1,1,0,NONE
tx_legit_007293,usr_norm_1667,merch_razorpay_005,449.53,INR,2026-08-18T16:34:48+00:00,dev_fingerprint_0502,192.168.192.189,"Chennai, IN",pm_tok_synthetic_00319,730,1,0,1,1,0,NONE
tx_fraud_000764,usr_fraud_combE_023,merch_razorpay_034,49777.91,INR,2026-08-18T16:38:26+00:00,dev_fraud_combE_1,203.0.113.203,Tor / Proxy Exit Node,pm_tok_combE_1,4,11,7,17,27,1,COMBINED_RING
tx_legit_007780,usr_norm_0169,merch_razorpay_037,708.42,INR,2026-08-18T16:39:48+00:00,dev_fingerprint_1316,192.168.173.168,"Chennai, IN",pm_tok_synthetic_01903,742,1,1,1,2,0,NONE
tx_legit_001334,usr_norm_0398,merch_razorpay_045,1263.85,INR,2026-08-18T16:42:26+00:00,dev_fingerprint_0390,192.168.69.180,"Pune, IN",pm_tok_synthetic_01099,416,1,0,1,2,0,NONE
tx_legit_002346,usr_norm_1280,merch_razorpay_026,446.98,INR,2026-08-18T16:46:30+00:00,dev_fingerprint_1123,192.168.71.113,"Bengaluru, IN",pm_tok_synthetic_00553,744,1,0,1,2,0,NONE
tx_legit_002208,usr_norm_0709,merch_razorpay_009,614.88,INR,2026-08-18T16:46:56+00:00,dev_fingerprint_0087,192.168.233.180,"Hyderabad, IN",pm_tok_synthetic_01888,81,3,0,1,1,0,NONE
tx_fraud_000540,usr_fraud_anomD_059,merch_razorpay_043,85312.25,INR,2026-08-18T16:59:54+00:00,dev_anomD_059,192.0.2.178,Unknown / VPN Node,pm_tok_anomD_059,4,16,3,1,3,1,BEHAVIORAL_ANOMALY
tx_fraud_000545,usr_fraud_anomD_064,merch_razorpay_031,37903.93,INR,2026-08-18T17:05:29+00:00,dev_anomD_064,192.0.2.4,Unknown / VPN Node,pm_tok_anomD_064,8,8,4,2,2,1,BEHAVIORAL_ANOMALY
tx_legit_004706,usr_norm_1457,merch_razorpay_018,350.84,INR,2026-08-18T17:10:29+00:00,dev_fingerprint_1940,192.168.247.192,"Kolkata, IN",pm_tok_synthetic_00931,457,1,0,1,2,0,NONE
tx_legit_008303,usr_norm_1123,merch_razorpay_001,237.29,INR,2026-08-18T17:11:35+00:00,dev_fingerprint_1027,192.168.74.199,"Delhi, IN",pm_tok_synthetic_00569,480,3,0,1,1,0,NONE
tx_legit_002264,usr_norm_0271,merch_razorpay_018,282.75,INR,2026-08-18T17:16:26+00:00,dev_fingerprint_1241,192.168.232.161,"Mumbai, IN",pm_tok_synthetic_02111,173,1,0,1,2,0,NONE
tx_legit_003071,usr_norm_1186,merch_razorpay_005,554.3,INR,2026-08-18T17:18:52+00:00,dev_fingerprint_1836,10.0.253.220,"Kolkata, IN",pm_tok_synthetic_02122,322,2,0,1,2,0,NONE
tx_fraud_000145,usr_fraud_ringA_019,merch_razorpay_021,7864.97,INR,2026-08-18T17:20:17+00:00,dev_fraud_ring_A_0,198.51.100.30,"Bengaluru, IN",pm_tok_ringA_002,5,11,4,9,3,1,DEVICE_SHARING_RING
tx_fraud_000700,usr_fraud_combE_009,merch_razorpay_010,61373.89,INR,2026-08-18T17:21:45+00:00,dev_fraud_combE_1,203.0.113.203,Tor / Proxy Exit Node,pm_tok_combE_2,2,15,8,24,23,1,COMBINED_RING
tx_legit_004886,usr_norm_1687,merch_razorpay_045,662.52,INR,2026-08-18T17:30:53+00:00,dev_fingerprint_0315,192.168.204.15,"Pune, IN",pm_tok_synthetic_02031,800,1,0,2,1,0,NONE
tx_legit_007531,usr_norm_0737,merch_razorpay_013,186.34,INR,2026-08-18T17:32:52+00:00,dev_fingerprint_1004,192.168.221.93,"Ahmedabad, IN",pm_tok_synthetic_00369,87,1,0,1,1,0,NONE
tx_fraud_000697,usr_fraud_combE_006,merch_razorpay_041,54508.06,INR,2026-08-18T17:35:44+00:00,dev_fraud_combE_2,203.0.113.202,Tor / Proxy Exit Node,pm_tok_combE_2,7,13,9,23,17,1,COMBINED_RING
tx_legit_005003,usr_norm_1604,merch_razorpay_016,387.78,INR,2026-08-18T17:37:11+00:00,dev_fingerprint_1430,192.168.193.100,"Hyderabad, IN",pm_tok_synthetic_00398,496,1,0,1,2,0,NONE
tx_legit_004761,usr_norm_1958,merch_razorpay_040,92.6,INR,2026-08-18T17:47:23+00:00,dev_fingerprint_0121,192.168.219.229,"Pune, IN",pm_tok_synthetic_00487,289,1,0,1,2,0,NONE
tx_legit_002476,usr_norm_0629,merch_razorpay_018,384.22,INR,2026-08-18T17:48:27+00:00,dev_fingerprint_1551,192.168.133.119,"Chennai, IN",pm_tok_synthetic_01496,589,2,0,1,2,0,NONE
tx_fraud_000324,usr_fraud_reuseC_003,merch_razorpay_040,18906.23,INR,2026-08-18T17:53:27+00:00,dev_reuseC_010,198.51.100.117,"Kolkata, IN",pm_tok_stolen_C_005,0,6,3,4,4,1,PAYMENT_REF_REUSE
tx_legit_005453,usr_norm_1122,merch_razorpay_037,417.52,INR,2026-08-18T18:06:48+00:00,dev_fingerprint_0987,192.168.159.65,"Bengaluru, IN",pm_tok_synthetic_01107,36,1,0,1,2,0,NONE
tx_legit_004621,usr_norm_1373,merch_razorpay_020,483.59,INR,2026-08-18T18:09:21+00:00,dev_fingerprint_0216,192.168.131.192,"Pune, IN",pm_tok_synthetic_02361,396,1,0,3,1,0,NONE
tx_legit_006488,usr_norm_1426,merch_razorpay_008,576.61,INR,2026-08-18T18:19:07+00:00,dev_fingerprint_0091,10.0.40.143,"Pune, IN",pm_tok_synthetic_00956,234,1,0,1,3,0,NONE
tx_fraud_000695,usr_fraud_combE_004,merch_razorpay_011,40422.24,INR,2026-08-18T18:28:44+00:00,dev_fraud_combE_2,203.0.113.203,Tor / Proxy Exit Node,pm_tok_combE_1,4,25,4,24,25,1,COMBINED_RING
tx_legit_003271,usr_norm_1823,merch_razorpay_014,93.39,INR,2026-08-18T18:28:54+00:00,dev_fingerprint_1426,192.168.228.195,"Pune, IN",pm_tok_synthetic_00401,493,1,0,2,2,0,NONE
tx_legit_004022,usr_norm_1631,merch_razorpay_044,453.41,INR,2026-08-18T18:29:37+00:00,dev_fingerprint_1302,192.168.249.40,"Kolkata, IN",pm_tok_synthetic_00000,805,1,0,1,2,0,NONE
tx_legit_009183,usr_norm_1218,merch_razorpay_047,1579.29,INR,2026-08-18T18:35:40+00:00,dev_fingerprint_0423,192.168.64.149,"Delhi, IN",pm_tok_synthetic_00830,884,1,0,2,1,0,NONE
tx_fraud_000079,usr_fraud_ringA_003,merch_razorpay_043,8321.49,INR,2026-08-18T18:38:49+00:00,dev_fraud_ring_A_4,198.51.100.76,"Kolkata, IN",pm_tok_ringA_007,8,10,4,16,5,1,DEVICE_SHARING_RING
tx_legit_000358,usr_norm_0568,merch_razorpay_021,875.6,INR,2026-08-18T18:43:11+00:00,dev_fingerprint_1599,192.168.151.77,"Pune, IN",pm_tok_synthetic_02499,677,1,1,1,2,0,NONE
tx_fraud_000021,usr_fraud_ringA_020,merch_razorpay_000,11355.73,INR,2026-08-18T18:43:51+00:00,dev_fraud_ring_A_2,198.51.100.53,"Chennai, IN",pm_tok_ringA_006,12,5,3,13,4,1,DEVICE_SHARING_RING
tx_legit_001930,usr_norm_0231,merch_razorpay_032,1447.97,INR,2026-08-18T18:44:51+00:00,dev_fingerprint_1278,192.168.127.74,"Hyderabad, IN",pm_tok_synthetic_02478,375,1,0,1,1,0,NONE
tx_legit_002001,usr_norm_0088,merch_razorpay_001,307.45,INR,2026-08-18T18:52:18+00:00,dev_fingerprint_1301,192.168.223.193,"Chennai, IN",pm_tok_synthetic_01323,672,1,0,1,1,0,NONE
tx_fraud_000086,usr_fraud_ringA_010,merch_razorpay_007,3977.85,INR,2026-08-18T18:55:46+00:00,dev_fraud_ring_A_4,198.51.100.75,"Delhi, IN",pm_tok_ringA_007,12,7,3,10,5,1,DEVICE_SHARING_RING
tx_legit_008953,usr_norm_1513,merch_razorpay_018,2455.57,INR,2026-08-18T19:06:16+00:00,dev_fingerprint_1282,192.168.64.50,"Delhi, IN",pm_tok_synthetic_00481,164,1,0,1,1,0,NONE
tx_legit_009027,usr_norm_0773,merch_razorpay_024,404.35,INR,2026-08-18T19:08:02+00:00,dev_fingerprint_0190,192.168.252.216,"Hyderabad, IN",pm_tok_synthetic_02433,658,1,0,1,1,0,NONE
tx_legit_004358,usr_norm_1919,merch_razorpay_033,997.92,INR,2026-08-18T19:20:45+00:00,dev_fingerprint_1339,192.168.121.75,"Bengaluru, IN",pm_tok_synthetic_01178,457,1,0,1,1,0,NONE
tx_legit_001178,usr_norm_0968,merch_razorpay_031,343.46,INR,2026-08-18T19:22:50+00:00,dev_fingerprint_0744,192.168.61.162,"Chennai, IN",pm_tok_synthetic_00222,866,1,0,1,1,0,NONE
tx_legit_003741,usr_norm_1523,merch_razorpay_009,167.34,INR,2026-08-18T19:23:15+00:00,dev_fingerprint_0297,192.168.3.231,"Mumbai, IN",pm_tok_synthetic_00132,713,1,0,1,2,0,NONE
tx_legit_004395,usr_norm_0025,merch_razorpay_032,400.41,INR,2026-08-18T19:35:55+00:00,dev_fingerprint_1239,192.168.229.114,"Ahmedabad, IN",pm_tok_synthetic_00406,842,1,0,1,2,0,NONE
tx_legit_002114,usr_norm_1379,merch_razorpay_004,248.15,INR,2026-08-18T19:39:36+00:00,dev_fingerprint_0664,192.168.21.157,"Kolkata, IN",pm_tok_synthetic_01522,452,1,0,1,1,0,NONE
tx_legit_002143,usr_norm_1567,merch_razorpay_019,366.87,INR,2026-08-18T19:41:16+00:00,dev_fingerprint_0383,192.168.142.136,"Delhi, IN",pm_tok_synthetic_00478,831,1,0,1,3,0,NONE
tx_legit_007241,usr_norm_1099,merch_razorpay_012,324.22,INR,2026-08-18T19:41:33+00:00,dev_fingerprint_1208,192.168.248.15,"Bengaluru, IN",pm_tok_synthetic_00150,594,3,0,2,2,0,NONE
tx_fraud_000184,usr_fraud_burstB_023,merch_razorpay_044,2895.92,INR,2026-08-18T19:47:11+00:00,dev_fraud_burstB_002,203.0.113.102,"Kolkata, IN",pm_tok_burstB_010,29,20,7,1,18,1,SHARED_IP_BURST
tx_legit_001988,usr_norm_0561,merch_razorpay_049,132.93,INR,2026-08-18T19:50:14+00:00,dev_fingerprint_0548,10.0.91.232,"Hyderabad, IN",pm_tok_synthetic_02224,873,1,0,1,1,0,NONE
tx_legit_000536,usr_norm_1144,merch_razorpay_047,371.95,INR,2026-08-18T19:55:55+00:00,dev_fingerprint_1750,192.168.76.57,"Mumbai, IN",pm_tok_synthetic_00281,265,1,0,1,2,0,NONE
tx_legit_000160,usr_norm_1416,merch_razorpay_041,226.25,INR,2026-08-18T19:57:44+00:00,dev_fingerprint_1843,192.168.124.55,"Kolkata, IN",pm_tok_synthetic_01998,434,1,0,1,2,0,NONE
tx_fraud_000761,usr_fraud_combE_020,merch_razorpay_011,30271.19,INR,2026-08-18T20:01:52+00:00,dev_fraud_combE_2,203.0.113.201,Tor / Proxy Exit Node,pm_tok_combE_1,1,23,7,17,35,1,COMBINED_RING
tx_legit_005116,usr_norm_1938,merch_razorpay_040,403.31,INR,2026-08-18T20:05:55+00:00,dev_fingerprint_0294,192.168.51.184,"Kolkata, IN",pm_tok_synthetic_00560,560,1,0,1,1,0,NONE
tx_legit_004574,usr_norm_0617,merch_razorpay_002,453.17,INR,2026-08-18T20:08:19+00:00,dev_fingerprint_0252,192.168.5.24,"Ahmedabad, IN",pm_tok_synthetic_01572,389,1,0,1,1,0,NONE
tx_legit_007733,usr_norm_1797,merch_razorpay_013,2737.1,INR,2026-08-18T20:10:58+00:00,dev_fingerprint_0667,192.168.246.179,"Pune, IN",pm_tok_synthetic_00814,795,1,0,1,1,0,NONE
tx_fraud_000118,usr_fraud_ringA_017,merch_razorpay_043,12984.95,INR,2026-08-18T20:10:58+00:00,dev_fraud_ring_A_1,198.51.100.45,"Kolkata, IN",pm_tok_ringA_005,12,6,1,9,6,1,DEVICE_SHARING_RING
tx_legit_008369,usr_norm_1521,merch_razorpay_042,692.62,INR,2026-08-18T20:12:03+00:00,dev_fingerprint_0425,192.168.95.91,"Hyderabad, IN",pm_tok_synthetic_00757,181,1,0,1,1,0,NONE
tx_legit_007284,usr_norm_1111,merch_razorpay_030,523.8,INR,2026-08-18T20:25:18+00:00,dev_fingerprint_0128,192.168.35.68,"Pune, IN",pm_tok_synthetic_01513,269,1,0,3,1,0,NONE
tx_fraud_000721,usr_fraud_combE_005,merch_razorpay_021,54484.36,INR,2026-08-18T20:26:01+00:00,dev_fraud_combE_1,203.0.113.202,Tor / Proxy Exit Node,pm_tok_combE_0,5,13,8,15,18,1,COMBINED_RING
tx_legit_000151,usr_norm_0477,merch_razorpay_005,687.0,INR,2026-08-18T20:26:40+00:00,dev_fingerprint_0173,192.168.23.81,"Pune, IN",pm_tok_synthetic_02291,278,1,0,1,2,0,NONE
tx_legit_007401,usr_norm_1216,merch_razorpay_006,144.07,INR,2026-08-18T20:28:03+00:00,dev_fingerprint_1399,192.168.150.98,"Bengaluru, IN",pm_tok_synthetic_00778,540,1,0,1,1,0,NONE
tx_legit_008732,usr_norm_1729,merch_razorpay_033,510.51,INR,2026-08-18T20:29:21+00:00,dev_fingerprint_0513,10.0.144.194,"Ahmedabad, IN",pm_tok_synthetic_01826,49,1,1,1,1,0,NONE
tx_legit_001418,usr_norm_0204,merch_razorpay_018,75.28,INR,2026-08-18T20:34:58+00:00,dev_fingerprint_0913,192.168.139.16,"Chennai, IN",pm_tok_synthetic_01169,740,1,0,1,1,0,NONE
tx_fraud_000579,usr_fraud_anomD_098,merch_razorpay_012,48050.25,INR,2026-08-18T20:36:46+00:00,dev_anomD_098,192.0.2.6,Unknown / VPN Node,pm_tok_anomD_098,4,11,6,3,2,1,BEHAVIORAL_ANOMALY
tx_legit_001799,usr_norm_0591,merch_razorpay_047,411.03,INR,2026-08-18T20:45:08+00:00,dev_fingerprint_0267,192.168.72.226,"Chennai, IN",pm_tok_synthetic_01987,837,1,0,1,1,0,NONE
tx_legit_001731,usr_norm_1005,merch_razorpay_020,371.13,INR,2026-08-18T20:51:25+00:00,dev_fingerprint_0218,192.168.87.27,"Kolkata, IN",pm_tok_synthetic_01560,178,1,1,1,1,0,NONE
tx_legit_006093,usr_norm_1330,merch_razorpay_033,318.77,INR,2026-08-18T20:58:05+00:00,dev_fingerprint_1221,192.168.19.182,"Mumbai, IN",pm_tok_synthetic_01521,819,2,0,1,1,0,NONE
tx_legit_001721,usr_norm_1959,merch_razorpay_014,228.97,INR,2026-08-18T21:04:50+00:00,dev_fingerprint_0088,192.168.9.207,"Hyderabad, IN",pm_tok_synthetic_01235,713,1,0,1,1,0,NONE
tx_legit_006495,usr_norm_1501,merch_razorpay_013,1003.86,INR,2026-08-18T21:10:00+00:00,dev_fingerprint_1459,192.168.113.9,"Delhi, IN",pm_tok_synthetic_00827,495,1,1,1,1,0,NONE
tx_legit_002276,usr_norm_1387,merch_razorpay_029,230.97,INR,2026-08-18T21:13:43+00:00,dev_fingerprint_1898,192.168.231.74,"Hyderabad, IN",pm_tok_synthetic_01289,52,1,1,1,2,0,NONE
tx_legit_007209,usr_norm_1988,merch_razorpay_029,311.54,INR,2026-08-18T21:20:05+00:00,dev_fingerprint_1348,192.168.51.109,"Bengaluru, IN",pm_tok_synthetic_00348,152,1,0,1,3,0,NONE
tx_legit_005865,usr_norm_1163,merch_razorpay_001,430.61,INR,2026-08-18T21:33:03+00:00,dev_fingerprint_0420,192.168.120.177,"Kolkata, IN",pm_tok_synthetic_01293,448,1,0,1,1,0,NONE
tx_fraud_000020,usr_fraud_ringA_019,merch_razorpay_027,17802.57,INR,2026-08-18T21:42:22+00:00,dev_fraud_ring_A_3,198.51.100.43,"Delhi, IN",pm_tok_ringA_004,12,12,1,11,3,1,DEVICE_SHARING_RING
tx_legit_000254,usr_norm_1690,merch_razorpay_044,343.66,INR,2026-08-18T21:46:32+00:00,dev_fingerprint_1183,192.168.14.49,"Kolkata, IN",pm_tok_synthetic_01413,85,2,0,1,2,0,NONE
tx_fraud_000098,usr_fraud_ringA_022,merch_razorpay_040,6582.35,INR,2026-08-18T21:51:01+00:00,dev_fraud_ring_A_3,198.51.100.31,"Mumbai, IN",pm_tok_ringA_007,8,4,1,11,2,1,DEVICE_SHARING_RING
tx_legit_008842,usr_norm_1568,merch_razorpay_015,1053.73,INR,2026-08-18T21:51:49+00:00,dev_fingerprint_1839,192.168.11.196,"Pune, IN",pm_tok_synthetic_01288,756,1,0,1,1,0,NONE
tx_legit_007958,usr_norm_0245,merch_razorpay_012,80.92,INR,2026-08-18T21:54:27+00:00,dev_fingerprint_0653,192.168.81.238,"Chennai, IN",pm_tok_synthetic_01910,155,1,0,1,1,0,NONE
tx_legit_000657,usr_norm_0726,merch_razorpay_002,423.83,INR,2026-08-18T21:58:17+00:00,dev_fingerprint_1691,192.168.98.70,"Delhi, IN",pm_tok_synthetic_01932,572,1,0,1,4,0,NONE
tx_legit_006682,usr_norm_0198,merch_razorpay_037,429.13,INR,2026-08-18T22:01:07+00:00,dev_fingerprint_0761,192.168.161.62,"Hyderabad, IN",pm_tok_synthetic_00314,617,1,0,1,1,0,NONE
tx_legit_005720,usr_norm_0466,merch_razorpay_028,217.76,INR,2026-08-18T22:05:14+00:00,dev_fingerprint_0548,192.168.57.2,"Mumbai, IN",pm_tok_synthetic_01556,758,1,0,1,1,0,NONE
tx_legit_004143,usr_norm_1210,merch_razorpay_006,235.22,INR,2026-08-18T22:08:23+00:00,dev_fingerprint_0723,192.168.243.56,"Bengaluru, IN",pm_tok_synthetic_02194,39,2,0,1,3,0,NONE
tx_fraud_000168,usr_fraud_burstB_007,merch_razorpay_035,6182.76,INR,2026-08-18T22:10:49+00:00,dev_fraud_burstB_036,203.0.113.105,"Kolkata, IN",pm_tok_burstB_017,23,10,2,4,28,1,SHARED_IP_BURST
tx_legit_007169,usr_norm_1697,merch_razorpay_021,191.91,INR,2026-08-18T22:19:14+00:00,dev_fingerprint_1389,10.0.68.196,"Pune, IN",pm_tok_synthetic_02171,729,1,0,1,1,0,NONE
tx_legit_006783,usr_norm_0843,merch_razorpay_020,175.36,INR,2026-08-18T22:24:09+00:00,dev_fingerprint_0056,192.168.120.114,"Chennai, IN",pm_tok_synthetic_00203,196,1,0,1,2,0,NONE
tx_legit_006750,usr_norm_1081,merch_razorpay_001,887.95,INR,2026-08-18T22:24:44+00:00,dev_fingerprint_0677,192.168.237.207,"Bengaluru, IN",pm_tok_synthetic_00525,717,1,0,1,1,0,NONE
tx_legit_008104,usr_norm_0440,merch_razorpay_027,855.81,INR,2026-08-18T22:27:37+00:00,dev_fingerprint_0462,192.168.54.175,"Mumbai, IN",pm_tok_synthetic_00330,699,1,0,1,1,0,NONE
tx_legit_008283,usr_norm_1762,merch_razorpay_030,459.28,INR,2026-08-18T22:30:10+00:00,dev_fingerprint_1576,192.168.142.136,"Chennai, IN",pm_tok_synthetic_00903,94,1,0,2,1,0,NONE
tx_legit_002941,usr_norm_1828,merch_razorpay_006,1538.23,INR,2026-08-18T22:37:16+00:00,dev_fingerprint_1370,192.168.105.250,"Bengaluru, IN",pm_tok_synthetic_01184,750,1,0,1,1,0,NONE
tx_legit_002447,usr_norm_0520,merch_razorpay_019,938.27,INR,2026-08-18T22:38:01+00:00,dev_fingerprint_0702,192.168.105.85,"Delhi, IN",pm_tok_synthetic_00847,563,1,0,1,2,0,NONE
tx_legit_005447,usr_norm_1915,merch_razorpay_047,1504.56,INR,2026-08-18T22:40:02+00:00,dev_fingerprint_0618,192.168.178.77,"Kolkata, IN",pm_tok_synthetic_02397,341,1,0,1,1,0,NONE
tx_legit_007594,usr_norm_1497,merch_razorpay_029,649.22,INR,2026-08-18T22:43:29+00:00,dev_fingerprint_1025,192.168.216.164,"Delhi, IN",pm_tok_synthetic_00736,827,1,0,1,1,0,NONE
tx_legit_008072,usr_norm_0054,merch_razorpay_041,625.37,INR,2026-08-18T22:47:47+00:00,dev_fingerprint_0318,192.168.232.9,"Kolkata, IN",pm_tok_synthetic_00203,720,1,0,2,1,0,NONE
tx_legit_002537,usr_norm_0005,merch_razorpay_000,385.37,INR,2026-08-18T22:50:28+00:00,dev_fingerprint_0477,192.168.204.224,"Pune, IN",pm_tok_synthetic_00604,837,2,0,1,1,0,NONE
tx_legit_000859,usr_norm_1446,merch_razorpay_025,287.55,INR,2026-08-18T22:50:32+00:00,dev_fingerprint_0180,192.168.64.224,"Mumbai, IN",pm_tok_synthetic_00814,542,2,0,1,2,0,NONE
tx_legit_002910,usr_norm_1974,merch_razorpay_024,402.68,INR,2026-08-18T22:53:19+00:00,dev_fingerprint_0219,192.168.64.50,"Ahmedabad, IN",pm_tok_synthetic_01453,418,2,0,1,1,0,NONE
tx_legit_003181,usr_norm_1385,merch_razorpay_021,1263.67,INR,2026-08-18T22:57:29+00:00,dev_fingerprint_1909,192.168.57.115,"Hyderabad, IN",pm_tok_synthetic_02120,168,1,0,2,1,0,NONE
tx_legit_006001,usr_norm_1041,merch_razorpay_025,419.61,INR,2026-08-18T23:01:13+00:00,dev_fingerprint_0232,192.168.120.114,"Pune, IN",pm_tok_synthetic_01050,583,1,0,1,1,0,NONE
tx_legit_008063,usr_norm_1561,merch_razorpay_020,237.69,INR,2026-08-18T23:02:23+00:00,dev_fingerprint_1157,192.168.23.81,"Chennai, IN",pm_tok_synthetic_01292,598,1,0,2,2,0,NONE
tx_legit_007671,usr_norm_1602,merch_razorpay_043,761.77,INR,2026-08-18T23:04:21+00:00,dev_fingerprint_0405,192.168.249.24,"Kolkata, IN",pm_tok_synthetic_02185,110,1,0,1,3,0,NONE
tx_legit_006801,usr_norm_0796,merch_razorpay_010,374.56,INR,2026-08-18T23:07:05+00:00,dev_fingerprint_0792,192.168.137.98,"Mumbai, IN",pm_tok_synthetic_02140,458,1,0,1,2,0,NONE
tx_legit_000172,usr_norm_0019,merch_razorpay_009,550.45,INR,2026-08-18T23:15:24+00:00,dev_fingerprint_1405,192.168.249.129,"Kolkata, IN",pm_tok_synthetic_02008,759,1,0,1,2,0,NONE
tx_fraud_000626,usr_fraud_anomD_145,merch_razorpay_020,47683.77,INR,2026-08-18T23:22:11+00:00,dev_anomD_145,192.0.2.2,Unknown / VPN Node,pm_tok_anomD_145,5,15,3,1,2,1,BEHAVIORAL_ANOMALY
tx_legit_007037,usr_norm_0403,merch_razorpay_046,774.06,INR,2026-08-18T23:26:31+00:00,dev_fingerprint_0031,192.168.76.56,"Mumbai, IN",pm_tok_synthetic_00778,789,1,2,1,2,0,NONE
tx_legit_006523,usr_norm_1636,merch_razorpay_028,1007.52,INR,2026-08-18T23:26:56+00:00,dev_fingerprint_1167,10.0.241.102,"Hyderabad, IN",pm_tok_synthetic_01247,475,1,0,2,3,0,NONE
tx_legit_003851,usr_norm_0094,merch_razorpay_028,443.03,INR,2026-08-18T23:37:10+00:00,dev_fingerprint_0587,192.168.68.36,"Delhi, IN",pm_tok_synthetic_00369,659,3,0,1,2,0,NONE
tx_legit_006744,usr_norm_1405,merch_razorpay_034,1045.26,INR,2026-08-18T23:37:58+00:00,dev_fingerprint_0624,192.168.42.247,"Kolkata, IN",pm_tok_synthetic_00168,356,1,0,2,2,0,NONE
tx_legit_004330,usr_norm_0738,merch_razorpay_019,1481.84,INR,2026-08-18T23:39:38+00:00,dev_fingerprint_0476,192.168.31.185,"Mumbai, IN",pm_tok_synthetic_00896,50,1,1,1,1,0,NONE
tx_legit_001909,usr_norm_1553,merch_razorpay_032,249.05,INR,2026-08-18T23:43:47+00:00,dev_fingerprint_1404,10.0.191.149,"Kolkata, IN",pm_tok_synthetic_01398,435,2,0,1,2,0,NONE
tx_fraud_000672,usr_fraud_combE_006,merch_razorpay_036,35105.56,INR,2026-08-18T23:54:50+00:00,dev_fraud_combE_1,203.0.113.202,Tor / Proxy Exit Node,pm_tok_combE_1,7,27,9,23,30,1,COMBINED_RING
tx_legit_000474,usr_norm_1312,merch_razorpay_019,510.33,INR,2026-08-19T00:02:28+00:00,dev_fingerprint_0299,192.168.187.63,"Kolkata, IN",pm_tok_synthetic_01091,824,1,0,1,1,0,NONE
tx_legit_008598,usr_norm_1098,merch_razorpay_018,1407.73,INR,2026-08-19T00:02:32+00:00,dev_fingerprint_1191,192.168.226.71,"Bengaluru, IN",pm_tok_synthetic_01659,817,1,0,1,3,0,NONE
tx_legit_005036,usr_norm_1624,merch_razorpay_023,726.71,INR,2026-08-19T00:10:21+00:00,dev_fingerprint_0996,192.168.51.40,"Mumbai, IN",pm_tok_synthetic_02425,640,1,0,1,2,0,NONE
tx_legit_007633,usr_norm_0381,merch_razorpay_018,257.89,INR,2026-08-19T00:13:15+00:00,dev_fingerprint_1224,192.168.130.69,"Hyderabad, IN",pm_tok_synthetic_01313,272,1,0,1,3,0,NONE
tx_legit_001032,usr_norm_0531,merch_razorpay_006,312.46,INR,2026-08-19T00:19:40+00:00,dev_fingerprint_0059,192.168.114.195,"Mumbai, IN",pm_tok_synthetic_00808,490,1,0,1,2,0,NONE
tx_legit_005449,usr_norm_0333,merch_razorpay_044,852.32,INR,2026-08-19T00:25:43+00:00,dev_fingerprint_0618,192.168.62.185,"Chennai, IN",pm_tok_synthetic_02346,41,2,0,1,1,0,NONE
tx_legit_005262,usr_norm_1069,merch_razorpay_033,397.47,INR,2026-08-19T00:26:54+00:00,dev_fingerprint_1133,192.168.71.3,"Ahmedabad, IN",pm_tok_synthetic_02273,174,1,0,2,1,0,NONE
tx_legit_000346,usr_norm_0660,merch_razorpay_009,510.35,INR,2026-08-19T00:32:29+00:00,dev_fingerprint_0072,192.168.40.112,"Chennai, IN",pm_tok_synthetic_01717,259,1,0,1,3,0,NONE
tx_legit_008245,usr_norm_1827,merch_razorpay_049,957.8,INR,2026-08-19T00:37:44+00:00,dev_fingerprint_1326,10.0.24.234,"Ahmedabad, IN",pm_tok_synthetic_00065,521,2,0,2,2,0,NONE
tx_legit_003945,usr_norm_1995,merch_razorpay_032,323.25,INR,2026-08-19T00:45:20+00:00,dev_fingerprint_0559,192.168.128.239,"Delhi, IN",pm_tok_synthetic_01639,394,1,0,1,2,0,NONE
tx_legit_004280,usr_norm_1925,merch_razorpay_000,140.61,INR,2026-08-19T00:48:40+00:00,dev_fingerprint_0244,192.168.33.50,"Chennai, IN",pm_tok_synthetic_02099,780,3,1,1,1,0,NONE
tx_legit_000647,usr_norm_1520,merch_razorpay_012,1031.67,INR,2026-08-19T00:52:29+00:00,dev_fingerprint_0569,192.168.71.12,"Ahmedabad, IN",pm_tok_synthetic_02283,869,1,0,2,1,0,NONE
tx_legit_003949,usr_norm_0832,merch_razorpay_023,1195.16,INR,2026-08-19T00:54:12+00:00,dev_fingerprint_0277,10.0.216.130,"Ahmedabad, IN",pm_tok_synthetic_02147,612,1,0,1,4,0,NONE
tx_legit_005969,usr_norm_1084,merch_razorpay_010,738.17,INR,2026-08-19T01:03:04+00:00,dev_fingerprint_0995,192.168.36.39,"Chennai, IN",pm_tok_synthetic_01344,661,1,0,1,4,0,NONE
tx_legit_001922,usr_norm_1612,merch_razorpay_020,863.18,INR,2026-08-19T01:13:29+00:00,dev_fingerprint_0713,192.168.31.191,"Ahmedabad, IN",pm_tok_synthetic_02353,160,2,0,1,2,0,NONE
tx_legit_008707,usr_norm_0510,merch_razorpay_028,594.07,INR,2026-08-19T01:13:35+00:00,dev_fingerprint_1321,192.168.30.140,"Hyderabad, IN",pm_tok_synthetic_01636,800,1,0,1,3,0,NONE
tx_fraud_000483,usr_fraud_anomD_002,merch_razorpay_040,63697.06,INR,2026-08-19T01:32:15+00:00,dev_anomD_002,192.0.2.169,Unknown / VPN Node,pm_tok_anomD_002,3,10,7,1,4,1,BEHAVIORAL_ANOMALY
tx_legit_000537,usr_norm_0760,merch_razorpay_040,377.65,INR,2026-08-19T01:32:22+00:00,dev_fingerprint_1451,192.168.19.176,"Pune, IN",pm_tok_synthetic_01375,487,1,0,1,2,0,NONE
tx_legit_006683,usr_norm_1657,merch_razorpay_029,417.59,INR,2026-08-19T01:35:58+00:00,dev_fingerprint_1552,10.0.146.92,"Bengaluru, IN",pm_tok_synthetic_00761,464,1,0,1,1,0,NONE
tx_legit_007565,usr_norm_0868,merch_razorpay_005,182.63,INR,2026-08-19T01:41:41+00:00,dev_fingerprint_0734,192.168.246.167,"Kolkata, IN",pm_tok_synthetic_01229,895,1,0,1,4,0,NONE
tx_legit_001395,usr_norm_0725,merch_razorpay_024,1185.65,INR,2026-08-19T01:42:31+00:00,dev_fingerprint_1222,192.168.219.136,"Ahmedabad, IN",pm_tok_synthetic_00120,860,1,0,1,1,0,NONE
tx_legit_006113,usr_norm_1481,merch_razorpay_007,514.49,INR,2026-08-19T01:45:17+00:00,dev_fingerprint_0845,192.168.21.218,"Chennai, IN",pm_tok_synthetic_00830,805,1,0,1,1,0,NONE
tx_legit_007254,usr_norm_0861,merch_razorpay_007,398.56,INR,2026-08-19T01:47:13+00:00,dev_fingerprint_1228,192.168.122.157,"Hyderabad, IN",pm_tok_synthetic_01309,727,1,0,1,4,0,NONE
tx_legit_003589,usr_norm_0359,merch_razorpay_046,141.74,INR,2026-08-19T01:47:53+00:00,dev_fingerprint_1434,192.168.199.15,"Ahmedabad, IN",pm_tok_synthetic_02216,91,1,0,1,1,0,NONE
tx_legit_004316,usr_norm_1421,merch_razorpay_024,1415.39,INR,2026-08-19T01:55:13+00:00,dev_fingerprint_0230,192.168.60.237,"Delhi, IN",pm_tok_synthetic_01694,463,1,0,2,2,0,NONE
tx_legit_002069,usr_norm_0635,merch_razorpay_042,815.35,INR,2026-08-19T01:55:38+00:00,dev_fingerprint_0850,192.168.218.32,"Ahmedabad, IN",pm_tok_synthetic_01647,114,2,0,1,3,0,NONE
tx_legit_005307,usr_norm_0601,merch_razorpay_023,1321.86,INR,2026-08-19T02:01:38+00:00,dev_fingerprint_1432,192.168.214.40,"Hyderabad, IN",pm_tok_synthetic_00959,469,1,0,1,1,0,NONE
tx_legit_004204,usr_norm_1969,merch_razorpay_001,277.14,INR,2026-08-19T02:07:50+00:00,dev_fingerprint_0444,192.168.105.86,"Mumbai, IN",pm_tok_synthetic_00784,318,1,2,1,2,0,NONE
tx_fraud_000147,usr_fraud_ringA_021,merch_razorpay_024,10589.16,INR,2026-08-19T02:12:52+00:00,dev_fraud_ring_A_4,198.51.100.36,"Bengaluru, IN",pm_tok_ringA_010,9,7,2,18,3,1,DEVICE_SHARING_RING
tx_legit_008246,usr_norm_0154,merch_razorpay_013,350.75,INR,2026-08-19T02:15:54+00:00,dev_fingerprint_1848,192.168.39.208,"Kolkata, IN",pm_tok_synthetic_01872,94,1,0,1,1,0,NONE
tx_legit_008166,usr_norm_0779,merch_razorpay_027,977.93,INR,2026-08-19T02:23:09+00:00,dev_fingerprint_1352,10.0.54.206,"Delhi, IN",pm_tok_synthetic_01218,273,3,0,1,1,0,NONE
tx_legit_001221,usr_norm_0181,merch_razorpay_019,320.85,INR,2026-08-19T02:23:59+00:00,dev_fingerprint_1417,192.168.98.72,"Delhi, IN",pm_tok_synthetic_01504,846,1,0,1,1,0,NONE
tx_legit_002959,usr_norm_0538,merch_razorpay_031,817.07,INR,2026-08-19T02:26:00+00:00,dev_fingerprint_1308,192.168.7.46,"Bengaluru, IN",pm_tok_synthetic_02445,427,1,0,2,1,0,NONE
tx_legit_009126,usr_norm_1758,merch_razorpay_010,240.98,INR,2026-08-19T02:34:47+00:00,dev_fingerprint_1328,192.168.188.125,"Bengaluru, IN",pm_tok_synthetic_00058,206,3,0,1,1,0,NONE
tx_legit_000603,usr_norm_1858,merch_razorpay_000,1755.37,INR,2026-08-19T02:36:15+00:00,dev_fingerprint_1066,192.168.95.172,"Pune, IN",pm_tok_synthetic_00092,330,1,0,1,4,0,NONE
tx_fraud_000594,usr_fraud_anomD_113,merch_razorpay_047,91123.13,INR,2026-08-19T02:38:22+00:00,dev_anomD_113,192.0.2.65,Unknown / VPN Node,pm_tok_anomD_113,3,10,6,2,2,1,BEHAVIORAL_ANOMALY
tx_legit_001690,usr_norm_0753,merch_razorpay_012,659.3,INR,2026-08-19T02:40:13+00:00,dev_fingerprint_0363,192.168.222.132,"Bengaluru, IN",pm_tok_synthetic_00007,748,1,0,1,2,0,NONE
tx_legit_002043,usr_norm_1938,merch_razorpay_021,739.07,INR,2026-08-19T02:42:51+00:00,dev_fingerprint_0294,192.168.51.184,"Mumbai, IN",pm_tok_synthetic_00560,560,1,0,1,1,0,NONE
tx_legit_000815,usr_norm_1410,merch_razorpay_026,66.05,INR,2026-08-19T02:44:29+00:00,dev_fingerprint_0454,192.168.185.229,"Bengaluru, IN",pm_tok_synthetic_01186,835,1,0,1,3,0,NONE
tx_legit_001963,usr_norm_0288,merch_razorpay_017,695.57,INR,2026-08-19T02:45:45+00:00,dev_fingerprint_1489,192.168.176.84,"Mumbai, IN",pm_tok_synthetic_00565,561,1,0,1,3,0,NONE
tx_legit_000431,usr_norm_1659,merch_razorpay_010,490.67,INR,2026-08-19T02:47:27+00:00,dev_fingerprint_1496,192.168.184.81,"Mumbai, IN",pm_tok_synthetic_02055,305,2,0,1,2,0,NONE
tx_fraud_000119,usr_fraud_ringA_018,merch_razorpay_016,5259.04,INR,2026-08-19T02:47:28+00:00,dev_fraud_ring_A_0,198.51.100.18,"Hyderabad, IN",pm_tok_ringA_005,11,12,2,18,4,1,DEVICE_SHARING_RING
tx_legit_003606,usr_norm_1272,merch_razorpay_021,955.24,INR,2026-08-19T02:49:16+00:00,dev_fingerprint_0110,192.168.24.98,"Bengaluru, IN",pm_tok_synthetic_01626,566,3,0,1,1,0,NONE
tx_legit_001974,usr_norm_0137,merch_razorpay_020,408.16,INR,2026-08-19T02:49:17+00:00,dev_fingerprint_0210,192.168.112.163,"Bengaluru, IN",pm_tok_synthetic_02113,157,1,0,1,2,0,NONE
tx_legit_008324,usr_norm_0719,merch_razorpay_006,1323.83,INR,2026-08-19T02:51:26+00:00,dev_fingerprint_1316,192.168.156.206,"Mumbai, IN",pm_tok_synthetic_02153,285,1,0,1,1,0,NONE
tx_legit_002601,usr_norm_1337,merch_razorpay_022,101.0,INR,2026-08-19T02:54:31+00:00,dev_fingerprint_0898,192.168.119.106,"Bengaluru, IN",pm_tok_synthetic_01953,51,1,1,1,1,0,NONE
tx_legit_002359,usr_norm_1039,merch_razorpay_004,1045.56,INR,2026-08-19T02:56:27+00:00,dev_fingerprint_1315,192.168.26.214,"Bengaluru, IN",pm_tok_synthetic_00998,70,1,0,1,4,0,NONE
tx_legit_008734,usr_norm_1778,merch_razorpay_026,444.17,INR,2026-08-19T02:59:38+00:00,dev_fingerprint_0554,192.168.200.210,"Delhi, IN",pm_tok_synthetic_01844,451,1,0,1,1,0,NONE
tx_legit_008839,usr_norm_1132,merch_razorpay_016,318.44,INR,2026-08-19T03:00:02+00:00,dev_fingerprint_0261,192.168.125.55,"Kolkata, IN",pm_tok_synthetic_02426,194,1,0,1,1,0,NONE
tx_legit_006487,usr_norm_1195,merch_razorpay_043,699.2,INR,2026-08-19T03:01:18+00:00,dev_fingerprint_0582,192.168.65.83,"Hyderabad, IN",pm_tok_synthetic_02290,626,1,0,1,2,0,NONE
tx_legit_006410,usr_norm_1074,merch_razorpay_005,51.38,INR,2026-08-19T03:05:37+00:00,dev_fingerprint_1322,192.168.119.164,"Chennai, IN",pm_tok_synthetic_02099,175,1,0,1,2,0,NONE
tx_legit_003909,usr_norm_0997,merch_razorpay_005,342.28,INR,2026-08-19T03:11:05+00:00,dev_fingerprint_0429,10.0.199.148,"Delhi, IN",pm_tok_synthetic_01190,733,1,0,1,1,0,NONE
tx_legit_008351,usr_norm_0177,merch_razorpay_008,1661.39,INR,2026-08-19T03:13:10+00:00,dev_fingerprint_0097,10.0.9.83,"Mumbai, IN",pm_tok_synthetic_01359,309,1,0,1,1,0,NONE
tx_legit_001311,usr_norm_1914,merch_razorpay_018,345.29,INR,2026-08-19T03:15:09+00:00,dev_fingerprint_1134,192.168.35.222,"Pune, IN",pm_tok_synthetic_00172,872,1,0,1,1,0,NONE
tx_fraud_000178,usr_fraud_burstB_017,merch_razorpay_043,11829.79,INR,2026-08-19T03:27:27+00:00,dev_fraud_burstB_038,203.0.113.105,"Bengaluru, IN",pm_tok_burstB_020,11,13,3,4,32,1,SHARED_IP_BURST
tx_fraud_000471,usr_fraud_reuseC_010,merch_razorpay_000,18630.7,INR,2026-08-19T03:33:54+00:00,dev_reuseC_019,198.51.100.180,"Delhi, IN",pm_tok_stolen_C_001,3,7,1,2,2,1,PAYMENT_REF_REUSE
tx_legit_000247,usr_norm_0867,merch_razorpay_006,405.0,INR,2026-08-19T03:41:43+00:00,dev_fingerprint_1094,192.168.14.39,"Kolkata, IN",pm_tok_synthetic_01948,717,2,0,1,3,0,NONE
tx_legit_005339,usr_norm_0629,merch_razorpay_008,926.99,INR,2026-08-19T03:42:42+00:00,dev_fingerprint_1164,192.168.133.119,"Kolkata, IN",pm_tok_synthetic_01496,589,2,0,1,1,0,NONE
tx_legit_003256,usr_norm_0788,merch_razorpay_013,516.92,INR,2026-08-19T03:47:57+00:00,dev_fingerprint_0542,192.168.17.99,"Pune, IN",pm_tok_synthetic_02228,426,2,0,1,1,0,NONE
tx_legit_003382,usr_norm_0756,merch_razorpay_004,309.98,INR,2026-08-19T03:48:29+00:00,dev_fingerprint_1252,192.168.246.131,"Delhi, IN",pm_tok_synthetic_02316,136,1,0,2,2,0,NONE
tx_legit_000954,usr_norm_0516,merch_razorpay_030,1330.54,INR,2026-08-19T04:00:14+00:00,dev_fingerprint_1391,192.168.115.203,"Chennai, IN",pm_tok_synthetic_02049,184,1,1,1,2,0,NONE
tx_legit_000101,usr_norm_1636,merch_razorpay_007,222.0,INR,2026-08-19T04:02:20+00:00,dev_fingerprint_1951,192.168.98.99,"Delhi, IN",pm_tok_synthetic_01247,475,1,0,1,3,0,NONE
tx_legit_000672,usr_norm_0916,merch_razorpay_042,427.94,INR,2026-08-19T04:05:38+00:00,dev_fingerprint_0233,192.168.239.83,"Delhi, IN",pm_tok_synthetic_00435,539,1,0,1,1,0,NONE
tx_fraud_000379,usr_fraud_reuseC_018,merch_razorpay_007,16890.32,INR,2026-08-19T04:06:48+00:00,dev_reuseC_002,198.51.100.167,"Kolkata, IN",pm_tok_stolen_C_002,5,8,1,3,4,1,PAYMENT_REF_REUSE
tx_legit_006585,usr_norm_0159,merch_razorpay_030,99.27,INR,2026-08-19T04:08:39+00:00,dev_fingerprint_1168,192.168.28.200,"Ahmedabad, IN",pm_tok_synthetic_00767,710,1,0,2,2,0,NONE
tx_legit_004341,usr_norm_1093,merch_razorpay_047,331.36,INR,2026-08-19T04:18:40+00:00,dev_fingerprint_0359,192.168.159.58,"Kolkata, IN",pm_tok_synthetic_02484,113,2,0,1,4,0,NONE
tx_legit_006511,usr_norm_0827,merch_razorpay_001,403.44,INR,2026-08-19T04:19:15+00:00,dev_fingerprint_1322,192.168.203.175,"Chennai, IN",pm_tok_synthetic_00769,482,2,0,1,3,0,NONE
tx_legit_008724,usr_norm_0504,merch_razorpay_048,369.97,INR,2026-08-19T04:19:32+00:00,dev_fingerprint_0981,10.0.173.190,"Delhi, IN",pm_tok_synthetic_01641,577,2,0,2,1,0,NONE
tx_legit_000705,usr_norm_1490,merch_razorpay_001,106.15,INR,2026-08-19T04:21:29+00:00,dev_fingerprint_1101,192.168.86.24,"Bengaluru, IN",pm_tok_synthetic_00160,601,1,0,1,1,0,NONE
tx_legit_000361,usr_norm_1494,merch_razorpay_001,767.49,INR,2026-08-19T04:21:30+00:00,dev_fingerprint_0602,192.168.73.252,"Delhi, IN",pm_tok_synthetic_00223,736,1,0,2,1,0,NONE
tx_fraud_000673,usr_fraud_combE_007,merch_razorpay_029,58344.71,INR,2026-08-19T04:24:00+00:00,dev_fraud_combE_0,203.0.113.203,Tor / Proxy Exit Node,pm_tok_combE_1,6,29,10,15,28,1,COMBINED_RING
tx_fraud_000661,usr_fraud_combE_020,merch_razorpay_003,48471.88,INR,2026-08-19T04:29:19+00:00,dev_fraud_combE_1,203.0.113.202,Tor / Proxy Exit Node,pm_tok_combE_0,2,27,9,24,32,1,COMBINED_RING
tx_fraud_000405,usr_fraud_reuseC_004,merch_razorpay_031,5012.84,INR,2026-08-19T04:37:11+00:00,dev_reuseC_006,198.51.100.164,"Delhi, IN",pm_tok_stolen_C_003,1,5,3,5,3,1,PAYMENT_REF_REUSE
tx_legit_002484,usr_norm_1734,merch_razorpay_028,540.6,INR,2026-08-19T04:38:10+00:00,dev_fingerprint_0893,192.168.122.157,"Pune, IN",pm_tok_synthetic_00287,583,2,0,1,2,0,NONE
tx_legit_001062,usr_norm_1808,merch_razorpay_035,555.96,INR,2026-08-19T04:40:12+00:00,dev_fingerprint_1164,192.168.164.177,"Kolkata, IN",pm_tok_synthetic_01149,169,1,0,1,1,0,NONE
tx_legit_007839,usr_norm_0377,merch_razorpay_033,527.22,INR,2026-08-19T04:43:37+00:00,dev_fingerprint_0090,192.168.7.12,"Ahmedabad, IN",pm_tok_synthetic_01797,269,1,0,1,1,0,NONE
tx_fraud_000571,usr_fraud_anomD_090,merch_razorpay_045,85589.43,INR,2026-08-19T04:51:22+00:00,dev_anomD_090,192.0.2.213,Unknown / VPN Node,pm_tok_anomD_090,3,12,5,3,2,1,BEHAVIORAL_ANOMALY
tx_legit_004535,usr_norm_0906,merch_razorpay_010,587.53,INR,2026-08-19T04:54:26+00:00,dev_fingerprint_0099,192.168.95.122,"Kolkata, IN",pm_tok_synthetic_00196,707,1,0,1,1,0,NONE
tx_fraud_000670,usr_fraud_combE_004,merch_razorpay_032,58902.61,INR,2026-08-19T04:58:32+00:00,dev_fraud_combE_1,203.0.113.201,Tor / Proxy Exit Node,pm_tok_combE_1,5,11,7,18,20,1,COMBINED_RING
tx_legit_007763,usr_norm_1304,merch_razorpay_034,967.06,INR,2026-08-19T04:59:12+00:00,dev_fingerprint_0656,192.168.2.195,"Delhi, IN",pm_tok_synthetic_00623,80,1,0,2,2,0,NONE
tx_legit_003770,usr_norm_1105,merch_razorpay_027,446.41,INR,2026-08-19T05:05:54+00:00,dev_fingerprint_1696,192.168.56.60,"Ahmedabad, IN",pm_tok_synthetic_00978,898,1,0,1,1,0,NONE
tx_fraud_000279,usr_fraud_burstB_028,merch_razorpay_000,1340.63,INR,2026-08-19T05:07:22+00:00,dev_fraud_burstB_016,203.0.113.105,"Hyderabad, IN",pm_tok_burstB_002,23,14,3,2,16,1,SHARED_IP_BURST
tx_legit_008423,usr_norm_1437,merch_razorpay_008,328.22,INR,2026-08-19T05:11:21+00:00,dev_fingerprint_1193,192.168.136.129,"Ahmedabad, IN",pm_tok_synthetic_02157,74,1,1,3,1,0,NONE
tx_legit_005249,usr_norm_0572,merch_razorpay_046,1185.39,INR,2026-08-19T05:16:38+00:00,dev_fingerprint_1973,192.168.191.141,"Pune, IN",pm_tok_synthetic_02206,202,2,1,1,2,0,NONE
tx_legit_005917,usr_norm_1671,merch_razorpay_047,270.5,INR,2026-08-19T05:17:57+00:00,dev_fingerprint_0960,192.168.125.55,"Delhi, IN",pm_tok_synthetic_01357,461,2,0,1,1,0,NONE
tx_legit_004526,usr_norm_1366,merch_razorpay_042,2320.01,INR,2026-08-19T05:24:14+00:00,dev_fingerprint_1450,192.168.98.70,"Pune, IN",pm_tok_synthetic_01088,571,1,0,1,1,0,NONE
tx_fraud_000798,usr_fraud_combE_007,merch_razorpay_000,38155.98,INR,2026-08-19T05:25:24+00:00,dev_fraud_combE_1,203.0.113.201,Tor / Proxy Exit Node,pm_tok_combE_2,3,28,7,18,19,1,COMBINED_RING
tx_legit_006709,usr_norm_1872,merch_razorpay_033,323.94,INR,2026-08-19T05:27:10+00:00,dev_fingerprint_1096,192.168.110.144,"Kolkata, IN",pm_tok_synthetic_00746,209,1,0,1,2,0,NONE
tx_legit_007654,usr_norm_0964,merch_razorpay_011,310.2,INR,2026-08-19T05:30:20+00:00,dev_fingerprint_0844,192.168.213.161,"Delhi, IN",pm_tok_synthetic_02282,592,1,0,1,1,0,NONE
tx_legit_002529,usr_norm_1891,merch_razorpay_003,769.18,INR,2026-08-19T05:44:29+00:00,dev_fingerprint_1245,192.168.78.22,"Delhi, IN",pm_tok_synthetic_00799,627,1,0,1,1,0,NONE
tx_legit_008226,usr_norm_0353,merch_razorpay_017,863.68,INR,2026-08-19T05:47:44+00:00,dev_fingerprint_0270,10.0.18.58,"Pune, IN",pm_tok_synthetic_01701,497,1,0,3,1,0,NONE
tx_legit_000674,usr_norm_1653,merch_razorpay_039,1042.47,INR,2026-08-19T05:55:04+00:00,dev_fingerprint_0281,192.168.64.31,"Kolkata, IN",pm_tok_synthetic_01703,496,2,0,1,2,0,NONE
tx_legit_003372,usr_norm_0953,merch_razorpay_031,591.93,INR,2026-08-19T05:56:45+00:00,dev_fingerprint_1143,192.168.161.25,"Ahmedabad, IN",pm_tok_synthetic_00223,41,1,0,1,1,0,NONE
tx_legit_003496,usr_norm_1044,merch_razorpay_035,1960.8,INR,2026-08-19T05:56:48+00:00,dev_fingerprint_0996,192.168.21.219,"Bengaluru, IN",pm_tok_synthetic_02118,697,4,0,1,1,0,NONE
tx_legit_005816,usr_norm_1973,merch_razorpay_046,830.52,INR,2026-08-19T06:03:14+00:00,dev_fingerprint_1207,192.168.72.119,"Delhi, IN",pm_tok_synthetic_01800,719,2,0,1,2,0,NONE
tx_fraud_000407,usr_fraud_reuseC_006,merch_razorpay_047,3299.55,INR,2026-08-19T06:03:43+00:00,dev_reuseC_020,198.51.100.157,"Mumbai, IN",pm_tok_stolen_C_001,4,8,0,2,6,1,PAYMENT_REF_REUSE
tx_fraud_000259,usr_fraud_burstB_008,merch_razorpay_009,14512.6,INR,2026-08-19T06:17:14+00:00,dev_fraud_burstB_002,203.0.113.105,"Bengaluru, IN",pm_tok_burstB_014,27,20,6,1,12,1,SHARED_IP_BURST
tx_legit_008295,usr_norm_1183,merch_razorpay_013,642.58,INR,2026-08-19T06:18:48+00:00,dev_fingerprint_1257,192.168.26.243,"Chennai, IN",pm_tok_synthetic_02134,323,1,1,1,1,0,NONE
tx_legit_005162,usr_norm_1131,merch_razorpay_011,613.66,INR,2026-08-19T06:19:55+00:00,dev_fingerprint_0841,192.168.88.72,"Mumbai, IN",pm_tok_synthetic_00998,74,1,0,1,1,0,NONE
tx_legit_004495,usr_norm_1818,merch_razorpay_021,273.51,INR,2026-08-19T06:25:41+00:00,dev_fingerprint_0670,192.168.213.233,"Kolkata, IN",pm_tok_synthetic_02373,257,1,0,1,2,0,NONE
tx_legit_000766,usr_norm_1372,merch_razorpay_038,691.15,INR,2026-08-19T06:26:17+00:00,dev_fingerprint_0366,192.168.236.138,"Kolkata, IN",pm_tok_synthetic_02286,455,1,0,1,2,0,NONE
tx_legit_000779,usr_norm_1216,merch_razorpay_019,285.55,INR,2026-08-19T06:27:45+00:00,dev_fingerprint_1399,192.168.150.98,"Chennai, IN",pm_tok_synthetic_00778,540,4,0,1,3,0,NONE
tx_legit_006341,usr_norm_0605,merch_razorpay_009,507.64,INR,2026-08-19T06:36:57+00:00,dev_fingerprint_0911,10.0.107.45,"Delhi, IN",pm_tok_synthetic_00033,742,1,0,1,2,0,NONE
tx_legit_003718,usr_norm_1371,merch_razorpay_009,425.06,INR,2026-08-19T06:42:23+00:00,dev_fingerprint_1345,192.168.68.34,"Pune, IN",pm_tok_synthetic_02334,670,2,0,1,1,0,NONE
tx_legit_005017,usr_norm_0473,merch_razorpay_037,189.63,INR,2026-08-19T06:54:59+00:00,dev_fingerprint_0053,192.168.203.175,"Hyderabad, IN",pm_tok_synthetic_01449,597,1,0,1,1,0,NONE
tx_legit_009128,usr_norm_0001,merch_razorpay_040,1369.0,INR,2026-08-19T07:02:29+00:00,dev_fingerprint_1309,192.168.191.141,"Ahmedabad, IN",pm_tok_synthetic_00087,81,1,0,1,1,0,NONE
tx_legit_005130,usr_norm_1493,merch_razorpay_019,602.77,INR,2026-08-19T07:06:38+00:00,dev_fingerprint_0585,10.0.154.185,"Mumbai, IN",pm_tok_synthetic_01353,462,1,0,1,1,0,NONE
tx_legit_001230,usr_norm_0336,merch_razorpay_029,439.7,INR,2026-08-19T07:06:48+00:00,dev_fingerprint_0628,192.168.19.132,"Chennai, IN",pm_tok_synthetic_01660,732,2,0,1,1,0,NONE
tx_legit_006299,usr_norm_0210,merch_razorpay_009,158.27,INR,2026-08-19T07:21:27+00:00,dev_fingerprint_1457,192.168.235.72,"Kolkata, IN",pm_tok_synthetic_00713,842,1,0,1,1,0,NONE
tx_legit_001401,usr_norm_1318,merch_razorpay_017,233.98,INR,2026-08-19T07:22:37+00:00,dev_fingerprint_0943,10.0.99.85,"Bengaluru, IN",pm_tok_synthetic_00384,563,1,0,1,1,0,NONE
tx_legit_008593,usr_norm_0097,merch_razorpay_033,239.29,INR,2026-08-19T07:32:01+00:00,dev_fingerprint_1170,10.0.195.248,"Kolkata, IN",pm_tok_synthetic_00771,359,1,0,1,1,0,NONE
tx_legit_007885,usr_norm_0722,merch_razorpay_045,1347.14,INR,2026-08-19T07:35:53+00:00,dev_fingerprint_1115,192.168.86.142,"Ahmedabad, IN",pm_tok_synthetic_01985,382,1,0,1,1,0,NONE
tx_legit_003231,usr_norm_1252,merch_razorpay_034,132.02,INR,2026-08-19T07:37:55+00:00,dev_fingerprint_1147,10.0.112.178,"Mumbai, IN",pm_tok_synthetic_01055,382,1,0,1,1,0,NONE
tx_legit_007954,usr_norm_0885,merch_razorpay_033,275.45,INR,2026-08-19T07:42:55+00:00,dev_fingerprint_1299,192.168.98.70,"Chennai, IN",pm_tok_synthetic_00019,492,1,0,2,2,0,NONE
tx_legit_003423,usr_norm_0449,merch_razorpay_031,325.53,INR,2026-08-19T07:43:40+00:00,dev_fingerprint_0574,192.168.24.233,"Pune, IN",pm_tok_synthetic_02224,607,1,1,1,4,0,NONE
tx_legit_002552,usr_norm_1857,merch_razorpay_010,148.22,INR,2026-08-19T07:44:27+00:00,dev_fingerprint_0303,192.168.195.226,"Pune, IN",pm_tok_synthetic_00616,239,1,1,1,2,0,NONE
tx_legit_007625,usr_norm_1815,merch_razorpay_021,879.93,INR,2026-08-19T07:48:03+00:00,dev_fingerprint_0443,192.168.104.178,"Mumbai, IN",pm_tok_synthetic_01373,887,1,0,2,4,0,NONE
tx_legit_003085,usr_norm_1298,merch_razorpay_006,294.85,INR,2026-08-19T07:48:35+00:00,dev_fingerprint_1255,192.168.4.185,"Delhi, IN",pm_tok_synthetic_01113,321,1,0,1,2,0,NONE
tx_legit_002686,usr_norm_1651,merch_razorpay_027,467.2,INR,2026-08-19T07:51:29+00:00,dev_fingerprint_1477,192.168.91.57,"Bengaluru, IN",pm_tok_synthetic_01993,703,1,1,1,1,0,NONE
tx_fraud_000302,usr_fraud_burstB_021,merch_razorpay_008,10358.86,INR,2026-08-19T07:52:11+00:00,dev_fraud_burstB_013,203.0.113.103,"Delhi, IN",pm_tok_burstB_018,8,24,7,3,35,1,SHARED_IP_BURST
tx_legit_007004,usr_norm_1400,merch_razorpay_042,2163.75,INR,2026-08-19T07:53:31+00:00,dev_fingerprint_1519,192.168.115.138,"Hyderabad, IN",pm_tok_synthetic_00229,819,2,0,1,1,0,NONE
tx_legit_006973,usr_norm_1617,merch_razorpay_012,449.34,INR,2026-08-19T07:53:49+00:00,dev_fingerprint_1209,192.168.2.229,"Delhi, IN",pm_tok_synthetic_00977,665,1,0,1,1,0,NONE
tx_legit_006946,usr_norm_0053,merch_razorpay_024,278.94,INR,2026-08-19T07:55:14+00:00,dev_fingerprint_1162,192.168.89.109,"Pune, IN",pm_tok_synthetic_00347,83,1,0,1,3,0,NONE
tx_legit_006571,usr_norm_0029,merch_razorpay_024,651.85,INR,2026-08-19T07:56:55+00:00,dev_fingerprint_0851,192.168.212.253,"Pune, IN",pm_tok_synthetic_00389,350,1,1,1,1,0,NONE
tx_fraud_000090,usr_fraud_ringA_014,merch_razorpay_021,10671.15,INR,2026-08-19T07:57:38+00:00,dev_fraud_ring_A_3,198.51.100.80,"Kolkata, IN",pm_tok_ringA_002,13,12,1,12,4,1,DEVICE_SHARING_RING
tx_legit_005789,usr_norm_1031,merch_razorpay_017,112.64,INR,2026-08-19T07:58:53+00:00,dev_fingerprint_0376,192.168.247.192,"Pune, IN",pm_tok_synthetic_00279,835,1,0,2,1,0,NONE
tx_legit_007205,usr_norm_0722,merch_razorpay_035,548.99,INR,2026-08-19T08:06:25+00:00,dev_fingerprint_1115,192.168.86.142,"Chennai, IN",pm_tok_synthetic_01985,382,3,0,1,1,0,NONE
tx_legit_000269,usr_norm_0731,merch_razorpay_027,334.54,INR,2026-08-19T08:08:36+00:00,dev_fingerprint_0795,192.168.182.112,"Pune, IN",pm_tok_synthetic_00711,210,1,1,2,2,0,NONE
tx_legit_004088,usr_norm_0853,merch_razorpay_003,185.35,INR,2026-08-19T08:10:16+00:00,dev_fingerprint_1386,192.168.247.192,"Bengaluru, IN",pm_tok_synthetic_01626,628,1,0,1,1,0,NONE
tx_legit_006758,usr_norm_1949,merch_razorpay_041,957.34,INR,2026-08-19T08:15:21+00:00,dev_fingerprint_1592,192.168.142.38,"Ahmedabad, IN",pm_tok_synthetic_01401,206,2,0,1,1,0,NONE
tx_fraud_000620,usr_fraud_anomD_139,merch_razorpay_041,53118.18,INR,2026-08-19T08:16:32+00:00,dev_anomD_139,192.0.2.189,Unknown / VPN Node,pm_tok_anomD_139,9,16,6,1,4,1,BEHAVIORAL_ANOMALY
tx_legit_008036,usr_norm_1176,merch_razorpay_005,226.12,INR,2026-08-19T08:18:19+00:00,dev_fingerprint_0693,10.0.154.52,"Mumbai, IN",pm_tok_synthetic_02255,658,1,0,1,1,0,NONE
tx_legit_008432,usr_norm_0027,merch_razorpay_033,157.68,INR,2026-08-19T08:19:28+00:00,dev_fingerprint_0440,192.168.229.114,"Bengaluru, IN",pm_tok_synthetic_01849,263,1,0,1,2,0,NONE
tx_legit_005336,usr_norm_1685,merch_razorpay_045,1426.92,INR,2026-08-19T08:25:22+00:00,dev_fingerprint_0370,10.0.31.107,"Pune, IN",pm_tok_synthetic_02160,63,1,1,1,1,0,NONE
tx_legit_003701,usr_norm_0280,merch_razorpay_013,548.51,INR,2026-08-19T08:29:10+00:00,dev_fingerprint_0466,192.168.170.242,"Hyderabad, IN",pm_tok_synthetic_00210,627,1,0,1,3,0,NONE
tx_legit_001274,usr_norm_0046,merch_razorpay_041,270.3,INR,2026-08-19T08:29:13+00:00,dev_fingerprint_0369,192.168.68.130,"Chennai, IN",pm_tok_synthetic_01265,377,1,1,1,1,0,NONE
tx_legit_002917,usr_norm_1601,merch_razorpay_025,177.35,INR,2026-08-19T08:30:06+00:00,dev_fingerprint_1543,192.168.226.106,"Delhi, IN",pm_tok_synthetic_01361,867,3,0,1,1,0,NONE
tx_legit_007595,usr_norm_1081,merch_razorpay_003,381.87,INR,2026-08-19T08:33:01+00:00,dev_fingerprint_0677,192.168.237.207,"Mumbai, IN",pm_tok_synthetic_00525,717,1,0,1,2,0,NONE
tx_legit_000983,usr_norm_0274,merch_razorpay_001,540.69,INR,2026-08-19T08:38:49+00:00,dev_fingerprint_0688,10.0.121.125,"Delhi, IN",pm_tok_synthetic_02087,575,1,0,1,1,0,NONE
tx_legit_006742,usr_norm_1898,merch_razorpay_029,303.14,INR,2026-08-19T08:41:11+00:00,dev_fingerprint_1466,192.168.3.231,"Kolkata, IN",pm_tok_synthetic_01751,408,1,1,1,1,0,NONE
tx_legit_002246,usr_norm_1539,merch_razorpay_019,663.96,INR,2026-08-19T08:49:27+00:00,dev_fingerprint_1768,192.168.3.171,"Bengaluru, IN",pm_tok_synthetic_02152,618,1,0,1,2,0,NONE
tx_legit_008976,usr_norm_1906,merch_razorpay_030,220.46,INR,2026-08-19T08:58:03+00:00,dev_fingerprint_0176,192.168.183.80,"Bengaluru, IN",pm_tok_synthetic_00851,340,1,0,1,1,0,NONE
tx_legit_003436,usr_norm_0268,merch_razorpay_036,608.98,INR,2026-08-19T09:06:03+00:00,dev_fingerprint_0822,192.168.65.214,"Ahmedabad, IN",pm_tok_synthetic_00164,76,1,0,1,1,0,NONE
tx_legit_004609,usr_norm_1007,merch_razorpay_036,292.29,INR,2026-08-19T09:10:36+00:00,dev_fingerprint_0546,192.168.105.24,"Chennai, IN",pm_tok_synthetic_00659,323,1,0,1,1,0,NONE
tx_legit_003403,usr_norm_0510,merch_razorpay_049,580.5,INR,2026-08-19T09:17:13+00:00,dev_fingerprint_1321,192.168.30.140,"Chennai, IN",pm_tok_synthetic_01636,800,1,0,1,2,0,NONE
tx_legit_005211,usr_norm_1642,merch_razorpay_023,687.93,INR,2026-08-19T09:20:26+00:00,dev_fingerprint_0735,192.168.130.234,"Delhi, IN",pm_tok_synthetic_01456,61,1,0,1,3,0,NONE
tx_legit_008201,usr_norm_0511,merch_razorpay_019,950.13,INR,2026-08-19T09:25:21+00:00,dev_fingerprint_1575,192.168.114.244,"Hyderabad, IN",pm_tok_synthetic_01763,138,1,0,1,1,0,NONE
tx_fraud_000292,usr_fraud_burstB_011,merch_razorpay_016,12838.91,INR,2026-08-19T09:25:40+00:00,dev_fraud_burstB_039,203.0.113.102,"Chennai, IN",pm_tok_burstB_012,3,14,4,2,30,1,SHARED_IP_BURST
tx_legit_008285,usr_norm_0914,merch_razorpay_047,333.89,INR,2026-08-19T09:26:41+00:00,dev_fingerprint_0280,192.168.46.206,"Hyderabad, IN",pm_tok_synthetic_00429,553,1,0,1,2,0,NONE
tx_legit_002582,usr_norm_0740,merch_razorpay_014,685.56,INR,2026-08-19T09:27:23+00:00,dev_fingerprint_1257,192.168.1.253,"Chennai, IN",pm_tok_synthetic_00534,378,1,0,1,2,0,NONE
tx_legit_008191,usr_norm_1376,merch_razorpay_028,523.82,INR,2026-08-19T09:30:03+00:00,dev_fingerprint_0822,10.0.129.153,"Hyderabad, IN",pm_tok_synthetic_01382,703,2,0,1,1,0,NONE
tx_legit_007303,usr_norm_1791,merch_razorpay_036,171.27,INR,2026-08-19T09:34:53+00:00,dev_fingerprint_0890,192.168.226.63,"Mumbai, IN",pm_tok_synthetic_01369,661,1,0,1,1,0,NONE
tx_legit_002816,usr_norm_0011,merch_razorpay_044,127.07,INR,2026-08-19T09:35:19+00:00,dev_fingerprint_0107,192.168.62.15,"Ahmedabad, IN",pm_tok_synthetic_01724,568,1,0,1,1,0,NONE
tx_legit_008603,usr_norm_1309,merch_razorpay_019,641.68,INR,2026-08-19T09:35:22+00:00,dev_fingerprint_0444,192.168.249.67,"Mumbai, IN",pm_tok_synthetic_01721,349,1,0,1,1,0,NONE
tx_legit_006780,usr_norm_0968,merch_razorpay_042,720.27,INR,2026-08-19T09:48:31+00:00,dev_fingerprint_0744,192.168.61.162,"Chennai, IN",pm_tok_synthetic_00222,866,1,0,1,2,0,NONE
tx_legit_005441,usr_norm_0858,merch_razorpay_012,1316.81,INR,2026-08-19T09:51:22+00:00,dev_fingerprint_0665,192.168.164.247,"Delhi, IN",pm_tok_synthetic_01134,297,1,0,1,2,0,NONE
tx_legit_002580,usr_norm_1221,merch_razorpay_011,558.92,INR,2026-08-19T09:52:54+00:00,dev_fingerprint_1358,192.168.13.67,"Delhi, IN",pm_tok_synthetic_00027,812,1,0,1,1,0,NONE
tx_fraud_000388,usr_fraud_reuseC_007,merch_razorpay_034,6511.58,INR,2026-08-19T10:01:54+00:00,dev_reuseC_007,198.51.100.133,"Mumbai, IN",pm_tok_stolen_C_001,0,8,1,2,5,1,PAYMENT_REF_REUSE
tx_legit_008706,usr_norm_1763,merch_razorpay_010,836.31,INR,2026-08-19T10:03:46+00:00,dev_fingerprint_0415,192.168.171.136,"Pune, IN",pm_tok_synthetic_01381,860,1,0,1,2,0,NONE
tx_legit_007915,usr_norm_0592,merch_razorpay_018,478.04,INR,2026-08-19T10:06:44+00:00,dev_fingerprint_0703,192.168.166.11,"Delhi, IN",pm_tok_synthetic_00198,77,2,0,1,3,0,NONE
tx_legit_007741,usr_norm_0261,merch_razorpay_037,156.72,INR,2026-08-19T10:11:35+00:00,dev_fingerprint_1150,192.168.193.218,"Bengaluru, IN",pm_tok_synthetic_01484,596,1,0,1,1,0,NONE
tx_legit_000255,usr_norm_0107,merch_razorpay_019,198.51,INR,2026-08-19T10:12:55+00:00,dev_fingerprint_0675,192.168.65.249,"Bengaluru, IN",pm_tok_synthetic_02285,724,1,0,1,1,0,NONE
tx_legit_003997,usr_norm_1594,merch_razorpay_019,204.11,INR,2026-08-19T10:14:08+00:00,dev_fingerprint_0501,192.168.111.91,"Hyderabad, IN",pm_tok_synthetic_00291,348,1,0,1,4,0,NONE
tx_legit_005155,usr_norm_0534,merch_razorpay_027,608.67,INR,2026-08-19T10:21:57+00:00,dev_fingerprint_1441,192.168.223.168,"Ahmedabad, IN",pm_tok_synthetic_00256,621,1,0,1,3,0,NONE
tx_legit_005861,usr_norm_1411,merch_razorpay_033,677.78,INR,2026-08-19T10:26:38+00:00,dev_fingerprint_1706,192.168.133.116,"Kolkata, IN",pm_tok_synthetic_00541,374,1,0,1,2,0,NONE
tx_legit_003476,usr_norm_1314,merch_razorpay_006,238.62,INR,2026-08-19T10:29:12+00:00,dev_fingerprint_0371,192.168.139.215,"Ahmedabad, IN",pm_tok_synthetic_01024,866,1,0,1,1,0,NONE
tx_legit_000982,usr_norm_1680,merch_razorpay_022,730.42,INR,2026-08-19T10:32:06+00:00,dev_fingerprint_0271,192.168.59.93,"Pune, IN",pm_tok_synthetic_01150,311,1,0,1,1,0,NONE
tx_legit_007065,usr_norm_0526,merch_razorpay_037,422.7,INR,2026-08-19T10:35:16+00:00,dev_fingerprint_1888,192.168.150.98,"Bengaluru, IN",pm_tok_synthetic_00999,558,1,1,1,3,0,NONE
tx_legit_008194,usr_norm_1950,merch_razorpay_015,269.68,INR,2026-08-19T10:40:18+00:00,dev_fingerprint_1453,192.168.227.224,"Pune, IN",pm_tok_synthetic_00117,792,1,2,1,1,0,NONE
tx_legit_002406,usr_norm_0532,merch_razorpay_043,438.22,INR,2026-08-19T10:47:50+00:00,dev_fingerprint_1212,10.0.149.206,"Kolkata, IN",pm_tok_synthetic_01592,34,1,0,1,1,0,NONE
tx_legit_004564,usr_norm_0165,merch_razorpay_044,362.71,INR,2026-08-19T10:54:32+00:00,dev_fingerprint_0033,192.168.237.207,"Chennai, IN",pm_tok_synthetic_00276,383,1,0,1,1,0,NONE
tx_fraud_000278,usr_fraud_burstB_027,merch_razorpay_013,3996.08,INR,2026-08-19T10:57:24+00:00,dev_fraud_burstB_025,203.0.113.103,"Ahmedabad, IN",pm_tok_burstB_006,16,24,6,1,24,1,SHARED_IP_BURST
tx_legit_009140,usr_norm_1574,merch_razorpay_036,394.71,INR,2026-08-19T11:03:54+00:00,dev_fingerprint_0413,10.0.62.73,"Hyderabad, IN",pm_tok_synthetic_01396,484,2,0,1,1,0,NONE
tx_legit_006985,usr_norm_0986,merch_razorpay_047,386.07,INR,2026-08-19T11:04:25+00:00,dev_fingerprint_0886,192.168.76.92,"Hyderabad, IN",pm_tok_synthetic_02396,524,2,0,1,3,0,NONE
tx_legit_001370,usr_norm_0341,merch_razorpay_016,725.36,INR,2026-08-19T11:05:11+00:00,dev_fingerprint_1240,192.168.33.50,"Delhi, IN",pm_tok_synthetic_01703,748,2,0,1,2,0,NONE
tx_fraud_000171,usr_fraud_burstB_010,merch_razorpay_025,12068.74,INR,2026-08-19T11:06:34+00:00,dev_fraud_burstB_037,203.0.113.103,"Hyderabad, IN",pm_tok_burstB_018,23,24,4,3,22,1,SHARED_IP_BURST
tx_legit_008768,usr_norm_1571,merch_razorpay_040,203.81,INR,2026-08-19T11:10:26+00:00,dev_fingerprint_0925,192.168.112.251,"Hyderabad, IN",pm_tok_synthetic_01239,251,1,1,3,1,0,NONE
tx_legit_003727,usr_norm_1830,merch_razorpay_032,876.28,INR,2026-08-19T11:21:39+00:00,dev_fingerprint_1195,10.0.209.136,"Kolkata, IN",pm_tok_synthetic_01863,504,1,0,1,1,0,NONE
tx_legit_007118,usr_norm_1819,merch_razorpay_020,358.47,INR,2026-08-19T11:21:52+00:00,dev_fingerprint_1211,192.168.243.10,"Pune, IN",pm_tok_synthetic_00610,617,1,2,1,4,0,NONE
tx_legit_004281,usr_norm_0961,merch_razorpay_005,569.11,INR,2026-08-19T11:28:46+00:00,dev_fingerprint_1584,192.168.174.140,"Kolkata, IN",pm_tok_synthetic_02041,487,2,0,1,2,0,NONE
tx_legit_003959,usr_norm_0656,merch_razorpay_026,316.8,INR,2026-08-19T11:28:55+00:00,dev_fingerprint_1480,192.168.96.196,"Ahmedabad, IN",pm_tok_synthetic_00935,788,1,0,1,1,0,NONE
tx_legit_002152,usr_norm_1134,merch_razorpay_039,457.03,INR,2026-08-19T11:34:43+00:00,dev_fingerprint_1172,192.168.113.231,"Chennai, IN",pm_tok_synthetic_00229,200,1,0,1,1,0,NONE
tx_legit_007709,usr_norm_0710,merch_razorpay_013,2307.61,INR,2026-08-19T11:34:58+00:00,dev_fingerprint_0344,192.168.203.102,"Kolkata, IN",pm_tok_synthetic_02350,473,1,0,1,1,0,NONE
tx_legit_004618,usr_norm_0805,merch_razorpay_031,422.68,INR,2026-08-19T11:35:09+00:00,dev_fingerprint_1284,192.168.133.116,"Delhi, IN",pm_tok_synthetic_02437,294,1,0,1,3,0,NONE
tx_fraud_000078,usr_fraud_ringA_002,merch_razorpay_018,7487.86,INR,2026-08-19T11:37:46+00:00,dev_fraud_ring_A_0,198.51.100.79,"Kolkata, IN",pm_tok_ringA_004,10,8,3,11,3,1,DEVICE_SHARING_RING
tx_legit_006844,usr_norm_1015,merch_razorpay_032,429.14,INR,2026-08-19T11:40:24+00:00,dev_fingerprint_0853,10.0.13.29,"Ahmedabad, IN",pm_tok_synthetic_02291,595,1,0,1,1,0,NONE
tx_legit_008913,usr_norm_0087,merch_razorpay_049,625.77,INR,2026-08-19T11:44:52+00:00,dev_fingerprint_1394,192.168.203.102,"Bengaluru, IN",pm_tok_synthetic_02312,688,2,1,2,1,0,NONE
tx_legit_008067,usr_norm_0278,merch_razorpay_021,279.19,INR,2026-08-19T11:46:19+00:00,dev_fingerprint_1195,192.168.239.61,"Mumbai, IN",pm_tok_synthetic_00109,641,1,2,1,2,0,NONE
tx_legit_002503,usr_norm_1262,merch_razorpay_045,1174.81,INR,2026-08-19T11:46:43+00:00,dev_fingerprint_0146,192.168.68.192,"Delhi, IN",pm_tok_synthetic_00663,381,1,0,1,2,0,NONE
tx_legit_006273,usr_norm_0394,merch_razorpay_020,296.63,INR,2026-08-19T11:59:51+00:00,dev_fingerprint_1085,192.168.33.33,"Delhi, IN",pm_tok_synthetic_01590,278,1,0,1,1,0,NONE
tx_fraud_000770,usr_fraud_combE_004,merch_razorpay_040,35385.3,INR,2026-08-19T12:26:05+00:00,dev_fraud_combE_1,203.0.113.203,Tor / Proxy Exit Node,pm_tok_combE_1,3,24,10,12,25,1,COMBINED_RING
tx_legit_005399,usr_norm_1189,merch_razorpay_030,796.49,INR,2026-08-19T12:32:26+00:00,dev_fingerprint_0347,192.168.151.170,"Pune, IN",pm_tok_synthetic_00147,398,1,0,1,1,0,NONE
tx_legit_003697,usr_norm_0802,merch_razorpay_025,1663.7,INR,2026-08-19T12:32:31+00:00,dev_fingerprint_0919,192.168.120.222,"Chennai, IN",pm_tok_synthetic_00684,246,1,0,2,1,0,NONE
tx_legit_006692,usr_norm_0663,merch_razorpay_033,227.7,INR,2026-08-19T12:34:36+00:00,dev_fingerprint_0763,192.168.236.1,"Delhi, IN",pm_tok_synthetic_02056,719,1,0,1,2,0,NONE
tx_legit_002716,usr_norm_0083,merch_razorpay_048,273.07,INR,2026-08-19T12:35:04+00:00,dev_fingerprint_0355,192.168.31.185,"Ahmedabad, IN",pm_tok_synthetic_00626,808,1,1,1,3,0,NONE
tx_legit_007490,usr_norm_0606,merch_razorpay_017,552.48,INR,2026-08-19T12:36:24+00:00,dev_fingerprint_0703,10.0.95.168,"Bengaluru, IN",pm_tok_synthetic_00493,462,2,0,1,1,0,NONE
tx_legit_006740,usr_norm_1231,merch_razorpay_013,903.79,INR,2026-08-19T12:37:14+00:00,dev_fingerprint_0646,192.168.78.180,"Ahmedabad, IN",pm_tok_synthetic_00034,42,1,0,1,1,0,NONE
tx_legit_000150,usr_norm_1297,merch_razorpay_014,650.37,INR,2026-08-19T12:39:18+00:00,dev_fingerprint_0864,192.168.126.27,"Bengaluru, IN",pm_tok_synthetic_00981,559,1,0,2,1,0,NONE
tx_legit_008568,usr_norm_0501,merch_razorpay_020,537.62,INR,2026-08-19T12:40:03+00:00,dev_fingerprint_1297,192.168.200.144,"Ahmedabad, IN",pm_tok_synthetic_00991,288,1,0,1,1,0,NONE
tx_legit_008608,usr_norm_0412,merch_razorpay_044,233.35,INR,2026-08-19T12:41:22+00:00,dev_fingerprint_1632,192.168.2.229,"Delhi, IN",pm_tok_synthetic_00187,606,2,0,1,3,0,NONE
tx_fraud_000317,usr_fraud_burstB_006,merch_razorpay_009,9058.15,INR,2026-08-19T12:58:01+00:00,dev_fraud_burstB_018,203.0.113.103,"Bengaluru, IN",pm_tok_burstB_015,5,14,4,1,27,1,SHARED_IP_BURST
tx_legit_004006,usr_norm_1627,merch_razorpay_026,1659.9,INR,2026-08-19T12:59:15+00:00,dev_fingerprint_0142,192.168.85.91,"Pune, IN",pm_tok_synthetic_00445,731,1,0,1,1,0,NONE
tx_legit_008766,usr_norm_1887,merch_razorpay_022,551.34,INR,2026-08-19T13:00:53+00:00,dev_fingerprint_0980,192.168.76.84,"Delhi, IN",pm_tok_synthetic_00164,172,1,0,1,1,0,NONE
tx_legit_005589,usr_norm_0762,merch_razorpay_013,171.28,INR,2026-08-19T13:02:50+00:00,dev_fingerprint_1419,192.168.69.17,"Ahmedabad, IN",pm_tok_synthetic_01435,292,1,0,1,1,0,NONE
tx_legit_008018,usr_norm_0120,merch_razorpay_001,375.94,INR,2026-08-19T13:06:18+00:00,dev_fingerprint_1596,192.168.64.191,"Chennai, IN",pm_tok_synthetic_01211,894,3,0,1,2,0,NONE
tx_fraud_000503,usr_fraud_anomD_022,merch_razorpay_006,91817.54,INR,2026-08-19T13:11:05+00:00,dev_anomD_022,192.0.2.86,Unknown / VPN Node,pm_tok_anomD_022,5,15,4,2,4,1,BEHAVIORAL_ANOMALY
tx_legit_005738,usr_norm_1970,merch_razorpay_000,1087.69,INR,2026-08-19T13:16:56+00:00,dev_fingerprint_0351,192.168.45.52,"Chennai, IN",pm_tok_synthetic_02200,34,1,0,1,1,0,NONE
tx_legit_008530,usr_norm_0646,merch_razorpay_034,574.3,INR,2026-08-19T13:19:30+00:00,dev_fingerprint_0023,192.168.34.186,"Pune, IN",pm_tok_synthetic_02033,385,1,0,1,1,0,NONE
tx_legit_007806,usr_norm_1496,merch_razorpay_042,465.34,INR,2026-08-19T13:28:31+00:00,dev_fingerprint_1788,192.168.60.99,"Delhi, IN",pm_tok_synthetic_00370,769,1,0,2,1,0,NONE
tx_legit_000106,usr_norm_1049,merch_razorpay_026,841.68,INR,2026-08-19T13:29:39+00:00,dev_fingerprint_0868,192.168.232.8,"Pune, IN",pm_tok_synthetic_00425,240,1,0,1,1,0,NONE
tx_legit_002379,usr_norm_0831,merch_razorpay_049,126.1,INR,2026-08-19T13:32:09+00:00,dev_fingerprint_0637,192.168.235.72,"Bengaluru, IN",pm_tok_synthetic_02075,443,3,0,1,1,0,NONE
tx_fraud_000164,usr_fraud_burstB_003,merch_razorpay_048,8860.33,INR,2026-08-19T13:33:28+00:00,dev_fraud_burstB_035,203.0.113.103,"Kolkata, IN",pm_tok_burstB_003,7,24,8,2,30,1,SHARED_IP_BURST
tx_legit_006725,usr_norm_0938,merch_razorpay_020,311.02,INR,2026-08-19T13:41:35+00:00,dev_fingerprint_0863,10.0.205.164,"Pune, IN",pm_tok_synthetic_00683,145,1,0,1,1,0,NONE
tx_legit_003960,usr_norm_1601,merch_razorpay_035,911.01,INR,2026-08-19T13:47:34+00:00,dev_fingerprint_1889,192.168.226.106,"Hyderabad, IN",pm_tok_synthetic_01576,867,1,0,1,1,0,NONE
tx_legit_005794,usr_norm_1546,merch_razorpay_024,548.2,INR,2026-08-19T13:49:38+00:00,dev_fingerprint_1948,192.168.114.195,"Mumbai, IN",pm_tok_synthetic_00849,848,1,0,1,1,0,NONE
tx_legit_008026,usr_norm_0545,merch_razorpay_026,578.24,INR,2026-08-19T13:55:57+00:00,dev_fingerprint_1849,192.168.46.206,"Chennai, IN",pm_tok_synthetic_02442,171,1,0,3,1,0,NONE
tx_legit_006340,usr_norm_0089,merch_razorpay_013,821.3,INR,2026-08-19T13:56:24+00:00,dev_fingerprint_0647,192.168.87.6,"Chennai, IN",pm_tok_synthetic_01801,99,1,0,2,2,0,NONE
tx_legit_004672,usr_norm_0106,merch_razorpay_024,382.2,INR,2026-08-19T14:06:16+00:00,dev_fingerprint_1224,192.168.240.175,"Ahmedabad, IN",pm_tok_synthetic_01370,97,1,0,3,3,0,NONE
tx_legit_008294,usr_norm_0447,merch_razorpay_029,147.91,INR,2026-08-19T14:08:02+00:00,dev_fingerprint_0470,192.168.76.56,"Chennai, IN",pm_tok_synthetic_02321,516,1,0,2,1,0,NONE
tx_legit_005644,usr_norm_0071,merch_razorpay_007,928.6,INR,2026-08-19T14:14:32+00:00,dev_fingerprint_1453,10.0.48.226,"Pune, IN",pm_tok_synthetic_01710,326,1,0,1,1,0,NONE
tx_legit_009074,usr_norm_1517,merch_razorpay_049,609.24,INR,2026-08-19T14:16:25+00:00,dev_fingerprint_0444,192.168.115.203,"Bengaluru, IN",pm_tok_synthetic_01948,494,1,0,3,1,0,NONE
tx_legit_001308,usr_norm_1700,merch_razorpay_020,1303.17,INR,2026-08-19T14:19:03+00:00,dev_fingerprint_1335,192.168.41.19,"Mumbai, IN",pm_tok_synthetic_01116,373,1,0,1,2,0,NONE
tx_legit_005726,usr_norm_1913,merch_razorpay_025,205.16,INR,2026-08-19T14:21:17+00:00,dev_fingerprint_0380,192.168.224.26,"Chennai, IN",pm_tok_synthetic_01563,326,1,0,1,2,0,NONE
tx_legit_008547,usr_norm_1453,merch_razorpay_017,892.13,INR,2026-08-19T14:28:38+00:00,dev_fingerprint_0527,192.168.13.234,"Mumbai, IN",pm_tok_synthetic_01585,864,1,0,1,1,0,NONE
tx_legit_002321,usr_norm_1580,merch_razorpay_038,436.59,INR,2026-08-19T14:35:55+00:00,dev_fingerprint_0793,192.168.249.24,"Chennai, IN",pm_tok_synthetic_02139,148,1,1,1,2,0,NONE
tx_legit_005000,usr_norm_0311,merch_razorpay_003,156.74,INR,2026-08-19T14:36:05+00:00,dev_fingerprint_1337,192.168.7.159,"Bengaluru, IN",pm_tok_synthetic_01948,518,2,0,2,2,0,NONE
tx_legit_001053,usr_norm_1589,merch_razorpay_019,1045.64,INR,2026-08-19T14:36:11+00:00,dev_fingerprint_0305,192.168.232.9,"Pune, IN",pm_tok_synthetic_01120,147,1,0,1,2,0,NONE
tx_legit_005146,usr_norm_1066,merch_razorpay_037,973.74,INR,2026-08-19T14:54:50+00:00,dev_fingerprint_0800,192.168.203.211,"Pune, IN",pm_tok_synthetic_02235,332,1,0,1,2,0,NONE
tx_legit_008865,usr_norm_1076,merch_razorpay_022,834.25,INR,2026-08-19T15:02:00+00:00,dev_fingerprint_0517,192.168.24.238,"Ahmedabad, IN",pm_tok_synthetic_00469,215,1,0,1,1,0,NONE
tx_legit_000801,usr_norm_1143,merch_razorpay_000,789.04,INR,2026-08-19T15:03:41+00:00,dev_fingerprint_1846,192.168.236.74,"Bengaluru, IN",pm_tok_synthetic_01403,494,2,0,2,1,0,NONE
tx_legit_001129,usr_norm_0356,merch_razorpay_038,537.95,INR,2026-08-19T15:11:46+00:00,dev_fingerprint_0044,192.168.86.24,"Kolkata, IN",pm_tok_synthetic_01042,866,1,0,1,3,0,NONE
tx_legit_008041,usr_norm_0512,merch_razorpay_021,258.02,INR,2026-08-19T15:14:55+00:00,dev_fingerprint_0021,192.168.30.175,"Pune, IN",pm_tok_synthetic_01059,257,2,0,2,3,0,NONE
tx_legit_008334,usr_norm_0832,merch_razorpay_042,337.01,INR,2026-08-19T15:16:22+00:00,dev_fingerprint_0277,10.0.73.143,"Mumbai, IN",pm_tok_synthetic_02147,612,1,1,1,1,0,NONE
tx_fraud_000681,usr_fraud_combE_015,merch_razorpay_008,19837.91,INR,2026-08-19T15:23:52+00:00,dev_fraud_combE_1,203.0.113.202,Tor / Proxy Exit Node,pm_tok_combE_0,2,17,6,13,28,1,COMBINED_RING
tx_legit_007724,usr_norm_1068,merch_razorpay_019,1460.57,INR,2026-08-19T15:30:44+00:00,dev_fingerprint_1493,192.168.98.116,"Pune, IN",pm_tok_synthetic_01528,41,1,0,1,3,0,NONE
tx_legit_000193,usr_norm_0389,merch_razorpay_032,98.36,INR,2026-08-19T15:34:03+00:00,dev_fingerprint_0614,192.168.174.192,"Bengaluru, IN",pm_tok_synthetic_00753,802,1,0,1,1,0,NONE
tx_legit_000303,usr_norm_0290,merch_razorpay_048,857.04,INR,2026-08-19T15:35:53+00:00,dev_fingerprint_0979,192.168.149.7,"Ahmedabad, IN",pm_tok_synthetic_01543,351,1,1,1,3,0,NONE
tx_legit_004955,usr_norm_1734,merch_razorpay_007,709.53,INR,2026-08-19T15:35:57+00:00,dev_fingerprint_0893,192.168.122.157,"Bengaluru, IN",pm_tok_synthetic_00287,583,1,1,1,2,0,NONE
tx_legit_001039,usr_norm_0056,merch_razorpay_030,282.11,INR,2026-08-19T15:37:20+00:00,dev_fingerprint_0868,192.168.7.233,"Delhi, IN",pm_tok_synthetic_02486,482,1,0,1,1,0,NONE
tx_legit_007823,usr_norm_0934,merch_razorpay_036,259.44,INR,2026-08-19T15:38:04+00:00,dev_fingerprint_0549,10.0.166.165,"Hyderabad, IN",pm_tok_synthetic_00380,411,1,0,1,3,0,NONE
tx_legit_005317,usr_norm_1729,merch_razorpay_003,2288.29,INR,2026-08-19T15:46:20+00:00,dev_fingerprint_0513,10.0.187.182,"Ahmedabad, IN",pm_tok_synthetic_01826,49,1,0,2,3,0,NONE
tx_legit_006698,usr_norm_1187,merch_razorpay_006,442.6,INR,2026-08-19T15:46:39+00:00,dev_fingerprint_0398,192.168.97.21,"Kolkata, IN",pm_tok_synthetic_02455,552,2,0,1,2,0,NONE
tx_legit_002637,usr_norm_1492,merch_razorpay_038,403.56,INR,2026-08-19T15:46:57+00:00,dev_fingerprint_0596,192.168.64.216,"Chennai, IN",pm_tok_synthetic_01630,341,1,0,1,1,0,NONE
tx_fraud_000102,usr_fraud_ringA_001,merch_razorpay_008,2673.46,INR,2026-08-19T15:48:50+00:00,dev_fraud_ring_A_4,198.51.100.87,"Ahmedabad, IN",pm_tok_ringA_004,1,8,4,13,4,1,DEVICE_SHARING_RING
tx_legit_008148,usr_norm_1542,merch_razorpay_047,244.79,INR,2026-08-19T15:50:46+00:00,dev_fingerprint_1294,192.168.98.72,"Mumbai, IN",pm_tok_synthetic_02017,857,1,0,1,1,0,NONE
tx_legit_001186,usr_norm_1316,merch_razorpay_034,166.14,INR,2026-08-19T15:52:52+00:00,dev_fingerprint_1463,192.168.68.34,"Chennai, IN",pm_tok_synthetic_01576,819,1,2,1,2,0,NONE
tx_fraud_000055,usr_fraud_ringA_004,merch_razorpay_007,17929.48,INR,2026-08-19T15:55:41+00:00,dev_fraud_ring_A_2,198.51.100.80,"Chennai, IN",pm_tok_ringA_001,13,12,3,9,5,1,DEVICE_SHARING_RING
tx_legit_001864,usr_norm_1990,merch_razorpay_016,517.33,INR,2026-08-19T15:56:38+00:00,dev_fingerprint_1209,192.168.88.29,"Mumbai, IN",pm_tok_synthetic_00691,96,2,1,1,1,0,NONE
tx_legit_004420,usr_norm_0779,merch_razorpay_047,2195.08,INR,2026-08-19T15:57:46+00:00,dev_fingerprint_1352,192.168.164.251,"Pune, IN",pm_tok_synthetic_01218,273,1,0,1,1,0,NONE
tx_legit_000629,usr_norm_0799,merch_razorpay_008,1275.59,INR,2026-08-19T16:04:12+00:00,dev_fingerprint_0808,192.168.34.202,"Mumbai, IN",pm_tok_synthetic_00142,544,1,1,1,3,0,NONE
tx_legit_004470,usr_norm_1775,merch_razorpay_047,465.46,INR,2026-08-19T16:04:21+00:00,dev_fingerprint_1447,192.168.110.79,"Kolkata, IN",pm_tok_synthetic_02431,320,1,0,1,1,0,NONE
tx_legit_002791,usr_norm_1682,merch_razorpay_008,968.51,INR,2026-08-19T16:21:49+00:00,dev_fingerprint_0357,192.168.212.242,"Mumbai, IN",pm_tok_synthetic_02423,786,1,0,1,4,0,NONE
tx_legit_006498,usr_norm_1294,merch_razorpay_014,184.15,INR,2026-08-19T16:25:20+00:00,dev_fingerprint_1887,192.168.163.159,"Hyderabad, IN",pm_tok_synthetic_01023,197,1,0,1,1,0,NONE
tx_legit_008507,usr_norm_1661,merch_razorpay_008,392.97,INR,2026-08-19T16:29:15+00:00,dev_fingerprint_0751,192.168.97.21,"Ahmedabad, IN",pm_tok_synthetic_00155,611,1,0,1,1,0,NONE
tx_legit_000207,usr_norm_0137,merch_razorpay_009,386.24,INR,2026-08-19T16:34:40+00:00,dev_fingerprint_0210,192.168.112.163,"Bengaluru, IN",pm_tok_synthetic_02113,157,1,0,1,4,0,NONE
tx_legit_008183,usr_norm_0013,merch_razorpay_033,208.25,INR,2026-08-19T16:41:35+00:00,dev_fingerprint_0918,192.168.169.126,"Bengaluru, IN",pm_tok_synthetic_01482,555,1,0,1,1,0,NONE
tx_legit_003268,usr_norm_1695,merch_razorpay_045,1718.3,INR,2026-08-19T16:45:10+00:00,dev_fingerprint_0537,192.168.103.172,"Delhi, IN",pm_tok_synthetic_02172,475,1,0,1,2,0,NONE
tx_legit_005326,usr_norm_0579,merch_razorpay_046,241.34,INR,2026-08-19T16:46:44+00:00,dev_fingerprint_1384,192.168.22.73,"Pune, IN",pm_tok_synthetic_02004,175,1,0,1,1,0,NONE
tx_fraud_000430,usr_fraud_reuseC_009,merch_razorpay_028,13649.15,INR,2026-08-19T16:47:36+00:00,dev_reuseC_003,198.51.100.144,"Bengaluru, IN",pm_tok_stolen_C_004,4,8,0,2,4,1,PAYMENT_REF_REUSE
tx_fraud_000773,usr_fraud_combE_007,merch_razorpay_040,38054.75,INR,2026-08-19T16:49:05+00:00,dev_fraud_combE_2,203.0.113.201,Tor / Proxy Exit Node,pm_tok_combE_1,2,16,8,12,35,1,COMBINED_RING
tx_legit_005271,usr_norm_0278,merch_razorpay_008,902.99,INR,2026-08-19T16:49:20+00:00,dev_fingerprint_1195,192.168.239.61,"Bengaluru, IN",pm_tok_synthetic_00109,641,1,0,1,2,0,NONE
tx_legit_007307,usr_norm_0262,merch_razorpay_040,460.71,INR,2026-08-19T16:51:20+00:00,dev_fingerprint_0591,192.168.102.227,"Delhi, IN",pm_tok_synthetic_01582,546,1,0,1,1,0,NONE
tx_legit_004074,usr_norm_0282,merch_razorpay_038,708.75,INR,2026-08-19T16:51:41+00:00,dev_fingerprint_1476,192.168.71.12,"Chennai, IN",pm_tok_synthetic_01557,181,1,0,1,4,0,NONE
tx_legit_002184,usr_norm_0200,merch_razorpay_037,2050.67,INR,2026-08-19T16:57:18+00:00,dev_fingerprint_0643,192.168.77.221,"Delhi, IN",pm_tok_synthetic_01141,285,2,0,1,1,0,NONE
tx_legit_000936,usr_norm_0936,merch_razorpay_035,1237.0,INR,2026-08-19T16:58:55+00:00,dev_fingerprint_0819,10.0.220.59,"Hyderabad, IN",pm_tok_synthetic_01869,308,1,0,1,2,0,NONE
tx_legit_005761,usr_norm_0675,merch_razorpay_028,183.09,INR,2026-08-19T16:58:56+00:00,dev_fingerprint_1302,192.168.96.111,"Ahmedabad, IN",pm_tok_synthetic_02175,373,1,0,1,1,0,NONE
tx_legit_001323,usr_norm_0218,merch_razorpay_027,154.17,INR,2026-08-19T17:00:01+00:00,dev_fingerprint_1177,10.0.109.252,"Bengaluru, IN",pm_tok_synthetic_00513,354,1,0,1,1,0,NONE
tx_legit_007502,usr_norm_0828,merch_razorpay_046,491.16,INR,2026-08-19T17:06:08+00:00,dev_fingerprint_0432,192.168.87.206,"Delhi, IN",pm_tok_synthetic_01667,788,2,0,1,1,0,NONE
tx_legit_002266,usr_norm_1071,merch_razorpay_041,330.44,INR,2026-08-19T17:06:33+00:00,dev_fingerprint_1221,192.168.132.170,"Bengaluru, IN",pm_tok_synthetic_02200,590,2,0,1,3,0,NONE
tx_legit_004160,usr_norm_1689,merch_razorpay_021,571.94,INR,2026-08-19T17:06:33+00:00,dev_fingerprint_1353,10.0.172.11,"Bengaluru, IN",pm_tok_synthetic_00685,245,1,0,1,1,0,NONE
tx_legit_000352,usr_norm_0900,merch_razorpay_048,294.99,INR,2026-08-19T17:10:29+00:00,dev_fingerprint_1003,192.168.185.241,"Bengaluru, IN",pm_tok_synthetic_00771,198,1,0,1,1,0,NONE
tx_fraud_000435,usr_fraud_reuseC_014,merch_razorpay_017,10688.42,INR,2026-08-19T17:12:04+00:00,dev_reuseC_024,198.51.100.128,"Kolkata, IN",pm_tok_stolen_C_004,5,8,2,2,4,1,PAYMENT_REF_REUSE
tx_legit_003927,usr_norm_1758,merch_razorpay_028,733.83,INR,2026-08-19T17:13:05+00:00,dev_fingerprint_1328,192.168.188.125,"Mumbai, IN",pm_tok_synthetic_00058,206,3,0,1,3,0,NONE
tx_legit_008870,usr_norm_0810,merch_razorpay_014,572.3,INR,2026-08-19T17:16:41+00:00,dev_fingerprint_1434,192.168.33.164,"Kolkata, IN",pm_tok_synthetic_02406,565,2,0,1,2,0,NONE
tx_legit_007758,usr_norm_1671,merch_razorpay_006,593.15,INR,2026-08-19T17:17:34+00:00,dev_fingerprint_0960,192.168.125.55,"Chennai, IN",pm_tok_synthetic_01357,461,2,0,1,1,0,NONE
tx_legit_004172,usr_norm_0963,merch_razorpay_001,1309.15,INR,2026-08-19T17:17:44+00:00,dev_fingerprint_1338,192.168.208.223,"Mumbai, IN",pm_tok_synthetic_00420,443,1,0,1,1,0,NONE
tx_legit_002813,usr_norm_1998,merch_razorpay_007,391.79,INR,2026-08-19T17:17:58+00:00,dev_fingerprint_0931,192.168.249.129,"Chennai, IN",pm_tok_synthetic_00500,286,1,0,1,2,0,NONE
tx_legit_002695,usr_norm_1541,merch_razorpay_035,143.54,INR,2026-08-19T17:23:30+00:00,dev_fingerprint_1152,10.0.210.178,"Mumbai, IN",pm_tok_synthetic_02128,776,1,2,1,4,0,NONE
tx_legit_005110,usr_norm_0738,merch_razorpay_001,716.7,INR,2026-08-19T17:33:45+00:00,dev_fingerprint_0476,192.168.31.185,"Pune, IN",pm_tok_synthetic_00896,50,1,0,1,1,0,NONE
tx_legit_001586,usr_norm_0994,merch_razorpay_034,1965.68,INR,2026-08-19T17:34:31+00:00,dev_fingerprint_0845,192.168.31.185,"Hyderabad, IN",pm_tok_synthetic_02098,336,3,0,1,4,0,NONE
tx_fraud_000566,usr_fraud_anomD_085,merch_razorpay_025,84054.84,INR,2026-08-19T17:38:06+00:00,dev_anomD_085,192.0.2.126,Unknown / VPN Node,pm_tok_anomD_085,6,15,4,3,3,1,BEHAVIORAL_ANOMALY
tx_legit_000767,usr_norm_0052,merch_razorpay_028,262.55,INR,2026-08-19T17:38:49+00:00,dev_fingerprint_0638,192.168.170.242,"Mumbai, IN",pm_tok_synthetic_01328,825,1,2,1,2,0,NONE
tx_legit_006438,usr_norm_1822,merch_razorpay_026,586.97,INR,2026-08-19T17:38:54+00:00,dev_fingerprint_0871,10.0.189.9,"Pune, IN",pm_tok_synthetic_01615,520,1,0,1,1,0,NONE
tx_legit_003590,usr_norm_1594,merch_razorpay_007,344.25,INR,2026-08-19T17:50:16+00:00,dev_fingerprint_1997,10.0.171.38,"Chennai, IN",pm_tok_synthetic_00291,348,1,0,1,1,0,NONE
tx_legit_004384,usr_norm_1951,merch_razorpay_034,1007.88,INR,2026-08-19T17:57:47+00:00,dev_fingerprint_1659,10.0.31.53,"Bengaluru, IN",pm_tok_synthetic_00527,740,1,0,1,3,0,NONE
tx_legit_001877,usr_norm_1599,merch_razorpay_017,259.89,INR,2026-08-19T18:05:59+00:00,dev_fingerprint_0802,192.168.87.205,"Bengaluru, IN",pm_tok_synthetic_02441,636,1,0,1,2,0,NONE
tx_legit_005034,usr_norm_1593,merch_razorpay_017,390.16,INR,2026-08-19T18:08:08+00:00,dev_fingerprint_1442,10.0.249.153,"Kolkata, IN",pm_tok_synthetic_01160,617,1,0,1,1,0,NONE
tx_fraud_000002,usr_fraud_ringA_001,merch_razorpay_009,8140.61,INR,2026-08-19T18:13:03+00:00,dev_fraud_ring_A_3,198.51.100.38,"Mumbai, IN",pm_tok_ringA_007,10,9,4,12,2,1,DEVICE_SHARING_RING
tx_legit_008062,usr_norm_0158,merch_razorpay_018,1874.35,INR,2026-08-19T18:18:12+00:00,dev_fingerprint_1788,192.168.7.190,"Chennai, IN",pm_tok_synthetic_01445,276,1,0,1,1,0,NONE
tx_legit_006332,usr_norm_0381,merch_razorpay_041,421.89,INR,2026-08-19T18:19:19+00:00,dev_fingerprint_1224,10.0.177.14,"Kolkata, IN",pm_tok_synthetic_01313,272,2,0,1,3,0,NONE
tx_legit_007672,usr_norm_1451,merch_razorpay_009,1176.17,INR,2026-08-19T18:23:16+00:00,dev_fingerprint_0720,192.168.182.112,"Chennai, IN",pm_tok_synthetic_01238,271,1,0,1,2,0,NONE
tx_legit_004552,usr_norm_1015,merch_razorpay_002,707.11,INR,2026-08-19T18:26:16+00:00,dev_fingerprint_0853,10.0.65.238,"Delhi, IN",pm_tok_synthetic_01280,595,2,0,1,1,0,NONE
tx_fraud_000137,usr_fraud_ringA_011,merch_razorpay_030,10844.27,INR,2026-08-19T18:27:05+00:00,dev_fraud_ring_A_1,198.51.100.19,"Kolkata, IN",pm_tok_ringA_007,1,4,2,16,4,1,DEVICE_SHARING_RING
tx_legit_001955,usr_norm_1901,merch_razorpay_035,315.55,INR,2026-08-19T18:27:17+00:00,dev_fingerprint_1148,192.168.29.40,"Chennai, IN",pm_tok_synthetic_00883,775,1,0,1,1,0,NONE
tx_fraud_000754,usr_fraud_combE_013,merch_razorpay_033,21022.6,INR,2026-08-19T18:28:32+00:00,dev_fraud_combE_1,203.0.113.203,Tor / Proxy Exit Node,pm_tok_combE_0,3,22,8,18,38,1,COMBINED_RING
tx_legit_008171,usr_norm_1287,merch_razorpay_001,829.78,INR,2026-08-19T18:29:01+00:00,dev_fingerprint_0021,192.168.164.29,"Bengaluru, IN",pm_tok_synthetic_02143,864,1,0,1,2,0,NONE
tx_fraud_000080,usr_fraud_ringA_004,merch_razorpay_025,14478.18,INR,2026-08-19T18:31:39+00:00,dev_fraud_ring_A_2,198.51.100.56,"Ahmedabad, IN",pm_tok_ringA_007,11,9,3,18,6,1,DEVICE_SHARING_RING
tx_legit_006933,usr_norm_0516,merch_razorpay_016,390.92,INR,2026-08-19T18:35:15+00:00,dev_fingerprint_1391,192.168.115.203,"Bengaluru, IN",pm_tok_synthetic_02049,184,2,0,1,1,0,NONE
tx_legit_005873,usr_norm_0448,merch_razorpay_046,320.65,INR,2026-08-19T18:40:37+00:00,dev_fingerprint_0555,192.168.72.117,"Kolkata, IN",pm_tok_synthetic_00304,730,1,0,1,1,0,NONE
tx_legit_007699,usr_norm_1870,merch_razorpay_027,482.14,INR,2026-08-19T18:40:54+00:00,dev_fingerprint_0723,192.168.142.181,"Kolkata, IN",pm_tok_synthetic_01867,200,1,0,2,1,0,NONE
tx_fraud_000457,usr_fraud_reuseC_016,merch_razorpay_014,14818.22,INR,2026-08-19T18:41:43+00:00,dev_reuseC_015,198.51.100.140,"Bengaluru, IN",pm_tok_stolen_C_003,2,4,0,4,6,1,PAYMENT_REF_REUSE
tx_legit_003167,usr_norm_0203,merch_razorpay_048,390.66,INR,2026-08-19T18:42:06+00:00,dev_fingerprint_0536,192.168.73.186,"Pune, IN",pm_tok_synthetic_01066,750,1,0,1,1,0,NONE
tx_legit_007615,usr_norm_1633,merch_razorpay_003,1325.09,INR,2026-08-19T18:46:32+00:00,dev_fingerprint_1088,192.168.214.95,"Chennai, IN",pm_tok_synthetic_01597,660,1,0,1,2,0,NONE
tx_legit_005918,usr_norm_1345,merch_razorpay_024,599.56,INR,2026-08-19T18:52:48+00:00,dev_fingerprint_0141,10.0.236.158,"Kolkata, IN",pm_tok_synthetic_00634,490,2,0,2,1,0,NONE
tx_fraud_000030,usr_fraud_ringA_004,merch_razorpay_045,12902.87,INR,2026-08-19T18:53:24+00:00,dev_fraud_ring_A_4,198.51.100.86,"Pune, IN",pm_tok_ringA_008,11,12,2,16,4,1,DEVICE_SHARING_RING
tx_legit_003828,usr_norm_1918,merch_razorpay_010,215.3,INR,2026-08-19T19:05:47+00:00,dev_fingerprint_0537,10.0.134.19,"Chennai, IN",pm_tok_synthetic_01935,157,1,0,1,3,0,NONE
tx_legit_001872,usr_norm_0718,merch_razorpay_047,525.13,INR,2026-08-19T19:10:27+00:00,dev_fingerprint_0784,192.168.43.68,"Pune, IN",pm_tok_synthetic_01717,234,1,0,1,1,0,NONE
tx_legit_000549,usr_norm_0594,merch_razorpay_004,478.88,INR,2026-08-19T19:14:29+00:00,dev_fingerprint_0254,192.168.173.68,"Hyderabad, IN",pm_tok_synthetic_00647,481,2,0,2,2,0,NONE
tx_legit_006192,usr_norm_0878,merch_razorpay_044,2257.37,INR,2026-08-19T19:17:15+00:00,dev_fingerprint_0398,192.168.65.214,"Hyderabad, IN",pm_tok_synthetic_00490,727,1,0,1,1,0,NONE
tx_legit_005560,usr_norm_1504,merch_razorpay_041,559.85,INR,2026-08-19T19:18:06+00:00,dev_fingerprint_0253,192.168.17.99,"Ahmedabad, IN",pm_tok_synthetic_00467,753,1,0,1,1,0,NONE
tx_legit_003694,usr_norm_1184,merch_razorpay_013,372.94,INR,2026-08-19T19:18:07+00:00,dev_fingerprint_1457,192.168.177.95,"Pune, IN",pm_tok_synthetic_02447,88,1,0,1,1,0,NONE
tx_legit_007282,usr_norm_0250,merch_razorpay_045,253.9,INR,2026-08-19T19:21:03+00:00,dev_fingerprint_0640,192.168.141.26,"Ahmedabad, IN",pm_tok_synthetic_00652,540,2,0,3,1,0,NONE
tx_legit_001598,usr_norm_1462,merch_razorpay_041,362.69,INR,2026-08-19T19:27:13+00:00,dev_fingerprint_1400,192.168.33.129,"Kolkata, IN",pm_tok_synthetic_00828,171,1,0,1,1,0,NONE
tx_legit_003586,usr_norm_0079,merch_razorpay_035,997.23,INR,2026-08-19T19:28:39+00:00,dev_fingerprint_0344,192.168.68.36,"Kolkata, IN",pm_tok_synthetic_01884,678,1,1,1,1,0,NONE
tx_legit_008994,usr_norm_0710,merch_razorpay_032,303.95,INR,2026-08-19T19:32:13+00:00,dev_fingerprint_0344,192.168.203.102,"Kolkata, IN",pm_tok_synthetic_02350,473,1,0,1,1,0,NONE
tx_legit_006327,usr_norm_0359,merch_razorpay_026,408.2,INR,2026-08-19T19:44:11+00:00,dev_fingerprint_1434,192.168.199.15,"Pune, IN",pm_tok_synthetic_02216,91,1,0,1,1,0,NONE
tx_legit_003175,usr_norm_1381,merch_razorpay_033,503.96,INR,2026-08-19T19:47:30+00:00,dev_fingerprint_0492,192.168.83.219,"Chennai, IN",pm_tok_synthetic_02234,249,1,0,1,2,0,NONE
tx_legit_008813,usr_norm_0833,merch_razorpay_013,451.2,INR,2026-08-19T19:49:59+00:00,dev_fingerprint_0059,192.168.120.222,"Kolkata, IN",pm_tok_synthetic_00789,882,2,0,1,5,0,NONE
tx_legit_007805,usr_norm_0076,merch_razorpay_036,73.91,INR,2026-08-19T19:52:41+00:00,dev_fingerprint_1991,192.168.5.24,"Hyderabad, IN",pm_tok_synthetic_01640,566,1,0,1,1,0,NONE
tx_legit_007236,usr_norm_0011,merch_razorpay_031,174.06,INR,2026-08-19T19:53:58+00:00,dev_fingerprint_0107,192.168.62.15,"Delhi, IN",pm_tok_synthetic_01724,568,1,0,2,1,0,NONE
tx_legit_001669,usr_norm_1802,merch_razorpay_040,482.59,INR,2026-08-19T19:56:28+00:00,dev_fingerprint_1826,10.0.81.169,"Mumbai, IN",pm_tok_synthetic_01984,85,1,0,1,2,0,NONE
tx_legit_009130,usr_norm_1913,merch_razorpay_041,691.34,INR,2026-08-19T20:02:48+00:00,dev_fingerprint_0380,192.168.224.26,"Hyderabad, IN",pm_tok_synthetic_01563,326,1,0,1,1,0,NONE
tx_legit_005690,usr_norm_0824,merch_razorpay_012,534.95,INR,2026-08-19T20:02:58+00:00,dev_fingerprint_1006,192.168.41.19,"Mumbai, IN",pm_tok_synthetic_00402,263,2,0,1,1,0,NONE
tx_legit_002187,usr_norm_0849,merch_razorpay_002,338.36,INR,2026-08-19T20:03:50+00:00,dev_fingerprint_0017,192.168.153.18,"Hyderabad, IN",pm_tok_synthetic_01033,652,1,0,1,3,0,NONE
tx_legit_006151,usr_norm_1091,merch_razorpay_027,499.99,INR,2026-08-19T20:07:24+00:00,dev_fingerprint_0947,192.168.20.183,"Kolkata, IN",pm_tok_synthetic_01469,823,1,0,1,1,0,NONE
tx_legit_003420,usr_norm_1692,merch_razorpay_014,683.57,INR,2026-08-19T20:07:54+00:00,dev_fingerprint_0343,192.168.196.148,"Bengaluru, IN",pm_tok_synthetic_01633,517,1,0,1,1,0,NONE
tx_legit_006837,usr_norm_0385,merch_razorpay_007,159.56,INR,2026-08-19T20:09:39+00:00,dev_fingerprint_0358,10.0.105.71,"Kolkata, IN",pm_tok_synthetic_01749,599,1,0,1,1,0,NONE
tx_legit_001013,usr_norm_1519,merch_razorpay_036,1047.4,INR,2026-08-19T20:17:28+00:00,dev_fingerprint_1229,192.168.229.140,"Ahmedabad, IN",pm_tok_synthetic_01002,590,1,0,1,1,0,NONE
tx_legit_002193,usr_norm_0499,merch_razorpay_033,638.89,INR,2026-08-19T20:24:35+00:00,dev_fingerprint_0596,192.168.163.181,"Pune, IN",pm_tok_synthetic_00283,868,1,0,1,1,0,NONE
tx_legit_005529,usr_norm_1739,merch_razorpay_047,836.16,INR,2026-08-19T20:25:58+00:00,dev_fingerprint_1912,192.168.66.171,"Kolkata, IN",pm_tok_synthetic_01392,112,1,0,2,1,0,NONE
tx_legit_002927,usr_norm_1347,merch_razorpay_002,301.52,INR,2026-08-19T20:27:47+00:00,dev_fingerprint_0751,192.168.181.55,"Bengaluru, IN",pm_tok_synthetic_00002,824,2,0,1,3,0,NONE
tx_legit_000488,usr_norm_0256,merch_razorpay_026,451.95,INR,2026-08-19T20:34:07+00:00,dev_fingerprint_1339,192.168.68.202,"Kolkata, IN",pm_tok_synthetic_01927,322,1,0,1,1,0,NONE
tx_legit_001269,usr_norm_0098,merch_razorpay_013,388.87,INR,2026-08-19T20:40:38+00:00,dev_fingerprint_1239,192.168.57.70,"Pune, IN",pm_tok_synthetic_02053,184,1,0,1,1,0,NONE
tx_fraud_000254,usr_fraud_burstB_003,merch_razorpay_046,1957.18,INR,2026-08-19T20:53:49+00:00,dev_fraud_burstB_012,203.0.113.102,"Kolkata, IN",pm_tok_burstB_010,12,22,6,3,29,1,SHARED_IP_BURST
tx_legit_002618,usr_norm_0148,merch_razorpay_005,1130.49,INR,2026-08-19T20:54:50+00:00,dev_fingerprint_1444,192.168.219.229,"Kolkata, IN",pm_tok_synthetic_01837,660,1,0,1,1,0,NONE
tx_legit_000956,usr_norm_0483,merch_razorpay_028,324.26,INR,2026-08-19T20:58:55+00:00,dev_fingerprint_0157,192.168.172.51,"Mumbai, IN",pm_tok_synthetic_01030,282,1,0,1,1,0,NONE
tx_legit_001809,usr_norm_0514,merch_razorpay_007,1677.19,INR,2026-08-19T21:04:23+00:00,dev_fingerprint_1188,192.168.120.177,"Delhi, IN",pm_tok_synthetic_02356,256,1,0,1,1,0,NONE
tx_legit_008292,usr_norm_1652,merch_razorpay_038,420.74,INR,2026-08-19T21:06:48+00:00,dev_fingerprint_0894,192.168.243.218,"Kolkata, IN",pm_tok_synthetic_00556,116,1,1,1,2,0,NONE
tx_legit_003415,usr_norm_1960,merch_razorpay_003,362.36,INR,2026-08-19T21:06:53+00:00,dev_fingerprint_0021,192.168.31.166,"Delhi, IN",pm_tok_synthetic_00395,831,3,0,1,1,0,NONE
tx_legit_001042,usr_norm_0787,merch_razorpay_029,391.07,INR,2026-08-19T21:08:25+00:00,dev_fingerprint_0814,192.168.108.138,"Chennai, IN",pm_tok_synthetic_02003,706,2,0,1,1,0,NONE
tx_fraud_000488,usr_fraud_anomD_007,merch_razorpay_022,67494.08,INR,2026-08-19T21:09:48+00:00,dev_anomD_007,192.0.2.34,Unknown / VPN Node,pm_tok_anomD_007,5,13,5,3,2,1,BEHAVIORAL_ANOMALY
tx_legit_006310,usr_norm_0465,merch_razorpay_014,511.18,INR,2026-08-19T21:12:01+00:00,dev_fingerprint_0504,10.0.182.73,"Bengaluru, IN",pm_tok_synthetic_00301,114,1,0,1,2,0,NONE
tx_fraud_000634,usr_fraud_anomD_153,merch_razorpay_006,75578.86,INR,2026-08-19T21:12:31+00:00,dev_anomD_153,192.0.2.64,Unknown / VPN Node,pm_tok_anomD_153,3,8,7,3,4,1,BEHAVIORAL_ANOMALY
tx_legit_000114,usr_norm_1061,merch_razorpay_025,336.49,INR,2026-08-19T21:12:34+00:00,dev_fingerprint_1029,192.168.185.225,"Delhi, IN",pm_tok_synthetic_01187,835,3,0,1,1,0,NONE
tx_legit_007883,usr_norm_0879,merch_razorpay_047,475.28,INR,2026-08-19T21:17:35+00:00,dev_fingerprint_0781,192.168.97.102,"Pune, IN",pm_tok_synthetic_01222,453,1,0,2,1,0,NONE
tx_legit_000826,usr_norm_1595,merch_razorpay_043,766.55,INR,2026-08-19T21:17:37+00:00,dev_fingerprint_1255,192.168.161.25,"Mumbai, IN",pm_tok_synthetic_01387,583,1,0,1,1,0,NONE
tx_fraud_000736,usr_fraud_combE_020,merch_razorpay_029,60582.1,INR,2026-08-19T21:19:37+00:00,dev_fraud_combE_0,203.0.113.202,Tor / Proxy Exit Node,pm_tok_combE_0,0,27,9,10,28,1,COMBINED_RING
tx_legit_003937,usr_norm_0151,merch_razorpay_048,396.14,INR,2026-08-19T21:21:15+00:00,dev_fingerprint_1489,192.168.124.71,"Mumbai, IN",pm_tok_synthetic_02161,463,3,2,1,2,0,NONE
tx_legit_009028,usr_norm_1002,merch_razorpay_018,529.88,INR,2026-08-19T21:24:39+00:00,dev_fingerprint_0983,192.168.62.185,"Chennai, IN",pm_tok_synthetic_02337,713,1,0,1,3,0,NONE
tx_legit_008577,usr_norm_0257,merch_razorpay_041,539.67,INR,2026-08-19T21:27:51+00:00,dev_fingerprint_1099,10.0.93.97,"Bengaluru, IN",pm_tok_synthetic_00440,471,1,0,1,1,0,NONE
tx_legit_005279,usr_norm_1295,merch_razorpay_046,357.03,INR,2026-08-19T21:28:48+00:00,dev_fingerprint_1464,192.168.128.161,"Bengaluru, IN",pm_tok_synthetic_01596,878,1,0,1,1,0,NONE
tx_legit_005151,usr_norm_1814,merch_razorpay_004,129.05,INR,2026-08-19T21:29:23+00:00,dev_fingerprint_0843,192.168.174.140,"Bengaluru, IN",pm_tok_synthetic_02137,530,1,0,3,1,0,NONE
tx_legit_004380,usr_norm_1477,merch_razorpay_026,630.05,INR,2026-08-19T21:31:42+00:00,dev_fingerprint_1458,192.168.77.221,"Delhi, IN",pm_tok_synthetic_01531,218,1,0,1,3,0,NONE
tx_legit_002159,usr_norm_0035,merch_razorpay_005,245.48,INR,2026-08-19T21:42:25+00:00,dev_fingerprint_1667,192.168.152.69,"Mumbai, IN",pm_tok_synthetic_01350,716,1,0,1,2,0,NONE
tx_legit_000283,usr_norm_1428,merch_razorpay_009,366.65,INR,2026-08-19T21:43:05+00:00,dev_fingerprint_1491,192.168.66.171,"Mumbai, IN",pm_tok_synthetic_00351,145,1,0,1,3,0,NONE
tx_fraud_000183,usr_fraud_burstB_022,merch_razorpay_024,4051.41,INR,2026-08-19T21:48:21+00:00,dev_fraud_burstB_024,203.0.113.102,"Bengaluru, IN",pm_tok_burstB_014,15,12,5,4,16,1,SHARED_IP_BURST
tx_legit_008936,usr_norm_1904,merch_razorpay_043,190.39,INR,2026-08-19T21:50:01+00:00,dev_fingerprint_1490,192.168.231.251,"Ahmedabad, IN",pm_tok_synthetic_01736,776,2,0,1,1,0,NONE
tx_legit_002087,usr_norm_1939,merch_razorpay_006,472.31,INR,2026-08-19T21:57:22+00:00,dev_fingerprint_0576,192.168.76.142,"Chennai, IN",pm_tok_synthetic_01986,451,1,0,2,1,0,NONE
tx_legit_003003,usr_norm_0300,merch_razorpay_011,392.34,INR,2026-08-19T22:02:35+00:00,dev_fingerprint_1898,192.168.140.10,"Ahmedabad, IN",pm_tok_synthetic_00172,324,1,0,1,2,0,NONE
tx_legit_006426,usr_norm_1029,merch_razorpay_036,216.34,INR,2026-08-19T22:14:09+00:00,dev_fingerprint_1172,192.168.93.163,"Hyderabad, IN",pm_tok_synthetic_01466,104,1,0,1,1,0,NONE
tx_legit_004558,usr_norm_0354,merch_razorpay_009,292.76,INR,2026-08-19T22:17:51+00:00,dev_fingerprint_1833,192.168.98.70,"Pune, IN",pm_tok_synthetic_02288,503,1,0,1,1,0,NONE
tx_legit_000060,usr_norm_1614,merch_razorpay_041,167.46,INR,2026-08-19T22:22:31+00:00,dev_fingerprint_1462,192.168.203.211,"Kolkata, IN",pm_tok_synthetic_00438,363,1,0,1,5,0,NONE
tx_legit_001845,usr_norm_1480,merch_razorpay_013,1699.89,INR,2026-08-19T22:24:47+00:00,dev_fingerprint_0836,192.168.99.49,"Bengaluru, IN",pm_tok_synthetic_00061,306,1,0,1,2,0,NONE
tx_legit_000784,usr_norm_1974,merch_razorpay_025,1117.87,INR,2026-08-19T22:33:00+00:00,dev_fingerprint_0219,192.168.64.50,"Delhi, IN",pm_tok_synthetic_01453,418,1,0,1,4,0,NONE
tx_legit_004132,usr_norm_1112,merch_razorpay_009,833.76,INR,2026-08-19T22:35:00+00:00,dev_fingerprint_0087,192.168.73.180,"Kolkata, IN",pm_tok_synthetic_00846,560,2,0,1,2,0,NONE
tx_legit_006630,usr_norm_1718,merch_razorpay_003,627.64,INR,2026-08-19T22:40:48+00:00,dev_fingerprint_0928,192.168.206.143,"Ahmedabad, IN",pm_tok_synthetic_01132,817,4,1,2,1,0,NONE
tx_legit_004943,usr_norm_1971,merch_razorpay_045,343.78,INR,2026-08-19T22:41:05+00:00,dev_fingerprint_1485,192.168.227.138,"Chennai, IN",pm_tok_synthetic_00876,546,1,0,1,1,0,NONE
tx_legit_001834,usr_norm_1949,merch_razorpay_020,368.17,INR,2026-08-19T22:42:25+00:00,dev_fingerprint_1071,192.168.142.38,"Delhi, IN",pm_tok_synthetic_01401,206,2,0,1,2,0,NONE
tx_legit_008452,usr_norm_0995,merch_razorpay_010,1334.96,INR,2026-08-19T22:42:27+00:00,dev_fingerprint_1855,192.168.108.211,"Hyderabad, IN",pm_tok_synthetic_01285,758,1,0,2,1,0,NONE
tx_fraud_000148,usr_fraud_ringA_022,merch_razorpay_008,11430.72,INR,2026-08-19T22:45:46+00:00,dev_fraud_ring_A_2,198.51.100.87,"Ahmedabad, IN",pm_tok_ringA_010,4,7,4,11,3,1,DEVICE_SHARING_RING
tx_legit_006069,usr_norm_1263,merch_razorpay_042,518.74,INR,2026-08-19T22:47:26+00:00,dev_fingerprint_0467,192.168.189.237,"Delhi, IN",pm_tok_synthetic_01297,698,1,0,1,1,0,NONE
tx_legit_002796,usr_norm_0316,merch_razorpay_049,372.66,INR,2026-08-19T22:53:55+00:00,dev_fingerprint_0855,192.168.74.199,"Hyderabad, IN",pm_tok_synthetic_00720,67,1,0,2,2,0,NONE
tx_legit_000701,usr_norm_0073,merch_razorpay_011,1089.15,INR,2026-08-19T22:57:39+00:00,dev_fingerprint_0351,192.168.248.152,"Hyderabad, IN",pm_tok_synthetic_01884,881,1,0,3,1,0,NONE
tx_legit_001761,usr_norm_1202,merch_razorpay_006,2175.95,INR,2026-08-19T23:03:26+00:00,dev_fingerprint_1051,192.168.187.40,"Ahmedabad, IN",pm_tok_synthetic_01055,580,2,0,1,2,0,NONE
tx_fraud_000660,usr_fraud_combE_019,merch_razorpay_025,41055.14,INR,2026-08-19T23:08:23+00:00,dev_fraud_combE_0,203.0.113.202,Tor / Proxy Exit Node,pm_tok_combE_0,7,12,9,22,34,1,COMBINED_RING
tx_legit_000553,usr_norm_1141,merch_razorpay_011,295.68,INR,2026-08-19T23:12:35+00:00,dev_fingerprint_1193,192.168.161.184,"Kolkata, IN",pm_tok_synthetic_00744,668,1,0,1,1,0,NONE
tx_fraud_000780,usr_fraud_combE_014,merch_razorpay_041,32600.0,INR,2026-08-19T23:14:34+00:00,dev_fraud_combE_2,203.0.113.202,Tor / Proxy Exit Node,pm_tok_combE_0,6,24,7,22,30,1,COMBINED_RING
tx_legit_007162,usr_norm_0697,merch_razorpay_005,208.02,INR,2026-08-19T23:18:52+00:00,dev_fingerprint_1721,192.168.112.163,"Hyderabad, IN",pm_tok_synthetic_01016,394,1,0,1,1,0,NONE
tx_legit_005183,usr_norm_1521,merch_razorpay_042,743.66,INR,2026-08-19T23:29:00+00:00,dev_fingerprint_0425,192.168.95.91,"Pune, IN",pm_tok_synthetic_00757,181,1,0,1,2,0,NONE
tx_legit_002818,usr_norm_1588,merch_razorpay_037,768.34,INR,2026-08-19T23:30:14+00:00,dev_fingerprint_0903,192.168.60.237,"Hyderabad, IN",pm_tok_synthetic_00481,309,1,0,2,2,0,NONE
tx_legit_004190,usr_norm_1306,merch_razorpay_014,474.43,INR,2026-08-19T23:39:07+00:00,dev_fingerprint_1777,192.168.155.54,"Pune, IN",pm_tok_synthetic_00512,762,1,0,1,1,0,NONE
tx_fraud_000389,usr_fraud_reuseC_008,merch_razorpay_025,12871.73,INR,2026-08-19T23:41:44+00:00,dev_reuseC_024,198.51.100.136,"Ahmedabad, IN",pm_tok_stolen_C_004,1,5,1,5,6,1,PAYMENT_REF_REUSE
tx_legit_002411,usr_norm_1545,merch_razorpay_038,2414.69,INR,2026-08-19T23:43:30+00:00,dev_fingerprint_0242,192.168.246.196,"Delhi, IN",pm_tok_synthetic_01904,670,1,0,1,2,0,NONE
tx_legit_003532,usr_norm_0026,merch_razorpay_040,364.21,INR,2026-08-19T23:47:21+00:00,dev_fingerprint_1437,192.168.51.40,"Pune, IN",pm_tok_synthetic_02258,768,1,0,1,1,0,NONE
tx_legit_008321,usr_norm_0088,merch_razorpay_025,259.33,INR,2026-08-19T23:49:26+00:00,dev_fingerprint_1301,192.168.223.193,"Mumbai, IN",pm_tok_synthetic_01323,672,1,0,1,1,0,NONE
tx_fraud_000691,usr_fraud_combE_000,merch_razorpay_015,40556.06,INR,2026-08-19T23:52:40+00:00,dev_fraud_combE_2,203.0.113.201,Tor / Proxy Exit Node,pm_tok_combE_0,1,11,9,18,39,1,COMBINED_RING
tx_fraud_000239,usr_fraud_burstB_018,merch_razorpay_041,6355.49,INR,2026-08-20T00:09:11+00:00,dev_fraud_burstB_016,203.0.113.101,"Kolkata, IN",pm_tok_burstB_015,17,17,4,2,32,1,SHARED_IP_BURST
tx_legit_008140,usr_norm_0599,merch_razorpay_011,1016.08,INR,2026-08-20T00:17:15+00:00,dev_fingerprint_0761,192.168.177.153,"Pune, IN",pm_tok_synthetic_00677,83,1,0,1,1,0,NONE
tx_fraud_000139,usr_fraud_ringA_013,merch_razorpay_007,6535.06,INR,2026-08-20T00:20:51+00:00,dev_fraud_ring_A_1,198.51.100.19,"Chennai, IN",pm_tok_ringA_004,14,11,1,11,2,1,DEVICE_SHARING_RING
tx_legit_008989,usr_norm_0107,merch_razorpay_043,677.25,INR,2026-08-20T00:27:32+00:00,dev_fingerprint_0675,192.168.65.249,"Chennai, IN",pm_tok_synthetic_02285,724,1,0,1,4,0,NONE
tx_legit_006108,usr_norm_1428,merch_razorpay_009,906.02,INR,2026-08-20T00:27:47+00:00,dev_fingerprint_1491,192.168.66.171,"Hyderabad, IN",pm_tok_synthetic_00351,145,1,1,1,1,0,NONE
tx_legit_003446,usr_norm_0490,merch_razorpay_046,439.09,INR,2026-08-20T00:28:34+00:00,dev_fingerprint_0615,192.168.202.180,"Mumbai, IN",pm_tok_synthetic_02470,741,3,0,1,2,0,NONE
tx_legit_004717,usr_norm_0479,merch_razorpay_039,433.81,INR,2026-08-20T00:29:12+00:00,dev_fingerprint_0779,192.168.49.25,"Hyderabad, IN",pm_tok_synthetic_00568,305,1,0,1,1,0,NONE
tx_legit_003027,usr_norm_1264,merch_razorpay_026,507.82,INR,2026-08-20T00:29:24+00:00,dev_fingerprint_0596,10.0.119.226,"Hyderabad, IN",pm_tok_synthetic_01095,649,1,0,1,1,0,NONE
tx_legit_007432,usr_norm_0301,merch_razorpay_008,419.19,INR,2026-08-20T00:29:49+00:00,dev_fingerprint_1462,192.168.144.138,"Ahmedabad, IN",pm_tok_synthetic_01418,482,2,0,1,1,0,NONE
tx_legit_009061,usr_norm_1732,merch_razorpay_015,344.4,INR,2026-08-20T00:40:05+00:00,dev_fingerprint_1433,192.168.59.58,"Chennai, IN",pm_tok_synthetic_01602,618,2,1,1,2,0,NONE
tx_legit_008339,usr_norm_0130,merch_razorpay_022,802.53,INR,2026-08-20T00:41:07+00:00,dev_fingerprint_0960,192.168.139.225,"Bengaluru, IN",pm_tok_synthetic_00794,406,4,0,2,2,0,NONE
tx_legit_003289,usr_norm_1243,merch_razorpay_044,486.53,INR,2026-08-20T00:41:24+00:00,dev_fingerprint_1807,192.168.167.96,"Kolkata, IN",pm_tok_synthetic_00612,514,1,0,1,1,0,NONE
tx_legit_004307,usr_norm_1548,merch_razorpay_012,183.64,INR,2026-08-20T00:44:04+00:00,dev_fingerprint_0683,192.168.156.252,"Hyderabad, IN",pm_tok_synthetic_02295,855,2,1,1,1,0,NONE
tx_legit_004416,usr_norm_0590,merch_razorpay_042,213.92,INR,2026-08-20T00:44:41+00:00,dev_fingerprint_0580,10.0.107.104,"Mumbai, IN",pm_tok_synthetic_02241,621,1,0,1,2,0,NONE
tx_legit_004076,usr_norm_0523,merch_razorpay_004,259.34,INR,2026-08-20T00:45:31+00:00,dev_fingerprint_0137,192.168.54.175,"Chennai, IN",pm_tok_synthetic_00183,859,1,0,2,1,0,NONE
tx_legit_004934,usr_norm_0581,merch_razorpay_001,153.59,INR,2026-08-20T00:47:28+00:00,dev_fingerprint_0848,10.0.240.125,"Delhi, IN",pm_tok_synthetic_01851,107,2,0,1,1,0,NONE
tx_legit_005974,usr_norm_0926,merch_razorpay_042,1254.38,INR,2026-08-20T00:51:04+00:00,dev_fingerprint_1481,192.168.195.141,"Bengaluru, IN",pm_tok_synthetic_00414,292,1,0,1,1,0,NONE
tx_legit_000330,usr_norm_0480,merch_razorpay_011,731.94,INR,2026-08-20T00:57:28+00:00,dev_fingerprint_0616,192.168.70.73,"Chennai, IN",pm_tok_synthetic_02019,179,1,0,1,1,0,NONE
tx_legit_005627,usr_norm_0943,merch_razorpay_047,516.51,INR,2026-08-20T01:09:05+00:00,dev_fingerprint_0734,192.168.135.153,"Kolkata, IN",pm_tok_synthetic_00118,730,1,0,1,1,0,NONE
tx_legit_005706,usr_norm_0532,merch_razorpay_036,392.11,INR,2026-08-20T01:09:55+00:00,dev_fingerprint_1212,10.0.173.21,"Pune, IN",pm_tok_synthetic_01592,34,2,0,1,2,0,NONE
tx_legit_009046,usr_norm_0179,merch_razorpay_026,229.78,INR,2026-08-20T01:10:39+00:00,dev_fingerprint_0819,192.168.125.32,"Pune, IN",pm_tok_synthetic_01801,425,1,0,1,2,0,NONE
tx_fraud_000128,usr_fraud_ringA_002,merch_razorpay_001,15161.67,INR,2026-08-20T01:13:45+00:00,dev_fraud_ring_A_2,198.51.100.29,"Bengaluru, IN",pm_tok_ringA_001,9,9,4,10,5,1,DEVICE_SHARING_RING
tx_legit_004833,usr_norm_1415,merch_razorpay_030,307.54,INR,2026-08-20T01:14:08+00:00,dev_fingerprint_1429,192.168.188.125,"Mumbai, IN",pm_tok_synthetic_00552,522,2,0,1,1,0,NONE
tx_fraud_000240,usr_fraud_burstB_019,merch_razorpay_037,9016.49,INR,2026-08-20T01:14:12+00:00,dev_fraud_burstB_036,203.0.113.101,"Pune, IN",pm_tok_burstB_015,10,24,2,1,12,1,SHARED_IP_BURST
tx_legit_008058,usr_norm_1925,merch_razorpay_036,247.79,INR,2026-08-20T01:17:25+00:00,dev_fingerprint_0244,10.0.104.200,"Delhi, IN",pm_tok_synthetic_02099,780,2,0,1,3,0,NONE
tx_legit_005274,usr_norm_0210,merch_razorpay_023,678.23,INR,2026-08-20T01:24:41+00:00,dev_fingerprint_1457,192.168.235.72,"Kolkata, IN",pm_tok_synthetic_00713,842,1,0,1,2,0,NONE
tx_legit_004628,usr_norm_1406,merch_razorpay_016,356.34,INR,2026-08-20T01:27:14+00:00,dev_fingerprint_1105,192.168.240.23,"Chennai, IN",pm_tok_synthetic_00612,364,1,0,1,3,0,NONE
tx_fraud_000347,usr_fraud_reuseC_006,merch_razorpay_018,18292.61,INR,2026-08-20T01:27:58+00:00,dev_reuseC_007,198.51.100.132,"Hyderabad, IN",pm_tok_stolen_C_004,5,4,0,5,5,1,PAYMENT_REF_REUSE
tx_legit_003533,usr_norm_0272,merch_razorpay_040,228.78,INR,2026-08-20T01:30:04+00:00,dev_fingerprint_0671,192.168.211.164,"Kolkata, IN",pm_tok_synthetic_01304,196,2,0,2,1,0,NONE
tx_legit_009158,usr_norm_1085,merch_razorpay_047,299.51,INR,2026-08-20T01:32:07+00:00,dev_fingerprint_1350,192.168.159.192,"Bengaluru, IN",pm_tok_synthetic_02392,186,1,0,1,1,0,NONE
tx_legit_008648,usr_norm_1703,merch_razorpay_008,597.95,INR,2026-08-20T01:33:05+00:00,dev_fingerprint_1382,192.168.4.142,"Delhi, IN",pm_tok_synthetic_00990,781,3,0,1,2,0,NONE
tx_legit_003284,usr_norm_0604,merch_razorpay_021,357.78,INR,2026-08-20T01:36:17+00:00,dev_fingerprint_1215,192.168.61.104,"Mumbai, IN",pm_tok_synthetic_02127,726,1,0,1,1,0,NONE
tx_legit_004953,usr_norm_1175,merch_razorpay_043,536.87,INR,2026-08-20T01:38:38+00:00,dev_fingerprint_0439,10.0.140.190,"Pune, IN",pm_tok_synthetic_01640,834,1,0,1,1,0,NONE
tx_legit_000263,usr_norm_0235,merch_razorpay_004,736.84,INR,2026-08-20T01:44:40+00:00,dev_fingerprint_1265,192.168.39.208,"Bengaluru, IN",pm_tok_synthetic_00124,539,1,0,2,1,0,NONE
tx_legit_003702,usr_norm_1515,merch_razorpay_028,2366.13,INR,2026-08-20T01:49:44+00:00,dev_fingerprint_0939,192.168.98.72,"Chennai, IN",pm_tok_synthetic_02042,586,1,0,1,2,0,NONE
tx_legit_007516,usr_norm_0998,merch_razorpay_008,692.92,INR,2026-08-20T01:52:06+00:00,dev_fingerprint_0707,192.168.248.217,"Delhi, IN",pm_tok_synthetic_00147,757,1,0,1,1,0,NONE
tx_legit_008624,usr_norm_0478,merch_razorpay_009,2283.41,INR,2026-08-20T01:54:01+00:00,dev_fingerprint_1171,192.168.247.192,"Hyderabad, IN",pm_tok_synthetic_00694,731,1,0,1,2,0,NONE
tx_legit_006447,usr_norm_0163,merch_razorpay_030,146.37,INR,2026-08-20T01:55:04+00:00,dev_fingerprint_0041,192.168.231.246,"Bengaluru, IN",pm_tok_synthetic_01925,74,2,0,1,1,0,NONE
tx_legit_007857,usr_norm_0187,merch_razorpay_013,592.4,INR,2026-08-20T01:56:51+00:00,dev_fingerprint_1469,192.168.171.136,"Pune, IN",pm_tok_synthetic_00682,736,1,0,1,1,0,NONE
tx_fraud_000492,usr_fraud_anomD_011,merch_razorpay_011,85396.67,INR,2026-08-20T02:00:17+00:00,dev_anomD_011,192.0.2.142,Unknown / VPN Node,pm_tok_anomD_011,7,14,5,3,4,1,BEHAVIORAL_ANOMALY
tx_fraud_000762,usr_fraud_combE_021,merch_razorpay_046,61831.81,INR,2026-08-20T02:02:47+00:00,dev_fraud_combE_1,203.0.113.202,Tor / Proxy Exit Node,pm_tok_combE_2,3,14,5,16,35,1,COMBINED_RING
tx_legit_001624,usr_norm_1787,merch_razorpay_007,402.45,INR,2026-08-20T02:06:46+00:00,dev_fingerprint_0108,192.168.24.238,"Bengaluru, IN",pm_tok_synthetic_00461,845,1,0,1,3,0,NONE
tx_legit_000852,usr_norm_0859,merch_razorpay_035,1295.76,INR,2026-08-20T02:10:36+00:00,dev_fingerprint_1343,192.168.112.163,"Pune, IN",pm_tok_synthetic_01223,222,1,0,2,1,0,NONE
tx_legit_003110,usr_norm_1480,merch_razorpay_009,123.66,INR,2026-08-20T02:14:43+00:00,dev_fingerprint_1846,192.168.99.49,"Delhi, IN",pm_tok_synthetic_00061,306,1,0,1,1,0,NONE
tx_legit_002578,usr_norm_1798,merch_razorpay_030,144.99,INR,2026-08-20T02:16:46+00:00,dev_fingerprint_1386,192.168.188.34,"Ahmedabad, IN",pm_tok_synthetic_01334,265,1,1,1,2,0,NONE
tx_legit_005176,usr_norm_0764,merch_razorpay_002,1320.75,INR,2026-08-20T02:22:05+00:00,dev_fingerprint_0790,192.168.122.116,"Hyderabad, IN",pm_tok_synthetic_01718,200,1,0,1,1,0,NONE
tx_legit_000901,usr_norm_0111,merch_razorpay_022,830.01,INR,2026-08-20T02:26:24+00:00,dev_fingerprint_0289,192.168.37.194,"Bengaluru, IN",pm_tok_synthetic_01432,347,2,0,1,1,0,NONE
tx_legit_008396,usr_norm_1821,merch_razorpay_025,259.5,INR,2026-08-20T02:32:21+00:00,dev_fingerprint_0963,192.168.14.49,"Bengaluru, IN",pm_tok_synthetic_02065,64,1,0,1,2,0,NONE
tx_fraud_000732,usr_fraud_combE_016,merch_razorpay_030,35479.3,INR,2026-08-20T02:34:36+00:00,dev_fraud_combE_1,203.0.113.202,Tor / Proxy Exit Node,pm_tok_combE_2,4,23,6,16,37,1,COMBINED_RING
tx_legit_005521,usr_norm_0675,merch_razorpay_009,831.96,INR,2026-08-20T02:35:07+00:00,dev_fingerprint_1302,192.168.96.111,"Mumbai, IN",pm_tok_synthetic_00039,373,2,0,1,1,0,NONE
tx_legit_008233,usr_norm_0010,merch_razorpay_027,420.02,INR,2026-08-20T02:43:24+00:00,dev_fingerprint_1971,10.0.216.21,"Mumbai, IN",pm_tok_synthetic_00713,301,2,0,1,1,0,NONE
tx_legit_007441,usr_norm_1847,merch_razorpay_008,152.72,INR,2026-08-20T02:43:54+00:00,dev_fingerprint_0722,10.0.77.139,"Bengaluru, IN",pm_tok_synthetic_01095,545,1,0,1,2,0,NONE
tx_legit_006546,usr_norm_1509,merch_razorpay_022,560.91,INR,2026-08-20T02:44:12+00:00,dev_fingerprint_0349,192.168.192.223,"Hyderabad, IN",pm_tok_synthetic_01372,609,1,0,1,1,0,NONE
tx_legit_000162,usr_norm_0256,merch_razorpay_034,337.01,INR,2026-08-20T02:48:22+00:00,dev_fingerprint_1339,192.168.68.202,"Delhi, IN",pm_tok_synthetic_01927,322,1,0,1,1,0,NONE
tx_legit_001479,usr_norm_1506,merch_razorpay_036,674.71,INR,2026-08-20T02:51:38+00:00,dev_fingerprint_1072,192.168.121.133,"Pune, IN",pm_tok_synthetic_01573,774,1,0,1,1,0,NONE
tx_legit_003486,usr_norm_0234,merch_razorpay_042,276.48,INR,2026-08-20T02:56:42+00:00,dev_fingerprint_1333,192.168.40.49,"Pune, IN",pm_tok_synthetic_02343,456,1,0,1,1,0,NONE
tx_legit_005468,usr_norm_0039,merch_razorpay_020,334.1,INR,2026-08-20T03:02:33+00:00,dev_fingerprint_1183,192.168.246.167,"Kolkata, IN",pm_tok_synthetic_00871,188,2,0,1,1,0,NONE
tx_legit_001227,usr_norm_1528,merch_razorpay_004,262.31,INR,2026-08-20T03:13:31+00:00,dev_fingerprint_1151,192.168.26.16,"Mumbai, IN",pm_tok_synthetic_01865,797,2,0,1,3,0,NONE
tx_fraud_000460,usr_fraud_reuseC_019,merch_razorpay_019,15795.47,INR,2026-08-20T03:16:11+00:00,dev_reuseC_003,198.51.100.122,"Delhi, IN",pm_tok_stolen_C_002,0,3,3,3,6,1,PAYMENT_REF_REUSE
tx_fraud_000289,usr_fraud_burstB_008,merch_razorpay_015,8670.9,INR,2026-08-20T03:16:27+00:00,dev_fraud_burstB_009,203.0.113.102,"Kolkata, IN",pm_tok_burstB_019,21,10,7,3,27,1,SHARED_IP_BURST
tx_legit_004813,usr_norm_1791,merch_razorpay_021,202.51,INR,2026-08-20T03:26:21+00:00,dev_fingerprint_0890,192.168.226.63,"Delhi, IN",pm_tok_synthetic_01369,661,1,1,2,1,0,NONE
tx_legit_001747,usr_norm_0733,merch_razorpay_004,726.68,INR,2026-08-20T03:28:44+00:00,dev_fingerprint_1428,192.168.185.241,"Kolkata, IN",pm_tok_synthetic_02423,58,1,0,1,2,0,NONE
tx_legit_003192,usr_norm_1407,merch_razorpay_013,699.64,INR,2026-08-20T03:42:15+00:00,dev_fingerprint_1028,192.168.7.24,"Bengaluru, IN",pm_tok_synthetic_00217,186,1,0,1,2,0,NONE
tx_fraud_000473,usr_fraud_reuseC_012,merch_razorpay_025,18911.16,INR,2026-08-20T03:46:25+00:00,dev_reuseC_015,198.51.100.153,"Chennai, IN",pm_tok_stolen_C_005,3,9,3,4,4,1,PAYMENT_REF_REUSE
tx_fraud_000341,usr_fraud_reuseC_000,merch_razorpay_020,10016.98,INR,2026-08-20T03:46:50+00:00,dev_reuseC_016,198.51.100.115,"Pune, IN",pm_tok_stolen_C_001,5,7,2,3,3,1,PAYMENT_REF_REUSE
tx_fraud_000605,usr_fraud_anomD_124,merch_razorpay_009,55615.72,INR,2026-08-20T03:47:05+00:00,dev_anomD_124,192.0.2.108,Unknown / VPN Node,pm_tok_anomD_124,7,15,5,2,4,1,BEHAVIORAL_ANOMALY
tx_legit_008411,usr_norm_1422,merch_razorpay_028,492.48,INR,2026-08-20T03:47:31+00:00,dev_fingerprint_0748,10.0.152.231,"Delhi, IN",pm_tok_synthetic_00780,358,1,0,2,4,0,NONE
tx_legit_004060,usr_norm_1712,merch_razorpay_008,243.18,INR,2026-08-20T03:48:26+00:00,dev_fingerprint_0444,192.168.100.117,"Mumbai, IN",pm_tok_synthetic_02455,683,1,0,1,1,0,NONE
tx_legit_006466,usr_norm_0070,merch_razorpay_010,545.02,INR,2026-08-20T03:48:42+00:00,dev_fingerprint_1179,192.168.244.194,"Ahmedabad, IN",pm_tok_synthetic_02348,444,1,0,1,3,0,NONE
tx_legit_003424,usr_norm_0275,merch_razorpay_033,206.69,INR,2026-08-20T03:51:03+00:00,dev_fingerprint_1003,192.168.167.114,"Kolkata, IN",pm_tok_synthetic_00386,336,1,0,2,2,0,NONE
tx_legit_005949,usr_norm_1948,merch_razorpay_018,516.6,INR,2026-08-20T03:52:49+00:00,dev_fingerprint_0742,192.168.156.109,"Kolkata, IN",pm_tok_synthetic_01810,641,2,1,1,1,0,NONE
tx_legit_002603,usr_norm_1339,merch_razorpay_029,375.72,INR,2026-08-20T03:59:11+00:00,dev_fingerprint_0275,192.168.226.18,"Pune, IN",pm_tok_synthetic_00161,526,1,0,1,1,0,NONE
tx_legit_004255,usr_norm_0849,merch_razorpay_049,412.07,INR,2026-08-20T04:00:35+00:00,dev_fingerprint_1824,192.168.153.18,"Chennai, IN",pm_tok_synthetic_01033,652,1,0,2,1,0,NONE
tx_legit_006865,usr_norm_1050,merch_razorpay_022,203.79,INR,2026-08-20T04:04:08+00:00,dev_fingerprint_1101,192.168.192.24,"Pune, IN",pm_tok_synthetic_01782,692,1,0,1,2,0,NONE
tx_legit_006888,usr_norm_0101,merch_razorpay_047,251.7,INR,2026-08-20T04:08:59+00:00,dev_fingerprint_1323,192.168.109.106,"Hyderabad, IN",pm_tok_synthetic_00160,283,2,0,1,3,0,NONE
tx_legit_001351,usr_norm_0885,merch_razorpay_000,443.87,INR,2026-08-20T04:24:37+00:00,dev_fingerprint_1299,192.168.98.70,"Hyderabad, IN",pm_tok_synthetic_00019,492,4,0,1,3,0,NONE
tx_legit_003569,usr_norm_1920,merch_razorpay_012,186.38,INR,2026-08-20T04:25:48+00:00,dev_fingerprint_0367,10.0.43.55,"Delhi, IN",pm_tok_synthetic_01002,59,1,0,1,1,0,NONE
tx_legit_000079,usr_norm_0778,merch_razorpay_032,549.12,INR,2026-08-20T04:33:48+00:00,dev_fingerprint_1931,192.168.46.188,"Chennai, IN",pm_tok_synthetic_02212,301,1,0,1,5,0,NONE
tx_legit_008806,usr_norm_0399,merch_razorpay_022,309.27,INR,2026-08-20T04:41:30+00:00,dev_fingerprint_1379,10.0.74.135,"Ahmedabad, IN",pm_tok_synthetic_02469,70,1,0,1,1,0,NONE
tx_legit_000198,usr_norm_1282,merch_razorpay_014,253.74,INR,2026-08-20T04:44:53+00:00,dev_fingerprint_0935,192.168.14.65,"Pune, IN",pm_tok_synthetic_02310,475,1,0,1,1,0,NONE
tx_legit_001871,usr_norm_0435,merch_razorpay_017,417.45,INR,2026-08-20T04:55:22+00:00,dev_fingerprint_1968,192.168.185.68,"Chennai, IN",pm_tok_synthetic_00394,566,2,0,2,2,0,NONE
tx_legit_002432,usr_norm_0862,merch_razorpay_011,361.38,INR,2026-08-20T05:05:19+00:00,dev_fingerprint_0286,192.168.170.242,"Chennai, IN",pm_tok_synthetic_00104,701,3,0,2,1,0,NONE
tx_legit_000236,usr_norm_1129,merch_razorpay_007,275.28,INR,2026-08-20T05:09:01+00:00,dev_fingerprint_0232,192.168.43.216,"Pune, IN",pm_tok_synthetic_01961,520,1,0,1,1,0,NONE
tx_legit_001937,usr_norm_0905,merch_razorpay_045,227.86,INR,2026-08-20T05:18:32+00:00,dev_fingerprint_1311,192.168.181.78,"Hyderabad, IN",pm_tok_synthetic_02190,668,1,0,1,1,0,NONE
tx_legit_005986,usr_norm_0327,merch_razorpay_007,282.14,INR,2026-08-20T05:26:10+00:00,dev_fingerprint_1251,192.168.231.74,"Pune, IN",pm_tok_synthetic_01660,876,2,0,1,2,0,NONE
tx_fraud_000521,usr_fraud_anomD_040,merch_razorpay_034,83849.5,INR,2026-08-20T05:27:04+00:00,dev_anomD_040,192.0.2.102,Unknown / VPN Node,pm_tok_anomD_040,4,10,6,1,3,1,BEHAVIORAL_ANOMALY
tx_legit_008042,usr_norm_0602,merch_razorpay_041,277.45,INR,2026-08-20T05:28:46+00:00,dev_fingerprint_1342,192.168.17.99,"Pune, IN",pm_tok_synthetic_00389,31,1,0,1,1,0,NONE
tx_legit_007150,usr_norm_0229,merch_razorpay_007,448.58,INR,2026-08-20T05:33:30+00:00,dev_fingerprint_1029,192.168.78.22,"Chennai, IN",pm_tok_synthetic_00690,636,3,1,1,1,0,NONE
tx_legit_002647,usr_norm_0049,merch_razorpay_024,218.67,INR,2026-08-20T05:39:23+00:00,dev_fingerprint_0290,192.168.34.238,"Pune, IN",pm_tok_synthetic_00125,123,1,0,1,1,0,NONE
tx_legit_007772,usr_norm_1117,merch_razorpay_010,337.65,INR,2026-08-20T05:42:49+00:00,dev_fingerprint_1114,192.168.172.98,"Pune, IN",pm_tok_synthetic_00712,415,2,0,1,4,0,NONE
tx_legit_000420,usr_norm_1387,merch_razorpay_001,226.76,INR,2026-08-20T05:43:56+00:00,dev_fingerprint_1632,192.168.231.74,"Delhi, IN",pm_tok_synthetic_01289,52,2,0,1,1,0,NONE
tx_legit_000793,usr_norm_1472,merch_razorpay_014,893.05,INR,2026-08-20T05:46:06+00:00,dev_fingerprint_0053,192.168.63.117,"Pune, IN",pm_tok_synthetic_01093,650,1,0,1,1,0,NONE
tx_fraud_000277,usr_fraud_burstB_026,merch_razorpay_022,2873.33,INR,2026-08-20T06:12:03+00:00,dev_fraud_burstB_033,203.0.113.101,"Mumbai, IN",pm_tok_burstB_008,14,24,7,2,14,1,SHARED_IP_BURST
tx_legit_000436,usr_norm_1186,merch_razorpay_040,835.83,INR,2026-08-20T06:15:47+00:00,dev_fingerprint_0021,10.0.192.232,"Mumbai, IN",pm_tok_synthetic_02122,322,1,0,1,1,0,NONE
tx_legit_006734,usr_norm_0214,merch_razorpay_044,635.89,INR,2026-08-20T06:17:59+00:00,dev_fingerprint_1172,192.168.77.130,"Mumbai, IN",pm_tok_synthetic_01914,852,1,0,1,1,0,NONE
tx_fraud_000133,usr_fraud_ringA_007,merch_razorpay_005,15280.31,INR,2026-08-20T06:18:54+00:00,dev_fraud_ring_A_3,198.51.100.79,"Kolkata, IN",pm_tok_ringA_007,4,7,4,12,3,1,DEVICE_SHARING_RING
tx_legit_007147,usr_norm_0296,merch_razorpay_006,912.93,INR,2026-08-20T06:19:57+00:00,dev_fingerprint_1443,10.0.139.55,"Mumbai, IN",pm_tok_synthetic_01298,521,1,0,1,1,0,NONE
tx_legit_002570,usr_norm_1362,merch_razorpay_029,328.12,INR,2026-08-20T06:20:54+00:00,dev_fingerprint_1470,192.168.225.184,"Hyderabad, IN",pm_tok_synthetic_00053,243,1,0,1,3,0,NONE
tx_legit_006664,usr_norm_0582,merch_razorpay_047,335.46,INR,2026-08-20T06:22:07+00:00,dev_fingerprint_1297,192.168.98.99,"Hyderabad, IN",pm_tok_synthetic_00381,442,1,0,1,1,0,NONE
tx_legit_002834,usr_norm_0802,merch_razorpay_039,637.89,INR,2026-08-20T06:25:38+00:00,dev_fingerprint_0919,192.168.120.222,"Mumbai, IN",pm_tok_synthetic_00684,246,2,0,1,2,0,NONE
tx_legit_005660,usr_norm_1477,merch_razorpay_049,528.01,INR,2026-08-20T06:25:54+00:00,dev_fingerprint_1458,192.168.77.221,"Chennai, IN",pm_tok_synthetic_01531,218,2,0,1,1,0,NONE
tx_legit_002648,usr_norm_0461,merch_razorpay_029,685.96,INR,2026-08-20T06:29:19+00:00,dev_fingerprint_0922,192.168.35.222,"Delhi, IN",pm_tok_synthetic_00284,394,2,0,1,2,0,NONE
tx_legit_005236,usr_norm_0411,merch_razorpay_023,956.77,INR,2026-08-20T06:35:47+00:00,dev_fingerprint_0655,192.168.30.120,"Pune, IN",pm_tok_synthetic_00832,409,1,0,1,1,0,NONE
tx_legit_002267,usr_norm_0471,merch_razorpay_039,301.15,INR,2026-08-20T06:41:30+00:00,dev_fingerprint_0383,192.168.157.209,"Pune, IN",pm_tok_synthetic_01838,600,1,0,3,1,0,NONE
tx_legit_002294,usr_norm_1714,merch_razorpay_041,1055.74,INR,2026-08-20T06:42:31+00:00,dev_fingerprint_1238,192.168.188.125,"Delhi, IN",pm_tok_synthetic_01539,702,1,0,1,1,0,NONE
tx_legit_006402,usr_norm_0827,merch_razorpay_017,276.27,INR,2026-08-20T06:47:36+00:00,dev_fingerprint_1322,192.168.203.175,"Hyderabad, IN",pm_tok_synthetic_00769,482,1,0,1,1,0,NONE
tx_legit_007677,usr_norm_0958,merch_razorpay_011,1813.64,INR,2026-08-20T06:49:27+00:00,dev_fingerprint_1038,192.168.48.18,"Chennai, IN",pm_tok_synthetic_02254,688,1,0,1,4,0,NONE
tx_legit_000688,usr_norm_1280,merch_razorpay_044,764.19,INR,2026-08-20T06:51:48+00:00,dev_fingerprint_1123,10.0.237.13,"Bengaluru, IN",pm_tok_synthetic_02315,744,3,0,1,4,0,NONE
tx_legit_002792,usr_norm_1135,merch_razorpay_007,462.97,INR,2026-08-20T06:52:48+00:00,dev_fingerprint_0528,192.168.206.143,"Mumbai, IN",pm_tok_synthetic_00737,559,2,0,1,2,0,NONE
tx_fraud_000533,usr_fraud_anomD_052,merch_razorpay_047,84880.33,INR,2026-08-20T06:58:42+00:00,dev_anomD_052,192.0.2.66,Unknown / VPN Node,pm_tok_anomD_052,4,11,4,1,1,1,BEHAVIORAL_ANOMALY
tx_legit_002164,usr_norm_1299,merch_razorpay_027,873.87,INR,2026-08-20T07:00:52+00:00,dev_fingerprint_1818,192.168.226.179,"Pune, IN",pm_tok_synthetic_02178,858,1,0,1,3,0,NONE
tx_legit_008861,usr_norm_1954,merch_razorpay_049,576.17,INR,2026-08-20T07:03:12+00:00,dev_fingerprint_0870,10.0.120.128,"Ahmedabad, IN",pm_tok_synthetic_00457,109,1,0,2,2,0,NONE
tx_fraud_000260,usr_fraud_burstB_009,merch_razorpay_021,2606.91,INR,2026-08-20T07:07:22+00:00,dev_fraud_burstB_035,203.0.113.102,"Delhi, IN",pm_tok_burstB_012,15,15,2,3,21,1,SHARED_IP_BURST
tx_legit_007993,usr_norm_1542,merch_razorpay_014,506.08,INR,2026-08-20T07:07:48+00:00,dev_fingerprint_1973,192.168.98.72,"Delhi, IN",pm_tok_synthetic_02017,857,1,0,1,1,0,NONE
tx_fraud_000355,usr_fraud_reuseC_014,merch_razorpay_025,18588.5,INR,2026-08-20T07:12:51+00:00,dev_reuseC_012,198.51.100.158,"Bengaluru, IN",pm_tok_stolen_C_001,1,6,1,5,2,1,PAYMENT_REF_REUSE
tx_legit_001631,usr_norm_1922,merch_razorpay_038,338.71,INR,2026-08-20T07:16:43+00:00,dev_fingerprint_0136,192.168.180.117,"Delhi, IN",pm_tok_synthetic_01481,625,2,0,1,2,0,NONE
tx_legit_000138,usr_norm_1394,merch_razorpay_042,3968.89,INR,2026-08-20T07:18:55+00:00,dev_fingerprint_1168,192.168.58.207,"Delhi, IN",pm_tok_synthetic_02330,252,1,1,1,3,0,NONE
tx_legit_004388,usr_norm_1298,merch_razorpay_005,287.36,INR,2026-08-20T07:24:18+00:00,dev_fingerprint_1255,192.168.4.185,"Hyderabad, IN",pm_tok_synthetic_01113,321,2,0,1,1,0,NONE
tx_fraud_000454,usr_fraud_reuseC_013,merch_razorpay_048,21529.77,INR,2026-08-20T07:28:08+00:00,dev_reuseC_013,198.51.100.102,"Kolkata, IN",pm_tok_stolen_C_005,4,8,1,2,2,1,PAYMENT_REF_REUSE
tx_legit_002918,usr_norm_1014,merch_razorpay_013,837.7,INR,2026-08-20T07:28:21+00:00,dev_fingerprint_1360,192.168.163.214,"Bengaluru, IN",pm_tok_synthetic_01562,426,1,0,1,1,0,NONE
tx_legit_002767,usr_norm_0161,merch_razorpay_019,675.77,INR,2026-08-20T07:28:46+00:00,dev_fingerprint_0138,192.168.179.243,"Chennai, IN",pm_tok_synthetic_02154,587,4,0,1,3,0,NONE
tx_legit_008298,usr_norm_0332,merch_razorpay_013,1484.86,INR,2026-08-20T07:38:32+00:00,dev_fingerprint_0914,192.168.119.243,"Ahmedabad, IN",pm_tok_synthetic_01093,367,1,0,1,2,0,NONE
tx_legit_003016,usr_norm_1935,merch_razorpay_026,643.29,INR,2026-08-20T07:46:23+00:00,dev_fingerprint_1402,192.168.33.129,"Delhi, IN",pm_tok_synthetic_01233,307,2,0,2,1,0,NONE
tx_legit_003114,usr_norm_0750,merch_razorpay_017,466.1,INR,2026-08-20T07:53:22+00:00,dev_fingerprint_1256,192.168.252.179,"Hyderabad, IN",pm_tok_synthetic_01461,258,1,0,1,2,0,NONE
tx_legit_001146,usr_norm_0533,merch_razorpay_023,566.28,INR,2026-08-20T08:08:11+00:00,dev_fingerprint_1443,192.168.139.16,"Hyderabad, IN",pm_tok_synthetic_00842,315,1,0,1,1,0,NONE
tx_legit_006597,usr_norm_0210,merch_razorpay_044,613.66,INR,2026-08-20T08:08:55+00:00,dev_fingerprint_1457,192.168.235.72,"Mumbai, IN",pm_tok_synthetic_00713,842,1,0,1,1,0,NONE
tx_legit_003560,usr_norm_1390,merch_razorpay_040,1555.33,INR,2026-08-20T08:16:05+00:00,dev_fingerprint_0316,10.0.99.160,"Pune, IN",pm_tok_synthetic_00154,501,1,0,1,3,0,NONE
tx_legit_008368,usr_norm_0965,merch_razorpay_003,1377.41,INR,2026-08-20T08:18:28+00:00,dev_fingerprint_0000,10.0.140.163,"Delhi, IN",pm_tok_synthetic_00372,840,2,0,2,2,0,NONE
tx_legit_007892,usr_norm_1702,merch_razorpay_037,464.3,INR,2026-08-20T08:21:58+00:00,dev_fingerprint_1340,192.168.143.195,"Pune, IN",pm_tok_synthetic_01602,502,1,0,1,1,0,NONE
tx_legit_004727,usr_norm_0706,merch_razorpay_026,402.24,INR,2026-08-20T08:24:27+00:00,dev_fingerprint_1200,10.0.178.217,"Hyderabad, IN",pm_tok_synthetic_00307,52,1,0,1,1,0,NONE
tx_legit_005308,usr_norm_0786,merch_razorpay_005,818.18,INR,2026-08-20T08:25:38+00:00,dev_fingerprint_0969,192.168.44.45,"Chennai, IN",pm_tok_synthetic_00473,345,1,0,1,1,0,NONE
tx_legit_000746,usr_norm_0242,merch_razorpay_001,529.47,INR,2026-08-20T08:26:50+00:00,dev_fingerprint_0640,192.168.164.247,"Kolkata, IN",pm_tok_synthetic_01307,781,1,1,1,1,0,NONE
tx_legit_004755,usr_norm_1032,merch_razorpay_020,585.86,INR,2026-08-20T08:27:57+00:00,dev_fingerprint_1034,192.168.19.132,"Ahmedabad, IN",pm_tok_synthetic_01703,586,1,0,1,4,0,NONE
tx_legit_005777,usr_norm_1814,merch_razorpay_021,508.0,INR,2026-08-20T08:33:02+00:00,dev_fingerprint_0843,10.0.31.134,"Mumbai, IN",pm_tok_synthetic_02137,530,1,0,1,1,0,NONE
tx_legit_004689,usr_norm_0496,merch_razorpay_014,648.73,INR,2026-08-20T08:33:12+00:00,dev_fingerprint_0409,192.168.63.79,"Ahmedabad, IN",pm_tok_synthetic_02234,214,2,0,1,2,0,NONE
tx_legit_007347,usr_norm_1426,merch_razorpay_038,142.29,INR,2026-08-20T08:34:27+00:00,dev_fingerprint_0091,192.168.203.102,"Delhi, IN",pm_tok_synthetic_00956,234,1,1,1,2,0,NONE
tx_legit_007494,usr_norm_0264,merch_razorpay_030,218.66,INR,2026-08-20T08:41:02+00:00,dev_fingerprint_1276,192.168.69.212,"Mumbai, IN",pm_tok_synthetic_00486,161,1,0,1,1,0,NONE
tx_legit_002551,usr_norm_0356,merch_razorpay_034,191.68,INR,2026-08-20T08:48:26+00:00,dev_fingerprint_0044,192.168.86.24,"Kolkata, IN",pm_tok_synthetic_01042,866,2,0,2,1,0,NONE
tx_legit_002375,usr_norm_1902,merch_razorpay_025,352.13,INR,2026-08-20T08:58:27+00:00,dev_fingerprint_0909,192.168.74.113,"Kolkata, IN",pm_tok_synthetic_01702,852,1,0,2,1,0,NONE
tx_legit_000862,usr_norm_0016,merch_razorpay_019,783.68,INR,2026-08-20T08:59:10+00:00,dev_fingerprint_1349,10.0.240.159,"Bengaluru, IN",pm_tok_synthetic_01235,499,1,0,2,1,0,NONE
tx_legit_003878,usr_norm_0966,merch_razorpay_004,269.02,INR,2026-08-20T09:00:21+00:00,dev_fingerprint_1237,192.168.177.95,"Hyderabad, IN",pm_tok_synthetic_01247,550,1,0,1,1,0,NONE
tx_legit_008043,usr_norm_1858,merch_razorpay_041,242.39,INR,2026-08-20T09:01:28+00:00,dev_fingerprint_1066,192.168.95.172,"Delhi, IN",pm_tok_synthetic_00092,330,1,0,1,2,0,NONE
tx_fraud_000295,usr_fraud_burstB_014,merch_razorpay_016,10073.55,INR,2026-08-20T09:03:10+00:00,dev_fraud_burstB_038,203.0.113.104,"Hyderabad, IN",pm_tok_burstB_020,23,11,7,4,30,1,SHARED_IP_BURST
tx_fraud_000696,usr_fraud_combE_005,merch_razorpay_000,19488.52,INR,2026-08-20T09:03:52+00:00,dev_fraud_combE_2,203.0.113.201,Tor / Proxy Exit Node,pm_tok_combE_2,5,13,5,11,25,1,COMBINED_RING
tx_legit_009009,usr_norm_0328,merch_razorpay_024,489.22,INR,2026-08-20T09:09:00+00:00,dev_fingerprint_0875,192.168.30.145,"Kolkata, IN",pm_tok_synthetic_01343,118,1,0,1,3,0,NONE
tx_legit_000942,usr_norm_0364,merch_razorpay_046,726.55,INR,2026-08-20T09:09:51+00:00,dev_fingerprint_0164,192.168.203.79,"Delhi, IN",pm_tok_synthetic_02208,166,1,0,1,1,0,NONE
tx_legit_005672,usr_norm_1927,merch_razorpay_027,673.86,INR,2026-08-20T09:22:28+00:00,dev_fingerprint_1191,192.168.98.70,"Ahmedabad, IN",pm_tok_synthetic_00598,357,1,0,1,1,0,NONE
tx_legit_003157,usr_norm_0589,merch_razorpay_041,137.26,INR,2026-08-20T09:23:54+00:00,dev_fingerprint_0433,192.168.55.117,"Chennai, IN",pm_tok_synthetic_01099,360,1,0,1,1,0,NONE
tx_legit_001990,usr_norm_0006,merch_razorpay_035,622.27,INR,2026-08-20T09:26:59+00:00,dev_fingerprint_1220,192.168.71.63,"Chennai, IN",pm_tok_synthetic_01135,178,1,0,1,1,0,NONE
tx_legit_009173,usr_norm_0952,merch_razorpay_005,250.68,INR,2026-08-20T09:27:57+00:00,dev_fingerprint_0708,192.168.105.116,"Ahmedabad, IN",pm_tok_synthetic_01576,182,2,0,3,1,0,NONE
tx_legit_006364,usr_norm_1703,merch_razorpay_049,1158.59,INR,2026-08-20T09:30:14+00:00,dev_fingerprint_1382,192.168.4.142,"Mumbai, IN",pm_tok_synthetic_00363,781,1,0,1,3,0,NONE
tx_fraud_000796,usr_fraud_combE_005,merch_razorpay_043,20591.53,INR,2026-08-20T09:37:27+00:00,dev_fraud_combE_0,203.0.113.202,Tor / Proxy Exit Node,pm_tok_combE_1,2,16,8,19,30,1,COMBINED_RING
tx_legit_007160,usr_norm_0844,merch_razorpay_029,747.02,INR,2026-08-20T09:42:21+00:00,dev_fingerprint_1171,192.168.115.138,"Chennai, IN",pm_tok_synthetic_00877,256,1,0,1,2,0,NONE
tx_legit_002366,usr_norm_0022,merch_razorpay_018,455.47,INR,2026-08-20T09:43:08+00:00,dev_fingerprint_0563,192.168.223.193,"Chennai, IN",pm_tok_synthetic_02397,591,1,0,3,4,0,NONE
tx_legit_001964,usr_norm_0525,merch_razorpay_024,526.35,INR,2026-08-20T09:43:33+00:00,dev_fingerprint_0702,192.168.98.116,"Ahmedabad, IN",pm_tok_synthetic_00447,723,1,0,1,1,0,NONE
tx_legit_009008,usr_norm_1378,merch_razorpay_006,1820.27,INR,2026-08-20T09:59:47+00:00,dev_fingerprint_0721,192.168.34.202,"Kolkata, IN",pm_tok_synthetic_01290,593,1,0,1,1,0,NONE
tx_legit_001614,usr_norm_0462,merch_razorpay_003,116.94,INR,2026-08-20T10:02:25+00:00,dev_fingerprint_1132,192.168.211.119,"Chennai, IN",pm_tok_synthetic_01537,472,1,0,1,2,0,NONE
tx_legit_001832,usr_norm_1574,merch_razorpay_012,562.94,INR,2026-08-20T10:03:28+00:00,dev_fingerprint_0413,192.168.87.206,"Chennai, IN",pm_tok_synthetic_00379,484,2,0,1,2,0,NONE
tx_legit_001313,usr_norm_1420,merch_razorpay_020,759.03,INR,2026-08-20T10:16:04+00:00,dev_fingerprint_0880,192.168.220.121,"Bengaluru, IN",pm_tok_synthetic_02359,121,2,0,1,1,0,NONE
tx_legit_002984,usr_norm_0932,merch_razorpay_016,1544.66,INR,2026-08-20T10:16:57+00:00,dev_fingerprint_0283,192.168.105.116,"Pune, IN",pm_tok_synthetic_00698,366,1,0,1,1,0,NONE
tx_legit_005058,usr_norm_0063,merch_razorpay_033,472.65,INR,2026-08-20T10:17:27+00:00,dev_fingerprint_0281,192.168.99.49,"Pune, IN",pm_tok_synthetic_01046,326,1,0,1,1,0,NONE
tx_legit_002924,usr_norm_0239,merch_razorpay_019,336.0,INR,2026-08-20T10:19:20+00:00,dev_fingerprint_0149,192.168.78.180,"Pune, IN",pm_tok_synthetic_00245,191,2,0,1,1,0,NONE
tx_legit_000868,usr_norm_0841,merch_razorpay_028,431.12,INR,2026-08-20T10:23:20+00:00,dev_fingerprint_1129,10.0.211.38,"Ahmedabad, IN",pm_tok_synthetic_01410,197,1,0,1,1,0,NONE
tx_legit_001678,usr_norm_0126,merch_razorpay_033,1866.33,INR,2026-08-20T10:23:30+00:00,dev_fingerprint_0896,192.168.21.219,"Delhi, IN",pm_tok_synthetic_01682,403,1,0,3,2,0,NONE
tx_legit_001755,usr_norm_1511,merch_razorpay_014,712.14,INR,2026-08-20T10:24:43+00:00,dev_fingerprint_0296,192.168.87.205,"Ahmedabad, IN",pm_tok_synthetic_00210,459,1,0,1,1,0,NONE
tx_legit_004765,usr_norm_1044,merch_razorpay_019,586.05,INR,2026-08-20T10:29:01+00:00,dev_fingerprint_0996,192.168.21.219,"Ahmedabad, IN",pm_tok_synthetic_01214,697,1,0,1,1,0,NONE
tx_legit_000979,usr_norm_1028,merch_razorpay_008,259.48,INR,2026-08-20T10:34:14+00:00,dev_fingerprint_0104,192.168.211.1,"Chennai, IN",pm_tok_synthetic_01233,532,1,0,1,2,0,NONE
tx_legit_001402,usr_norm_0925,merch_razorpay_007,422.15,INR,2026-08-20T10:35:28+00:00,dev_fingerprint_0184,192.168.115.138,"Hyderabad, IN",pm_tok_synthetic_02095,106,1,0,1,2,0,NONE
tx_legit_005837,usr_norm_0214,merch_razorpay_036,798.18,INR,2026-08-20T10:35:32+00:00,dev_fingerprint_1172,192.168.77.130,"Pune, IN",pm_tok_synthetic_01914,852,1,0,2,2,0,NONE
tx_legit_005074,usr_norm_1568,merch_razorpay_036,210.16,INR,2026-08-20T10:37:33+00:00,dev_fingerprint_1830,10.0.16.224,"Mumbai, IN",pm_tok_synthetic_01288,756,1,0,1,1,0,NONE
tx_legit_006506,usr_norm_0686,merch_razorpay_033,789.58,INR,2026-08-20T10:38:17+00:00,dev_fingerprint_0597,192.168.77.239,"Bengaluru, IN",pm_tok_synthetic_01290,850,1,0,3,1,0,NONE
tx_legit_007904,usr_norm_0533,merch_razorpay_017,220.63,INR,2026-08-20T10:38:39+00:00,dev_fingerprint_1443,10.0.248.204,"Bengaluru, IN",pm_tok_synthetic_00842,315,1,0,1,3,0,NONE
tx_legit_001573,usr_norm_1445,merch_razorpay_045,293.61,INR,2026-08-20T10:40:38+00:00,dev_fingerprint_0992,192.168.219.124,"Chennai, IN",pm_tok_synthetic_02445,574,1,0,1,2,0,NONE
tx_legit_007734,usr_norm_0265,merch_razorpay_015,131.82,INR,2026-08-20T10:46:07+00:00,dev_fingerprint_0198,10.0.73.37,"Delhi, IN",pm_tok_synthetic_01528,843,1,0,3,4,0,NONE
tx_legit_005199,usr_norm_1505,merch_razorpay_005,578.58,INR,2026-08-20T10:53:36+00:00,dev_fingerprint_0920,10.0.176.62,"Delhi, IN",pm_tok_synthetic_01486,117,1,0,1,1,0,NONE
tx_legit_000368,usr_norm_0614,merch_razorpay_032,323.77,INR,2026-08-20T10:54:27+00:00,dev_fingerprint_1479,10.0.60.196,"Bengaluru, IN",pm_tok_synthetic_00620,451,1,0,1,1,0,NONE
tx_legit_001077,usr_norm_1631,merch_razorpay_004,229.16,INR,2026-08-20T10:56:42+00:00,dev_fingerprint_1302,192.168.249.40,"Hyderabad, IN",pm_tok_synthetic_00000,805,1,0,2,1,0,NONE
tx_legit_000980,usr_norm_1016,merch_razorpay_028,292.45,INR,2026-08-20T11:07:57+00:00,dev_fingerprint_0110,192.168.51.184,"Bengaluru, IN",pm_tok_synthetic_01029,237,1,0,1,2,0,NONE
tx_legit_007380,usr_norm_0798,merch_razorpay_043,227.85,INR,2026-08-20T11:11:33+00:00,dev_fingerprint_0482,192.168.57.70,"Delhi, IN",pm_tok_synthetic_01224,110,2,0,1,1,0,NONE
tx_legit_002325,usr_norm_1968,merch_razorpay_013,480.02,INR,2026-08-20T11:13:54+00:00,dev_fingerprint_1184,192.168.142.38,"Ahmedabad, IN",pm_tok_synthetic_00057,571,1,0,1,1,0,NONE
tx_legit_008583,usr_norm_1481,merch_razorpay_042,1196.02,INR,2026-08-20T11:26:29+00:00,dev_fingerprint_0845,10.0.15.187,"Chennai, IN",pm_tok_synthetic_00830,805,1,0,1,1,0,NONE
tx_legit_007992,usr_norm_0517,merch_razorpay_005,621.56,INR,2026-08-20T11:38:14+00:00,dev_fingerprint_0706,192.168.87.27,"Pune, IN",pm_tok_synthetic_01977,137,1,0,1,1,0,NONE
tx_legit_008655,usr_norm_0205,merch_razorpay_011,647.4,INR,2026-08-20T11:40:13+00:00,dev_fingerprint_1005,192.168.232.16,"Ahmedabad, IN",pm_tok_synthetic_00502,168,2,0,1,2,0,NONE
tx_legit_001689,usr_norm_0868,merch_razorpay_034,722.38,INR,2026-08-20T11:41:14+00:00,dev_fingerprint_0734,192.168.246.167,"Mumbai, IN",pm_tok_synthetic_01229,895,1,2,2,1,0,NONE
tx_legit_003893,usr_norm_1617,merch_razorpay_013,386.39,INR,2026-08-20T11:42:41+00:00,dev_fingerprint_1209,10.0.134.67,"Chennai, IN",pm_tok_synthetic_00977,665,1,0,1,2,0,NONE
tx_legit_007687,usr_norm_1965,merch_razorpay_017,1377.03,INR,2026-08-20T11:46:13+00:00,dev_fingerprint_0712,10.0.10.222,"Pune, IN",pm_tok_synthetic_00657,542,4,0,1,1,0,NONE
tx_fraud_000097,usr_fraud_ringA_021,merch_razorpay_032,6714.36,INR,2026-08-20T11:48:45+00:00,dev_fraud_ring_A_1,198.51.100.29,"Pune, IN",pm_tok_ringA_003,3,5,1,11,2,1,DEVICE_SHARING_RING
tx_legit_004196,usr_norm_1708,merch_razorpay_039,528.38,INR,2026-08-20T11:50:44+00:00,dev_fingerprint_1075,192.168.41.117,"Hyderabad, IN",pm_tok_synthetic_01826,389,1,0,1,2,0,NONE
tx_legit_002673,usr_norm_1108,merch_razorpay_033,670.26,INR,2026-08-20T12:11:12+00:00,dev_fingerprint_0366,192.168.72.226,"Chennai, IN",pm_tok_synthetic_02317,705,1,0,2,1,0,NONE
tx_legit_002858,usr_norm_1864,merch_razorpay_004,261.19,INR,2026-08-20T12:11:27+00:00,dev_fingerprint_1185,10.0.189.94,"Delhi, IN",pm_tok_synthetic_01336,527,1,0,1,1,0,NONE
tx_fraud_000270,usr_fraud_burstB_019,merch_razorpay_042,4912.17,INR,2026-08-20T12:14:08+00:00,dev_fraud_burstB_022,203.0.113.104,"Ahmedabad, IN",pm_tok_burstB_002,2,8,4,2,13,1,SHARED_IP_BURST
tx_legit_001272,usr_norm_0217,merch_razorpay_027,286.36,INR,2026-08-20T12:14:10+00:00,dev_fingerprint_0841,192.168.71.198,"Ahmedabad, IN",pm_tok_synthetic_01677,873,1,0,1,3,0,NONE
tx_legit_005582,usr_norm_1352,merch_razorpay_041,1444.49,INR,2026-08-20T12:14:58+00:00,dev_fingerprint_0793,192.168.141.26,"Delhi, IN",pm_tok_synthetic_02146,729,2,1,1,1,0,NONE
tx_legit_001711,usr_norm_0980,merch_razorpay_022,1311.22,INR,2026-08-20T12:26:14+00:00,dev_fingerprint_0936,192.168.159.18,"Kolkata, IN",pm_tok_synthetic_00780,763,1,0,2,3,0,NONE
tx_legit_002133,usr_norm_1110,merch_razorpay_007,794.0,INR,2026-08-20T12:30:01+00:00,dev_fingerprint_1766,192.168.219.136,"Bengaluru, IN",pm_tok_synthetic_01997,267,1,0,1,3,0,NONE
tx_legit_006062,usr_norm_0882,merch_razorpay_038,259.98,INR,2026-08-20T12:31:01+00:00,dev_fingerprint_0937,192.168.177.52,"Hyderabad, IN",pm_tok_synthetic_01295,762,1,1,1,1,0,NONE
tx_legit_007638,usr_norm_1455,merch_razorpay_040,450.95,INR,2026-08-20T12:34:25+00:00,dev_fingerprint_0461,10.0.177.6,"Ahmedabad, IN",pm_tok_synthetic_01399,432,1,0,1,2,0,NONE
tx_legit_001891,usr_norm_1599,merch_razorpay_041,1667.63,INR,2026-08-20T12:36:11+00:00,dev_fingerprint_0802,192.168.87.205,"Mumbai, IN",pm_tok_synthetic_02441,636,1,0,2,2,0,NONE
tx_legit_002762,usr_norm_0042,merch_razorpay_037,531.85,INR,2026-08-20T12:36:53+00:00,dev_fingerprint_0235,192.168.63.117,"Hyderabad, IN",pm_tok_synthetic_01141,617,1,0,1,1,0,NONE
tx_legit_002651,usr_norm_1957,merch_razorpay_013,409.09,INR,2026-08-20T12:39:18+00:00,dev_fingerprint_0067,192.168.234.208,"Pune, IN",pm_tok_synthetic_02103,637,1,0,1,1,0,NONE
tx_legit_001856,usr_norm_1856,merch_razorpay_027,603.21,INR,2026-08-20T12:42:33+00:00,dev_fingerprint_0337,192.168.217.14,"Delhi, IN",pm_tok_synthetic_00458,743,1,1,1,1,0,NONE
tx_legit_001137,usr_norm_1144,merch_razorpay_049,1727.17,INR,2026-08-20T12:42:41+00:00,dev_fingerprint_1705,192.168.76.57,"Mumbai, IN",pm_tok_synthetic_00281,265,1,0,1,2,0,NONE
tx_legit_000319,usr_norm_1707,merch_razorpay_032,1045.15,INR,2026-08-20T12:44:01+00:00,dev_fingerprint_0139,192.168.7.144,"Kolkata, IN",pm_tok_synthetic_00542,130,1,0,1,1,0,NONE
tx_legit_008034,usr_norm_0895,merch_razorpay_025,349.04,INR,2026-08-20T12:44:18+00:00,dev_fingerprint_0264,192.168.76.112,"Kolkata, IN",pm_tok_synthetic_01571,545,1,1,1,2,0,NONE
tx_legit_008205,usr_norm_1582,merch_razorpay_047,258.14,INR,2026-08-20T12:44:59+00:00,dev_fingerprint_1591,192.168.76.6,"Mumbai, IN",pm_tok_synthetic_00356,371,1,0,1,1,0,NONE
tx_legit_002239,usr_norm_1727,merch_razorpay_033,244.2,INR,2026-08-20T12:45:23+00:00,dev_fingerprint_1465,192.168.3.171,"Hyderabad, IN",pm_tok_synthetic_00423,65,1,0,2,1,0,NONE
tx_legit_007022,usr_norm_1070,merch_razorpay_042,336.54,INR,2026-08-20T12:49:06+00:00,dev_fingerprint_0252,192.168.59.198,"Delhi, IN",pm_tok_synthetic_00020,616,1,0,1,1,0,NONE
tx_legit_000613,usr_norm_1293,merch_razorpay_048,185.61,INR,2026-08-20T12:53:57+00:00,dev_fingerprint_0765,192.168.221.220,"Kolkata, IN",pm_tok_synthetic_01686,604,1,0,1,2,0,NONE
tx_legit_000200,usr_norm_0807,merch_razorpay_027,423.18,INR,2026-08-20T12:57:05+00:00,dev_fingerprint_0794,192.168.167.70,"Hyderabad, IN",pm_tok_synthetic_01627,595,1,0,1,2,0,NONE
tx_legit_005748,usr_norm_0945,merch_razorpay_009,505.06,INR,2026-08-20T13:02:09+00:00,dev_fingerprint_0999,10.0.89.132,"Mumbai, IN",pm_tok_synthetic_01684,481,1,1,2,4,0,NONE
tx_legit_007662,usr_norm_0825,merch_razorpay_041,267.48,INR,2026-08-20T13:05:15+00:00,dev_fingerprint_0275,192.168.54.175,"Hyderabad, IN",pm_tok_synthetic_01814,822,1,0,1,1,0,NONE
tx_legit_009082,usr_norm_1167,merch_razorpay_041,145.63,INR,2026-08-20T13:06:30+00:00,dev_fingerprint_1253,192.168.217.14,"Bengaluru, IN",pm_tok_synthetic_01627,803,1,0,3,1,0,NONE
tx_legit_004480,usr_norm_0479,merch_razorpay_016,718.29,INR,2026-08-20T13:12:54+00:00,dev_fingerprint_0779,192.168.49.25,"Delhi, IN",pm_tok_synthetic_00568,305,1,0,1,2,0,NONE
tx_legit_002006,usr_norm_1483,merch_razorpay_043,462.01,INR,2026-08-20T13:13:32+00:00,dev_fingerprint_1263,192.168.165.110,"Mumbai, IN",pm_tok_synthetic_01330,498,2,0,1,2,0,NONE
tx_legit_008649,usr_norm_0245,merch_razorpay_048,306.73,INR,2026-08-20T13:16:51+00:00,dev_fingerprint_0653,192.168.81.238,"Mumbai, IN",pm_tok_synthetic_01719,155,1,0,1,1,0,NONE
tx_legit_002404,usr_norm_0387,merch_razorpay_042,500.81,INR,2026-08-20T13:18:47+00:00,dev_fingerprint_1374,192.168.1.78,"Bengaluru, IN",pm_tok_synthetic_02148,356,1,0,1,1,0,NONE
tx_legit_003407,usr_norm_1768,merch_razorpay_022,406.83,INR,2026-08-20T13:24:06+00:00,dev_fingerprint_0129,192.168.154.83,"Bengaluru, IN",pm_tok_synthetic_01121,174,1,0,1,1,0,NONE
tx_legit_001491,usr_norm_0706,merch_razorpay_039,480.43,INR,2026-08-20T13:24:47+00:00,dev_fingerprint_1200,192.168.3.171,"Kolkata, IN",pm_tok_synthetic_00307,52,1,0,1,2,0,NONE
tx_legit_001439,usr_norm_0849,merch_razorpay_019,209.27,INR,2026-08-20T13:29:23+00:00,dev_fingerprint_0017,10.0.192.109,"Chennai, IN",pm_tok_synthetic_01033,652,1,0,1,2,0,NONE
tx_legit_006615,usr_norm_0715,merch_razorpay_048,532.76,INR,2026-08-20T13:39:57+00:00,dev_fingerprint_1257,192.168.71.12,"Bengaluru, IN",pm_tok_synthetic_01001,692,1,0,1,2,0,NONE
tx_legit_007059,usr_norm_1455,merch_razorpay_046,441.75,INR,2026-08-20T13:42:00+00:00,dev_fingerprint_0461,192.168.151.142,"Ahmedabad, IN",pm_tok_synthetic_00542,432,1,0,1,1,0,NONE
tx_legit_000762,usr_norm_0655,merch_razorpay_012,549.36,INR,2026-08-20T13:47:47+00:00,dev_fingerprint_0210,192.168.166.11,"Kolkata, IN",pm_tok_synthetic_02350,720,1,0,1,1,0,NONE
tx_legit_002895,usr_norm_1483,merch_razorpay_010,841.33,INR,2026-08-20T13:48:39+00:00,dev_fingerprint_1540,192.168.165.110,"Bengaluru, IN",pm_tok_synthetic_01330,498,1,0,2,1,0,NONE
tx_legit_008070,usr_norm_1813,merch_razorpay_021,1007.37,INR,2026-08-20T13:56:38+00:00,dev_fingerprint_1132,192.168.206.120,"Hyderabad, IN",pm_tok_synthetic_00940,118,2,0,1,1,0,NONE
tx_legit_000111,usr_norm_1789,merch_razorpay_022,277.54,INR,2026-08-20T13:57:31+00:00,dev_fingerprint_0361,10.0.3.128,"Pune, IN",pm_tok_synthetic_00176,85,2,0,1,1,0,NONE
tx_legit_004587,usr_norm_1103,merch_razorpay_027,1011.09,INR,2026-08-20T13:58:40+00:00,dev_fingerprint_0595,192.168.33.33,"Ahmedabad, IN",pm_tok_synthetic_01903,543,3,0,2,1,0,NONE
tx_fraud_000598,usr_fraud_anomD_117,merch_razorpay_021,36049.36,INR,2026-08-20T14:02:00+00:00,dev_anomD_117,192.0.2.37,Unknown / VPN Node,pm_tok_anomD_117,8,8,6,1,3,1,BEHAVIORAL_ANOMALY
tx_legit_003378,usr_norm_1882,merch_razorpay_001,164.42,INR,2026-08-20T14:02:29+00:00,dev_fingerprint_0319,192.168.189.27,"Pune, IN",pm_tok_synthetic_02237,549,1,0,1,1,0,NONE
tx_legit_001850,usr_norm_1435,merch_razorpay_004,1069.07,INR,2026-08-20T14:04:39+00:00,dev_fingerprint_0989,192.168.179.242,"Bengaluru, IN",pm_tok_synthetic_00578,741,1,0,2,3,0,NONE
tx_fraud_000096,usr_fraud_ringA_020,merch_razorpay_013,15142.82,INR,2026-08-20T14:09:10+00:00,dev_fraud_ring_A_0,198.51.100.52,"Kolkata, IN",pm_tok_ringA_002,8,5,3,10,5,1,DEVICE_SHARING_RING
tx_legit_004977,usr_norm_1808,merch_razorpay_043,588.26,INR,2026-08-20T14:19:10+00:00,dev_fingerprint_1164,192.168.164.177,"Bengaluru, IN",pm_tok_synthetic_01149,169,1,0,1,2,0,NONE
tx_legit_003179,usr_norm_0842,merch_razorpay_008,315.27,INR,2026-08-20T14:20:54+00:00,dev_fingerprint_0529,192.168.80.142,"Hyderabad, IN",pm_tok_synthetic_00370,321,2,0,1,1,0,NONE
tx_fraud_000199,usr_fraud_burstB_008,merch_razorpay_042,5600.22,INR,2026-08-20T14:23:21+00:00,dev_fraud_burstB_027,203.0.113.103,"Pune, IN",pm_tok_burstB_010,17,11,8,1,27,1,SHARED_IP_BURST
tx_legit_003345,usr_norm_1020,merch_razorpay_049,1657.67,INR,2026-08-20T14:23:41+00:00,dev_fingerprint_1484,192.168.56.114,"Kolkata, IN",pm_tok_synthetic_00792,331,1,0,1,1,0,NONE
